671
264,21
263,22
257,22
256,23
247,23
246,24
243,24
242,25
237,25
236,26
234,26
233,27
230,27
229,28
227,28
226,29
223,29
222,30
220,30
219,31
216,31
215,32
213,32
212,33
211,33
210,34
208,34
206,36
204,36
203,37
202,37
201,38
200,38
199,39
198,39
197,40
196,40
194,42
193,42
192,43
191,43
189,45
188,45
187,46
186,46
185,47
184,47
181,50
180,50
178,52
177,52
174,55
173,55
169,59
168,59
149,78
149,79
145,83
145,84
142,87
142,88
139,91
139,92
138,93
138,94
136,96
136,97
135,98
135,99
133,101
133,102
132,103
132,104
130,106
130,107
127,110
127,111
126,112
126,113
125,114
125,115
124,116
124,117
123,118
123,120
122,121
122,123
121,124
121,126
120,127
120,128
119,129
119,132
118,133
118,134
117,135
117,139
116,140
116,142
115,143
115,149
114,150
114,153
113,154
113,163
112,164
112,171
111,172
111,233
112,234
112,235
109,238
108,238
106,240
105,240
97,248
97,249
95,251
95,254
94,255
94,258
93,259
93,281
94,282
94,286
95,287
95,295
96,296
96,298
97,299
97,304
98,305
98,308
99,309
99,314
100,315
100,318
101,319
101,323
102,324
102,327
103,328
103,331
104,332
104,335
105,336
105,338
106,339
106,342
107,343
107,345
108,346
108,347
109,348
109,349
113,353
113,354
117,358
118,358
120,360
121,360
122,361
123,361
124,362
125,362
126,363
129,363
130,364
133,364
134,365
136,365
137,366
139,366
140,367
141,367
142,368
143,368
148,373
149,373
151,375
151,376
154,379
154,380
155,381
155,382
156,383
156,384
158,386
158,387
159,388
159,389
160,390
160,391
161,392
161,393
162,394
162,396
164,398
164,400
165,401
165,402
166,403
166,405
167,406
167,407
168,408
168,411
169,412
169,415
170,416
170,418
171,419
171,423
172,424
172,430
173,431
173,446
172,447
172,452
171,453
171,455
170,456
170,458
169,459
169,461
168,462
168,463
166,465
166,466
165,467
165,468
163,470
163,471
148,486
147,486
144,489
143,489
141,491
140,491
138,493
137,493
136,494
135,494
133,496
132,496
130,498
129,498
128,499
126,499
125,500
124,500
122,502
121,502
120,503
119,503
118,504
117,504
115,506
114,506
113,507
111,507
109,509
108,509
107,510
106,510
104,512
103,512
102,513
101,513
99,515
98,515
97,516
96,516
95,517
94,517
92,519
91,519
90,520
89,520
88,521
87,521
85,523
83,523
82,524
81,524
80,525
79,525
77,527
76,527
75,528
74,528
73,529
72,529
71,530
70,530
69,531
68,531
66,533
65,533
64,534
63,534
61,536
60,536
59,537
57,537
55,539
54,539
53,540
52,540
51,541
50,541
49,542
48,542
46,544
45,544
43,546
41,546
40,547
39,547
38,548
37,548
35,550
34,550
33,551
32,551
29,554
28,554
25,557
25,561
24,562
24,563
23,564
23,569
22,570
22,572
23,573
23,574
568,574
569,573
570,573
570,536
569,535
569,525
568,524
568,508
567,507
567,504
566,503
566,500
565,499
565,498
564,497
564,495
562,493
562,492
559,489
558,489
556,487
555,487
553,485
552,485
550,483
549,483
547,481
546,481
544,479
543,479
541,477
540,477
539,476
538,476
537,475
536,475
535,474
534,474
533,473
532,473
530,471
529,471
528,470
527,470
526,469
525,469
524,468
523,468
522,467
520,467
518,465
516,465
514,463
512,463
511,462
509,462
507,460
505,460
504,459
503,459
502,458
501,458
500,457
498,457
497,456
496,456
495,455
493,455
492,454
491,454
490,453
488,453
487,452
486,452
485,451
483,451
482,450
481,450
480,449
477,449
476,448
473,448
472,447
470,447
469,446
466,446
465,445
463,445
462,444
459,444
458,443
457,443
456,442
453,442
452,441
450,441
449,440
448,440
447,439
445,439
444,438
443,438
442,437
441,437
439,435
438,435
436,433
435,433
433,431
432,431
424,423
424,422
422,420
422,419
420,417
420,416
419,415
419,413
417,411
417,408
416,407
416,405
415,404
415,398
414,397
414,378
415,377
415,371
416,370
416,368
417,367
417,364
418,363
418,361
419,360
419,359
420,358
420,357
421,356
421,355
422,354
422,353
431,344
435,344
436,343
440,343
441,342
443,342
444,341
445,341
446,340
448,340
449,339
450,339
455,334
455,333
456,332
456,331
457,330
457,328
458,327
458,322
459,321
459,316
458,315
458,305
457,304
457,299
458,298
458,288
459,287
459,284
460,283
460,281
461,280
461,278
462,277
462,274
463,273
463,269
464,268
464,265
465,264
465,256
466,255
466,251
465,250
465,243
464,242
464,241
463,240
463,239
462,238
462,237
461,236
461,235
460,234
460,233
458,231
458,230
456,228
456,227
450,221
449,221
447,219
446,219
444,217
444,209
445,208
445,187
444,186
444,176
443,175
443,170
442,169
442,163
441,162
441,159
440,158
440,152
439,151
439,146
438,145
438,142
437,141
437,136
436,135
436,133
435,132
435,128
434,127
434,124
433,123
433,119
432,118
432,117
431,116
431,113
430,112
430,110
429,109
429,107
428,106
428,105
427,104
427,102
426,101
426,100
425,99
425,97
424,96
424,95
423,94
423,93
422,92
422,91
421,90
421,89
419,87
419,86
418,85
418,84
416,82
416,81
413,78
413,77
409,73
409,72
398,61
397,61
393,57
392,57
389,54
388,54
387,53
386,53
385,52
384,52
383,51
382,51
379,48
378,48
377,47
376,47
375,46
373,46
372,45
371,45
370,44
369,44
368,43
367,43
366,42
365,42
364,41
363,41
361,39
359,39
358,38
356,38
355,37
354,37
353,36
351,36
350,35
349,35
348,34
346,34
345,33
343,33
342,32
339,32
338,31
334,31
333,30
331,30
330,29
326,29
325,28
323,28
322,27
317,27
316,26
314,26
313,25
307,25
306,24
302,24
301,23
289,23
288,22
282,22
281,21
264,21
