1125
248,12
246,14
246,15
245,16
245,17
244,18
244,20
243,21
243,23
242,24
242,33
241,34
241,42
240,43
240,45
239,46
239,47
234,52
234,53
229,58
228,58
226,60
224,60
223,61
222,61
221,62
183,62
179,58
179,56
178,55
178,53
177,52
177,50
176,49
176,46
175,45
175,43
174,42
174,40
173,39
173,33
172,32
172,30
169,27
168,27
166,25
162,25
160,27
159,27
157,29
156,29
150,35
150,36
142,44
142,45
141,46
141,48
140,49
140,50
139,51
139,53
138,54
138,71
137,72
137,75
136,76
136,87
135,88
135,90
128,97
127,97
126,98
125,98
124,99
123,99
122,100
121,100
119,102
118,102
115,105
114,105
113,106
113,107
108,112
108,113
105,116
105,117
102,120
102,121
94,129
94,130
91,133
90,133
82,141
81,141
79,143
78,143
74,147
74,148
70,152
70,153
69,154
69,155
68,156
68,157
67,158
67,160
66,161
66,164
65,165
65,169
64,170
64,172
63,173
63,176
62,177
62,183
61,184
61,187
60,188
60,195
59,196
59,230
60,231
60,235
61,236
61,239
62,240
62,241
63,242
63,244
64,245
64,246
66,248
66,249
68,251
68,252
69,253
69,255
70,256
70,257
71,258
71,260
72,261
72,262
73,263
73,265
74,266
74,268
75,269
75,271
76,272
76,274
77,275
77,277
78,278
78,280
79,281
79,283
80,284
80,286
81,287
81,288
82,289
82,292
83,293
83,296
84,297
84,306
83,307
83,308
75,316
75,317
73,319
73,320
72,321
72,322
71,323
71,324
70,325
70,326
68,328
68,329
66,331
66,332
65,333
65,334
64,335
64,336
61,339
61,340
59,342
59,343
50,352
50,353
49,354
49,355
48,356
48,357
47,358
47,361
46,362
46,368
45,369
45,388
44,389
44,423
45,424
45,436
44,437
44,449
43,450
43,455
42,456
42,457
41,458
41,460
39,462
39,463
38,464
38,465
35,468
35,469
32,472
32,473
30,475
30,476
28,478
28,479
24,483
24,484
22,486
22,487
21,488
21,489
20,490
20,492
19,493
19,494
18,495
18,496
16,498
16,499
14,501
14,502
13,503
13,504
12,505
12,506
11,507
11,508
10,509
10,510
9,511
9,512
8,513
8,515
7,516
7,528
8,529
8,532
9,533
9,536
10,537
10,538
12,540
12,541
14,543
15,543
20,548
21,548
23,550
24,550
26,552
27,552
30,555
38,555
40,553
41,553
44,550
44,549
45,548
45,547
46,546
46,545
47,544
47,543
51,539
51,538
54,535
54,534
56,532
56,531
58,529
58,528
60,526
60,525
61,524
61,523
63,521
63,520
64,519
64,518
65,517
65,516
66,515
66,514
67,513
67,512
69,510
69,509
70,508
70,506
71,505
71,503
72,502
72,500
73,499
73,496
74,495
74,492
75,491
75,489
76,488
76,487
78,485
78,483
80,481
80,480
81,479
81,478
82,477
82,476
83,475
83,474
84,473
84,471
85,470
85,468
86,467
86,416
87,415
87,406
88,405
88,400
89,399
89,396
90,395
90,394
94,390
94,389
102,381
103,381
105,379
106,379
110,375
111,375
115,371
116,371
119,368
120,368
121,367
122,367
123,366
124,366
127,363
128,363
131,360
132,360
134,358
135,358
137,356
138,356
140,354
141,354
143,352
145,352
146,351
148,351
149,350
151,350
152,349
158,349
159,348
171,348
172,349
175,349
176,350
177,350
179,352
179,358
180,359
180,370
181,371
181,398
180,399
180,417
179,418
179,419
178,420
178,421
176,423
176,424
175,425
175,426
173,428
173,429
170,432
170,433
169,434
169,435
168,436
168,437
167,438
167,439
166,440
166,443
165,444
165,446
164,447
164,448
163,449
163,450
162,451
162,452
161,453
161,454
158,457
158,458
157,459
157,460
155,462
155,463
154,464
154,465
153,466
153,467
152,468
152,469
150,471
150,472
149,473
149,474
148,475
148,476
147,477
147,478
145,480
145,481
144,482
144,484
143,485
143,487
142,488
142,493
143,494
143,496
144,497
144,498
146,500
147,500
148,501
149,501
150,502
151,502
153,504
154,504
155,505
157,505
159,507
160,507
161,508
165,508
166,509
178,509
179,508
181,508
182,507
183,507
185,505
186,505
192,499
192,497
193,496
193,495
194,494
194,492
195,491
195,490
197,488
197,487
198,486
198,485
199,484
199,483
200,482
200,481
201,480
201,478
202,477
202,476
203,475
203,473
204,472
204,469
205,468
205,465
206,464
206,459
207,458
207,455
208,454
208,452
209,451
209,449
211,447
211,446
212,445
212,443
213,442
213,441
214,440
214,439
215,438
215,437
216,436
216,435
217,434
217,433
218,432
218,431
219,430
219,429
220,428
220,426
221,425
221,424
222,423
222,422
224,420
224,419
225,418
225,417
226,416
226,414
227,413
227,411
228,410
228,408
229,407
229,405
230,404
230,398
231,397
231,381
232,380
232,376
233,375
233,372
234,371
234,369
236,367
236,366
237,365
237,364
238,363
238,362
239,361
239,360
240,359
240,357
241,356
241,355
242,354
242,352
243,351
243,344
244,343
244,340
245,339
245,337
246,336
246,332
247,331
247,329
248,328
248,326
249,325
249,324
250,323
250,322
251,321
251,319
252,318
252,317
253,316
253,315
254,314
254,312
256,310
256,308
257,307
257,304
258,303
258,302
259,301
259,300
261,298
261,297
262,296
262,295
263,294
263,293
265,291
265,290
267,288
267,287
268,286
268,285
270,283
270,281
271,280
271,279
272,278
272,277
273,276
273,274
274,273
274,272
275,271
275,269
276,268
276,266
277,265
277,249
276,248
276,241
277,240
277,238
282,233
283,233
284,232
285,232
286,231
287,231
288,230
289,230
290,229
292,229
293,228
295,228
296,227
299,227
300,226
306,226
307,227
309,227
311,229
312,229
314,231
315,231
316,232
317,232
318,233
320,233
321,234
322,234
323,235
324,235
325,236
327,236
328,237
330,237
331,238
333,238
334,239
336,239
337,240
349,240
350,241
372,241
373,240
386,240
387,241
388,241
390,243
390,247
391,248
391,253
392,254
392,258
393,259
393,261
394,262
394,265
395,266
395,269
396,270
396,271
397,272
397,273
398,274
398,275
399,276
399,277
400,278
400,280
401,281
401,282
402,283
402,284
403,285
403,287
404,288
404,289
405,290
405,292
406,293
406,294
407,295
407,296
411,300
412,300
413,301
415,301
416,302
419,302
420,301
421,301
425,297
426,297
428,295
429,295
435,289
436,289
440,285
441,285
441,284
443,282
443,276
442,275
442,274
441,273
441,272
438,269
438,268
435,265
435,264
434,263
434,262
431,259
431,258
430,257
430,255
429,254
429,252
428,251
428,249
427,248
428,247
428,246
430,244
431,244
432,243
433,243
434,244
436,244
437,245
439,245
440,246
443,246
444,247
445,247
446,248
447,248
448,249
449,249
456,256
456,257
457,258
457,259
459,261
459,262
460,263
460,264
461,265
461,267
462,268
462,270
463,271
463,272
464,273
464,275
465,276
465,279
466,280
466,281
467,282
467,284
468,285
468,286
469,287
469,288
470,289
470,291
471,292
471,294
472,295
472,296
473,297
473,298
474,299
474,300
475,301
475,302
477,304
477,305
483,311
484,311
488,315
489,315
490,316
491,316
492,317
493,317
494,318
495,318
498,321
504,321
505,320
506,320
508,318
510,318
518,310
519,310
519,309
521,307
521,299
519,297
519,295
518,294
518,293
516,291
516,289
515,288
515,287
514,286
514,285
513,284
513,282
512,281
512,280
511,279
511,278
510,277
510,276
502,268
502,267
499,264
499,263
498,262
498,261
496,259
496,258
495,257
495,256
494,255
494,254
493,253
493,252
491,250
491,249
490,248
490,247
488,245
488,244
487,243
487,242
486,241
486,240
485,239
485,237
483,235
483,234
482,233
482,232
480,230
480,229
479,228
479,226
477,224
477,222
476,221
476,219
474,217
474,216
471,213
471,212
468,209
467,209
465,207
464,207
458,201
457,201
456,200
454,200
453,199
446,199
445,198
426,198
425,197
421,197
419,195
418,195
408,185
408,184
407,183
407,182
406,181
406,180
405,179
405,176
404,175
404,171
403,170
403,165
402,164
402,155
403,154
403,143
402,142
402,137
401,136
401,133
400,132
400,129
399,128
399,122
400,121
400,120
409,111
410,111
412,109
413,109
422,100
425,100
426,99
429,99
430,98
452,98
453,97
466,97
467,98
472,98
473,99
476,99
477,100
479,100
480,101
482,101
483,102
484,102
485,103
487,103
489,105
490,105
491,106
493,106
506,119
506,120
507,121
507,122
510,125
511,125
512,126
517,126
518,125
519,125
521,123
522,123
523,122
523,121
524,120
524,113
525,112
525,94
526,93
526,84
525,83
525,81
524,80
524,78
522,76
522,75
521,75
519,73
518,73
517,72
516,72
515,71
514,71
512,69
511,69
510,68
509,68
508,67
507,67
506,66
505,66
502,63
501,63
495,57
494,57
491,54
490,54
485,49
483,49
482,48
481,48
480,47
479,47
478,46
475,46
474,45
471,45
470,44
467,44
466,43
446,43
445,44
435,44
434,45
427,45
426,46
419,46
418,47
415,47
414,48
410,48
409,49
406,49
405,50
404,50
403,51
401,51
400,52
398,52
397,53
396,53
395,54
394,54
393,55
392,55
390,57
389,57
388,58
387,58
386,59
385,59
384,60
383,60
382,61
381,61
380,62
379,62
378,63
377,63
375,65
374,65
373,66
372,66
371,67
370,67
368,69
367,69
366,70
365,70
364,71
363,71
362,72
350,72
349,71
346,71
345,70
344,70
343,69
341,69
340,68
338,68
337,67
334,67
333,66
328,66
327,65
319,65
318,64
315,64
314,63
311,63
310,62
306,62
305,61
302,61
301,60
297,60
296,59
290,59
289,58
271,58
268,55
268,34
267,33
267,31
266,30
266,29
265,28
265,27
264,26
264,25
263,24
263,23
253,13
252,13
251,12
248,12
