874
424,7
423,8
421,8
420,9
419,9
418,10
417,10
413,14
413,15
412,16
412,17
410,19
410,20
409,21
409,22
408,23
408,24
406,26
406,27
405,28
405,29
404,30
404,31
402,33
402,34
401,35
401,37
400,38
400,40
399,41
399,42
398,43
398,44
397,45
397,46
395,48
395,49
394,50
394,51
393,52
393,53
392,54
392,56
391,57
391,58
389,60
389,61
388,62
388,64
386,66
386,67
385,68
385,69
384,70
384,71
383,72
383,73
382,74
382,75
381,76
381,77
380,78
380,79
377,82
377,84
376,85
376,87
375,88
375,89
374,90
374,92
373,93
373,96
372,97
372,102
371,103
371,104
370,105
370,106
369,107
369,108
368,109
368,111
366,113
366,114
365,115
365,116
364,117
364,118
362,120
362,121
361,122
361,123
352,132
352,133
349,136
349,137
348,138
348,139
345,142
345,143
344,144
344,145
343,146
343,147
340,150
340,151
333,158
333,159
329,163
329,164
328,165
328,166
324,170
324,171
323,172
323,173
322,174
322,175
321,176
321,177
320,178
320,179
319,180
319,182
318,183
318,184
317,185
317,186
316,187
316,189
315,190
315,195
314,196
314,197
313,198
313,199
312,200
312,202
311,203
311,204
309,206
305,206
304,207
300,207
299,208
296,208
295,209
292,209
291,210
284,210
283,211
281,211
280,212
279,212
277,214
276,214
275,215
273,215
272,216
271,216
269,218
268,218
267,219
265,219
264,220
263,220
261,222
258,222
257,223
255,223
253,225
252,225
251,226
247,226
246,227
244,227
243,228
242,228
241,229
240,229
239,230
237,230
236,231
234,231
233,232
232,232
231,233
230,233
229,234
227,234
226,235
224,235
223,236
222,236
220,238
218,238
217,239
215,239
214,240
213,240
211,242
209,242
208,243
202,243
199,240
199,239
198,238
198,196
197,195
197,194
196,194
193,191
191,191
190,190
189,191
187,191
178,200
178,201
172,207
171,207
167,211
166,211
162,215
161,215
156,220
155,220
152,223
151,223
150,224
149,224
147,226
145,226
144,227
141,227
140,228
139,228
138,229
136,229
135,230
122,230
121,229
112,229
111,228
108,228
107,227
104,227
103,226
100,226
99,225
98,225
96,223
95,223
93,221
92,221
89,218
89,217
86,214
85,214
81,210
81,209
75,203
74,203
72,201
71,201
67,197
66,197
64,195
61,195
60,196
59,196
56,199
56,200
54,202
54,203
53,204
53,206
52,207
52,236
53,237
53,241
54,242
54,245
55,246
55,249
56,250
56,271
57,272
57,283
58,284
58,287
59,288
59,290
60,291
60,295
61,296
61,298
62,299
62,300
63,301
63,303
64,304
64,306
65,307
65,308
66,309
66,310
67,311
67,312
68,313
68,315
69,316
69,318
70,319
70,320
71,321
71,322
72,323
72,324
73,325
73,326
74,327
74,328
76,330
76,331
78,333
78,334
80,336
80,338
81,339
81,340
83,342
83,343
84,344
84,346
85,347
85,349
86,350
86,351
87,352
87,354
88,355
88,359
89,360
89,363
90,364
90,365
91,366
91,367
92,368
92,371
93,372
93,374
94,375
94,376
95,377
95,378
96,379
96,381
97,382
97,384
98,385
98,386
100,388
100,390
101,391
101,392
102,393
102,394
104,396
104,397
106,399
106,400
112,406
112,407
117,412
117,413
118,413
134,429
134,430
138,434
138,435
141,438
141,440
142,441
142,443
143,444
143,445
144,446
144,447
145,448
145,451
146,452
146,454
147,455
147,456
148,457
148,458
149,459
149,465
150,466
150,468
151,469
151,470
152,471
152,472
153,473
153,476
154,477
154,479
155,480
155,481
157,483
157,488
158,489
158,492
159,493
159,495
160,496
160,501
159,502
159,504
158,505
158,507
157,508
157,509
156,510
156,511
155,512
155,513
154,514
154,515
153,516
153,517
152,518
152,520
151,521
151,524
150,525
150,526
151,527
151,530
152,531
152,533
153,534
153,539
154,540
154,543
155,544
155,546
156,547
156,549
157,550
157,556
158,557
158,560
159,561
159,562
160,563
160,564
162,566
162,567
166,571
167,571
169,573
170,573
171,574
173,574
174,575
191,575
192,574
194,574
196,572
197,572
198,571
200,571
202,569
203,569
205,567
206,567
206,566
207,565
207,564
209,562
209,560
210,559
210,556
211,555
211,552
212,551
212,550
213,549
213,543
214,542
214,534
215,533
215,531
217,529
217,528
218,527
218,523
219,522
219,520
220,519
220,518
221,517
221,516
222,515
222,513
223,512
223,509
225,507
225,505
226,504
226,502
227,501
227,498
228,497
228,496
229,495
229,493
230,492
230,485
231,484
231,481
232,480
232,478
233,477
233,474
234,473
234,463
235,462
235,457
236,456
236,453
237,452
237,442
238,441
238,436
239,435
239,433
242,430
245,430
247,432
248,432
249,433
251,433
254,436
255,436
256,437
258,437
259,438
262,438
263,439
264,439
265,440
271,440
272,439
274,439
275,438
278,438
279,437
282,437
283,436
284,436
288,432
288,431
290,429
290,428
291,427
291,425
292,424
292,423
293,422
293,421
294,420
294,419
295,418
295,409
296,408
296,405
297,404
297,402
298,401
298,400
299,399
299,397
301,395
301,394
305,390
306,390
308,392
308,393
312,397
312,398
314,400
314,401
315,402
315,403
316,404
316,405
317,406
317,407
318,408
318,409
319,410
319,412
320,413
320,414
321,415
321,416
322,417
322,418
323,419
323,420
324,421
324,422
325,423
325,424
326,425
326,426
328,428
328,429
329,430
329,431
330,432
330,433
331,434
331,436
332,437
332,440
333,441
333,457
332,458
332,467
331,468
331,481
329,483
329,484
327,486
327,487
324,490
324,491
320,495
320,496
319,497
319,500
318,501
318,502
319,503
319,506
320,507
320,509
321,510
321,511
326,516
327,516
328,517
329,517
330,518
361,518
362,517
363,517
366,514
366,513
367,512
367,511
368,510
368,465
369,464
369,457
370,456
370,452
371,451
371,448
372,447
372,440
373,439
373,436
374,435
374,433
375,432
375,428
376,427
376,416
375,415
375,412
374,411
374,409
373,408
373,405
372,404
372,402
370,400
370,399
369,398
369,397
368,396
368,393
367,392
367,388
366,387
366,382
365,381
365,370
364,369
364,354
363,353
363,347
362,346
362,334
363,333
363,330
364,329
364,325
365,324
365,321
366,320
366,319
367,318
367,317
368,316
368,312
369,311
369,308
370,307
370,304
371,303
371,298
372,297
372,277
371,276
371,269
370,268
370,265
369,264
369,257
368,256
368,254
367,253
367,252
365,250
365,249
364,248
364,247
363,246
363,245
361,243
361,242
360,241
360,240
359,239
359,238
356,235
356,234
355,233
355,231
354,230
355,229
355,228
361,222
362,222
366,218
367,218
370,215
371,215
375,211
376,211
379,208
380,208
382,206
382,205
384,203
384,202
385,201
385,200
388,197
388,196
391,193
391,192
393,190
393,189
395,187
395,186
399,182
399,181
402,178
402,177
404,175
404,174
406,172
406,171
407,170
407,169
408,168
408,167
410,165
410,164
411,163
411,162
412,161
412,159
413,158
413,157
414,156
414,155
416,153
416,151
417,150
417,149
418,148
418,147
419,146
419,144
420,143
420,142
421,141
421,139
422,138
422,137
423,136
423,134
424,133
424,131
425,130
425,128
426,127
426,125
427,124
427,122
428,121
428,119
429,118
429,115
430,114
430,112
431,111
431,109
432,108
432,105
433,104
433,100
434,99
434,95
435,94
435,91
436,90
436,84
437,83
437,75
438,74
438,67
439,66
439,60
440,59
440,28
439,27
439,25
438,24
438,21
437,20
437,18
436,17
436,15
433,12
433,11
432,10
431,10
430,9
429,9
428,8
426,8
425,7
424,7
