1438
237,28
236,29
235,29
234,30
234,31
231,34
231,35
230,36
230,37
228,39
228,40
210,58
209,58
208,59
207,59
206,60
205,60
204,61
203,61
202,62
200,62
199,63
198,63
197,64
196,64
195,65
194,65
193,66
191,66
190,67
184,67
183,68
172,68
166,74
166,75
165,76
165,78
164,79
164,81
163,82
163,84
162,85
162,105
163,106
163,108
164,109
164,111
165,112
165,113
166,114
166,115
167,116
167,117
169,119
169,120
170,121
171,121
172,122
174,122
175,123
179,123
180,122
182,122
183,121
186,121
187,120
194,120
195,119
208,119
209,120
210,120
212,122
212,123
213,124
213,127
210,130
208,130
207,131
204,131
203,132
201,132
200,133
198,133
197,134
195,134
194,135
193,135
192,136
191,136
190,137
188,137
187,138
185,138
184,139
182,139
181,140
180,140
179,141
177,141
176,142
174,142
173,143
171,143
170,144
169,144
168,145
166,145
165,146
163,146
162,147
154,147
153,148
152,147
151,147
150,146
149,146
145,142
145,141
136,132
136,131
134,129
134,128
133,127
133,126
132,125
132,124
131,123
131,122
129,120
129,119
128,118
128,117
126,115
126,113
125,112
125,107
124,106
124,103
123,102
123,100
122,99
121,99
118,96
116,96
115,95
114,95
113,94
111,94
110,93
108,93
107,92
103,92
102,93
101,93
100,94
99,94
97,96
96,96
95,97
94,97
92,99
91,99
90,100
89,100
88,101
87,101
85,103
84,103
83,104
82,104
81,105
80,105
78,107
77,107
76,108
75,108
73,110
72,110
71,111
70,111
68,113
67,113
66,114
65,114
64,115
63,115
62,116
61,116
59,118
58,118
57,119
56,119
54,121
53,121
51,123
50,123
47,126
46,126
42,130
42,131
41,132
41,134
40,135
40,136
39,137
39,140
38,141
38,145
37,146
37,149
36,150
36,155
35,156
35,169
36,170
36,183
37,184
37,185
38,186
38,187
39,188
44,188
45,187
48,187
50,185
51,185
54,182
55,182
55,181
58,178
58,177
60,175
60,174
62,172
62,171
63,170
63,168
64,167
64,159
65,158
65,149
66,148
66,145
69,142
70,142
72,140
73,140
75,138
76,138
78,136
79,136
80,135
81,135
86,130
86,129
89,126
90,126
92,124
93,124
95,126
95,127
96,128
96,129
98,131
98,132
99,133
99,134
100,135
100,136
101,137
101,140
102,141
102,142
103,143
103,159
102,160
102,170
103,171
103,172
105,174
105,175
107,177
107,178
108,179
108,180
110,182
110,183
111,184
111,185
112,186
112,188
109,191
109,193
108,194
108,196
107,197
107,198
106,199
106,201
105,202
105,203
104,204
103,204
102,205
101,205
100,206
97,206
96,207
92,207
91,208
89,208
87,210
87,211
77,221
77,222
62,237
62,238
49,251
48,251
46,253
45,253
43,255
42,255
38,259
38,262
37,263
37,267
36,268
36,273
35,274
35,284
34,285
34,286
30,290
30,294
29,295
29,297
31,299
31,300
32,301
32,302
34,304
34,305
35,306
35,307
37,309
37,310
39,312
39,313
40,314
40,315
42,317
42,318
43,318
44,319
45,319
46,320
48,320
49,321
50,320
51,320
53,318
53,317
54,316
54,315
55,314
55,313
57,311
57,310
58,309
58,308
59,307
59,306
60,305
60,304
61,303
61,283
62,282
62,279
63,278
63,277
65,275
65,274
67,272
67,271
70,268
70,267
72,265
72,264
75,261
75,260
81,254
81,253
86,248
87,248
88,247
89,247
90,246
92,246
93,245
96,245
97,244
104,244
105,245
111,245
112,246
113,246
114,247
115,247
119,251
119,253
120,254
120,255
121,256
121,257
122,258
122,260
123,261
123,262
124,263
124,265
125,266
125,268
126,269
126,271
127,272
127,274
128,275
128,277
129,278
129,279
130,280
130,281
131,282
131,283
133,285
133,287
134,288
134,289
137,292
137,293
138,294
138,295
141,298
141,299
144,302
144,303
147,306
147,307
155,315
155,316
160,321
160,322
163,325
163,326
162,327
161,327
160,328
159,328
158,329
152,329
151,328
149,328
147,326
146,326
145,325
144,325
142,323
141,323
139,321
138,321
137,320
135,320
134,319
129,319
128,320
126,320
123,323
123,324
113,334
113,336
112,337
112,338
111,339
111,340
110,341
110,342
109,343
109,344
108,345
108,346
107,347
107,349
106,350
106,351
105,352
105,354
104,355
104,358
103,359
103,363
102,364
102,374
103,375
103,381
104,382
104,385
105,386
105,387
106,388
106,390
107,391
107,392
108,393
108,394
109,395
109,397
110,398
110,400
111,401
111,403
112,404
112,406
113,407
113,409
116,412
116,413
119,416
119,417
121,419
121,420
122,421
121,422
121,424
119,426
115,426
114,425
111,425
110,424
107,424
106,423
99,423
98,422
87,422
86,421
76,421
75,420
68,420
67,419
66,419
65,420
62,420
60,422
59,422
58,423
57,423
53,427
52,427
49,430
48,430
46,432
45,432
44,433
43,433
42,434
42,436
41,437
41,442
40,443
40,448
39,449
39,455
38,456
38,463
40,465
44,465
45,464
53,464
54,463
56,463
57,462
59,462
60,461
62,461
63,460
66,460
67,459
69,459
70,458
72,458
73,457
77,457
78,458
79,458
80,459
82,459
83,460
99,460
100,459
101,459
102,458
103,458
104,457
106,457
107,456
108,456
109,455
110,455
111,454
113,454
114,453
117,453
118,452
121,452
122,451
142,451
143,450
150,450
151,449
158,449
159,448
161,448
162,449
167,449
168,450
173,450
174,451
177,451
178,450
180,450
182,448
182,446
183,445
183,443
184,442
184,440
185,439
185,433
184,432
184,431
183,430
175,430
166,421
166,412
167,411
167,409
168,408
168,406
177,397
178,397
183,392
184,392
188,388
189,388
190,387
197,387
199,389
199,390
200,391
200,396
201,397
201,409
202,410
202,412
203,413
203,415
204,416
204,419
205,420
205,423
206,424
206,427
207,428
207,430
209,432
209,434
210,435
210,436
218,444
219,444
222,447
227,447
228,446
232,446
233,445
255,445
256,446
259,446
260,447
262,447
274,459
274,460
275,461
275,463
276,464
276,466
277,467
277,468
278,469
278,476
279,477
279,486
278,487
278,490
277,491
277,495
276,496
276,499
275,500
275,502
274,503
274,505
273,506
273,509
272,510
272,512
271,513
271,515
270,516
270,518
269,519
269,521
268,522
268,525
267,526
267,528
266,529
266,532
265,533
265,536
264,537
264,541
263,542
263,544
261,546
261,547
259,549
259,550
257,552
257,553
255,555
255,557
254,558
254,561
253,562
253,565
252,566
252,576
253,577
254,577
255,578
256,578
257,579
259,579
260,580
263,580
264,579
270,579
271,578
274,578
275,577
276,577
277,576
278,576
279,575
280,575
282,573
283,573
286,570
287,570
292,565
292,564
293,563
293,562
294,561
294,560
295,559
295,558
296,557
296,556
297,555
297,554
299,552
299,551
300,550
300,549
302,547
302,546
303,545
303,541
304,540
304,529
305,528
305,503
306,502
306,494
307,493
307,489
308,488
308,487
309,486
309,483
310,482
310,479
311,478
311,476
312,475
312,473
313,472
313,470
314,469
314,467
315,466
315,465
316,464
316,463
317,462
317,461
318,460
318,459
319,458
319,457
320,456
320,455
321,454
321,452
322,451
322,450
323,449
323,447
324,446
324,444
325,443
325,439
324,438
324,436
323,436
321,434
321,433
319,431
318,431
317,430
297,430
295,428
295,427
294,426
294,425
293,424
293,423
292,422
292,421
291,420
291,419
290,418
290,411
291,410
291,406
292,405
292,384
291,383
291,382
292,381
291,380
291,377
294,374
296,374
297,373
306,373
307,372
309,372
310,371
311,371
312,370
314,370
315,369
316,369
321,364
321,363
322,362
322,360
323,359
323,357
324,356
324,355
325,354
325,352
326,351
326,293
327,292
327,290
328,289
328,286
329,285
329,282
330,281
330,279
331,278
331,277
333,275
333,274
335,272
335,271
337,269
337,268
342,263
343,263
346,260
347,260
348,259
353,259
354,260
355,260
356,261
357,261
358,262
359,262
360,263
361,263
364,266
365,266
369,270
370,270
377,277
377,278
379,280
379,281
382,284
382,286
383,287
383,289
384,290
384,292
385,293
385,295
386,296
386,298
387,299
387,301
388,302
388,306
389,307
389,318
390,319
390,325
389,326
389,329
388,330
388,333
387,334
387,336
386,337
386,340
385,341
385,344
384,345
384,347
383,348
383,351
382,352
382,354
381,355
381,359
380,360
380,362
379,363
379,367
378,368
378,370
377,371
377,375
376,376
376,379
375,380
375,383
374,384
374,389
373,390
373,396
372,397
372,402
371,403
371,422
372,423
372,428
373,429
373,431
374,432
374,435
375,436
375,437
376,438
380,438
381,437
382,437
382,436
384,434
384,427
383,426
383,419
384,418
384,415
385,414
385,411
386,410
386,409
389,406
389,405
393,401
393,400
394,399
394,398
396,396
396,395
397,394
397,393
399,391
399,390
400,389
400,388
403,385
403,384
425,362
425,361
428,358
428,357
432,353
432,352
434,350
434,349
435,348
435,346
436,345
436,343
437,342
437,341
438,340
438,339
439,338
439,335
440,334
440,333
441,332
441,331
442,330
442,328
443,327
443,326
444,325
444,323
445,322
445,321
446,320
446,315
447,314
447,307
448,306
448,293
449,292
449,282
448,281
448,278
447,277
447,275
446,274
446,272
445,271
445,268
444,267
444,265
443,264
443,262
442,261
442,258
441,257
441,255
440,254
440,251
439,250
439,248
438,247
438,244
437,243
437,239
436,238
436,234
435,233
435,232
434,231
434,229
433,228
433,227
431,225
431,224
429,222
429,221
425,217
425,216
416,207
415,207
414,206
413,206
412,205
411,205
410,204
409,204
408,203
407,203
405,201
402,201
401,200
399,200
398,199
396,199
395,198
393,198
392,197
390,197
389,196
382,196
381,195
370,195
369,196
358,196
357,197
350,197
349,198
345,198
344,199
343,199
342,200
341,200
339,202
338,202
337,203
336,203
335,204
334,204
333,205
332,205
331,206
329,206
327,208
325,208
324,209
323,209
322,210
320,210
319,211
318,211
304,225
304,226
302,228
302,229
300,231
300,232
298,234
298,235
296,237
296,238
294,240
294,241
293,242
293,244
292,245
292,247
291,248
291,249
290,250
290,252
288,254
288,263
287,264
287,275
288,276
288,281
289,282
289,285
290,286
290,289
291,290
291,293
292,294
292,295
293,296
293,298
294,299
294,301
295,302
295,304
296,305
296,307
297,308
297,310
298,311
298,313
299,314
299,317
300,318
300,321
301,322
301,324
302,325
302,328
303,329
303,333
304,334
304,344
303,345
303,350
302,351
302,352
300,354
299,354
298,355
297,355
296,354
296,353
293,350
292,350
289,347
289,346
288,345
288,344
287,343
287,342
286,341
286,340
284,338
284,337
283,336
283,335
282,334
282,333
280,331
280,330
279,329
279,327
277,325
277,323
275,321
275,319
274,318
274,317
273,316
273,315
272,314
272,313
271,312
271,311
270,310
270,308
269,307
269,306
268,305
268,304
267,303
267,302
266,301
266,300
265,299
265,298
264,297
264,296
263,295
263,294
262,293
262,292
261,291
261,290
260,289
260,288
258,286
258,285
256,283
256,282
255,281
255,280
254,279
254,278
253,277
253,276
252,275
252,274
251,273
251,269
250,268
250,265
249,264
249,261
248,260
248,257
249,256
249,250
250,249
250,247
253,244
254,244
257,241
258,241
262,237
263,237
271,229
272,229
274,227
276,227
277,226
282,226
283,227
285,227
291,221
292,221
294,219
295,219
297,217
298,217
301,214
301,213
302,212
302,211
303,210
303,209
304,208
305,208
308,205
309,205
312,202
313,202
313,201
317,197
317,196
319,194
319,193
320,192
320,191
321,190
321,189
322,188
322,187
323,186
323,185
324,184
324,183
325,182
325,181
326,180
326,179
327,178
327,177
328,176
328,175
329,174
329,173
331,171
331,170
332,169
332,168
333,167
333,166
334,165
334,164
335,163
335,162
336,161
336,160
337,159
337,158
338,157
338,155
339,154
339,137
338,136
338,134
337,133
337,130
334,127
334,120
333,119
333,116
332,115
332,111
331,110
331,107
330,106
330,103
329,102
329,100
328,99
328,98
327,97
327,96
326,95
326,94
325,93
325,92
324,91
324,90
323,89
323,88
322,87
322,86
316,80
315,80
308,73
308,72
305,69
305,68
303,66
303,65
294,56
293,56
287,50
285,50
284,49
283,49
282,48
281,48
279,46
279,45
278,44
278,43
276,41
276,40
275,39
275,38
273,36
273,35
269,31
265,31
259,37
256,37
251,32
251,31
250,30
248,30
247,29
245,29
244,28
237,28
