1036
323,18
322,19
320,19
319,20
318,20
316,22
307,22
306,23
300,23
299,24
293,24
292,25
287,25
286,26
282,26
281,27
278,27
277,28
274,28
273,29
270,29
269,30
266,30
265,31
263,31
262,32
260,32
259,33
258,33
257,34
255,34
254,35
253,35
252,36
251,36
250,37
249,37
248,38
247,38
246,39
245,39
244,40
243,40
242,41
241,41
240,42
239,42
238,43
237,43
236,44
235,44
234,45
233,45
231,47
230,47
229,48
228,48
226,50
225,50
224,51
223,51
221,53
220,53
218,55
217,55
212,60
211,60
208,63
207,63
204,66
203,66
200,69
199,69
196,72
195,72
189,78
188,78
187,79
187,80
174,93
174,94
170,98
170,99
166,103
166,104
162,108
162,109
160,111
160,112
157,115
157,116
154,119
153,119
152,120
151,120
150,121
148,121
147,122
144,122
143,123
141,123
140,124
137,124
136,125
132,125
131,126
127,126
126,127
122,127
121,128
117,128
116,129
112,129
111,130
108,130
107,131
106,131
105,132
104,132
102,134
102,136
101,137
101,138
102,139
102,141
105,144
106,144
107,145
108,145
109,146
110,146
111,147
113,147
114,148
116,148
117,149
119,149
120,150
122,150
123,151
125,151
126,152
128,152
129,153
131,153
132,154
134,154
135,155
137,155
138,156
141,156
142,157
146,157
147,158
150,158
154,162
154,167
153,168
153,170
152,171
152,173
151,174
151,176
150,177
150,180
149,181
149,187
150,188
150,191
151,192
151,201
147,205
146,205
145,206
144,206
140,210
140,211
139,212
139,213
138,214
138,215
137,216
137,218
136,219
136,222
135,223
135,227
134,228
134,235
133,236
133,238
132,239
132,240
131,241
131,242
129,244
129,245
128,246
128,248
127,249
127,253
128,254
128,256
130,258
133,258
134,259
137,259
138,258
140,258
141,257
145,257
149,261
149,267
148,268
148,269
146,271
146,272
145,273
145,278
146,279
146,280
149,283
147,285
143,285
142,286
140,286
139,287
138,287
137,288
136,288
135,289
134,289
133,290
132,290
128,294
128,295
125,298
125,299
124,300
124,301
123,302
123,303
122,304
122,305
120,307
120,308
119,309
119,310
118,311
118,312
117,313
117,314
116,315
116,316
115,317
115,318
114,319
114,320
113,321
113,323
112,324
112,325
111,326
111,328
110,329
110,330
109,331
109,332
108,333
108,335
107,336
107,337
105,339
105,340
103,342
103,343
96,350
95,350
94,351
87,351
86,350
85,350
82,347
82,345
81,344
81,338
80,337
80,333
78,331
76,331
75,330
73,330
72,331
47,331
46,332
38,332
37,333
35,333
35,335
34,336
34,350
35,351
35,354
36,355
36,358
37,359
37,361
38,362
38,364
39,365
39,367
40,368
40,369
42,371
42,372
45,375
45,376
46,377
47,377
50,380
51,380
53,382
54,382
55,383
57,383
58,384
59,384
60,385
62,385
63,386
67,386
68,387
75,387
76,386
81,386
82,385
84,385
85,384
86,384
87,383
89,383
90,382
91,382
92,381
93,381
105,369
105,368
109,364
109,363
111,361
111,360
112,359
112,358
113,357
113,356
114,355
114,354
115,353
115,352
117,350
117,349
118,348
118,347
119,346
119,345
120,344
120,342
121,341
121,339
122,338
122,337
123,336
123,334
124,333
124,332
125,331
125,329
126,328
126,327
127,326
127,325
128,324
128,323
129,322
129,320
130,319
130,318
131,317
131,316
132,315
132,314
133,313
133,312
134,311
134,310
135,309
135,308
136,307
136,306
137,305
137,304
138,303
138,302
140,300
140,299
145,294
148,294
149,293
151,293
154,296
154,297
155,298
155,299
156,300
156,301
157,301
158,302
159,302
160,303
162,303
167,308
167,309
168,310
168,311
169,312
169,317
168,318
168,321
167,322
167,325
168,326
168,328
169,329
169,330
171,332
172,332
174,334
175,334
176,335
190,335
191,334
195,334
196,333
199,333
200,332
203,332
204,331
207,331
208,330
213,330
214,329
215,329
216,330
218,330
225,337
225,338
226,339
226,340
227,341
227,343
228,344
228,345
229,346
229,353
224,358
223,358
222,359
221,359
220,360
218,360
217,361
216,361
214,363
213,363
212,364
211,364
210,365
209,365
208,366
207,366
206,367
205,367
204,368
203,368
202,369
201,369
199,371
198,371
197,372
196,372
194,374
193,374
190,377
189,377
187,379
186,379
183,382
182,382
173,391
173,392
170,395
170,396
168,398
168,399
167,400
167,401
166,402
166,403
165,404
165,405
163,407
163,408
162,409
162,410
161,411
161,412
160,413
160,414
159,415
159,416
158,417
158,418
157,419
157,420
156,421
156,422
155,423
155,425
154,426
154,427
153,428
153,429
152,430
152,431
151,432
151,433
150,434
150,435
149,436
149,438
148,439
148,440
147,441
147,442
146,443
146,445
145,446
145,447
144,448
144,449
143,450
143,451
142,452
142,454
141,455
141,457
140,458
140,460
139,461
139,462
138,463
138,464
137,465
137,467
136,468
136,469
135,470
135,472
134,473
134,475
133,476
133,478
132,479
132,482
131,483
131,485
130,486
130,489
129,490
129,492
128,493
128,495
127,496
127,498
126,499
126,501
125,502
125,504
124,505
124,507
123,508
123,509
122,510
122,512
121,513
121,515
120,516
120,518
119,519
119,520
118,521
118,522
117,523
117,524
116,525
116,526
115,527
115,528
111,532
111,533
110,534
110,535
109,536
109,538
108,539
109,540
109,542
110,542
111,543
112,543
113,544
114,544
115,545
116,545
117,546
118,546
120,548
121,548
122,549
123,549
124,550
125,550
126,551
127,551
128,552
129,552
130,553
132,553
133,554
134,554
135,555
137,555
138,556
139,556
140,557
142,557
143,558
145,558
146,559
149,559
150,560
152,560
153,561
156,561
157,562
162,562
163,563
167,563
168,564
183,564
184,565
206,565
207,566
238,566
239,567
331,567
332,566
337,566
338,565
351,565
352,564
364,564
365,563
376,563
377,562
386,562
387,561
395,561
396,560
400,560
401,559
403,559
404,558
406,558
407,557
408,557
409,556
410,556
413,553
414,553
415,552
415,551
424,542
424,541
428,537
428,536
432,532
432,531
436,527
436,526
440,522
440,521
444,517
444,516
448,512
448,511
452,507
452,506
456,502
456,501
462,495
462,494
465,491
465,490
468,487
468,486
472,482
472,481
475,478
475,477
477,475
477,474
480,471
480,470
482,468
482,467
484,465
484,464
485,463
485,462
488,459
488,458
490,456
490,455
492,453
492,452
494,450
494,449
496,447
496,446
498,444
498,443
499,442
499,441
500,440
500,438
501,437
501,433
500,432
500,428
499,427
499,426
497,424
497,423
496,422
496,421
494,419
494,418
492,416
492,415
490,413
490,412
489,411
489,410
487,408
487,407
486,406
486,405
484,403
484,402
483,401
483,400
481,398
481,397
480,396
480,395
479,394
479,393
478,392
478,391
477,390
477,389
474,386
474,385
473,384
473,383
471,381
471,380
469,378
469,377
467,375
467,374
464,371
464,370
462,368
462,367
460,365
460,364
458,362
458,361
456,359
456,358
455,357
455,356
453,354
453,353
450,350
450,349
448,347
448,346
447,345
447,344
445,342
445,341
440,336
440,335
437,332
437,331
433,327
433,326
429,322
429,321
424,316
423,316
421,314
420,314
418,312
417,312
415,310
414,310
412,308
411,308
410,307
409,307
408,306
407,306
406,305
405,305
404,304
402,304
401,303
399,303
398,302
395,302
394,301
392,301
391,300
388,300
387,299
385,299
384,298
382,298
381,297
379,297
378,296
376,296
375,295
372,295
371,294
368,294
367,293
363,293
362,292
358,292
357,291
354,291
353,290
350,290
349,289
346,289
345,288
343,288
342,287
341,287
336,282
336,281
335,280
335,278
336,277
336,276
344,268
344,267
346,265
346,264
347,263
347,261
348,260
348,258
349,257
349,255
350,254
350,252
351,251
351,249
352,248
352,246
353,245
353,243
354,242
354,240
355,239
355,238
357,236
358,236
359,235
360,235
361,236
363,236
365,238
366,238
367,239
369,239
370,240
371,240
372,241
373,241
374,242
376,242
377,243
378,243
379,244
381,244
382,245
383,245
384,246
386,246
387,247
398,247
401,244
401,232
400,231
400,230
399,229
399,228
397,226
397,225
395,223
395,222
393,220
393,219
391,217
391,216
389,214
389,213
387,211
387,210
385,208
385,207
384,206
384,205
383,204
383,203
382,202
382,201
381,200
381,199
380,198
380,196
379,195
379,194
378,193
378,192
377,191
377,188
376,187
376,181
377,180
377,167
378,166
378,136
377,135
377,121
376,120
376,115
375,114
375,107
374,106
374,100
373,99
373,96
372,95
372,92
371,91
371,88
370,87
370,85
369,84
369,83
368,82
368,80
367,79
367,78
366,77
366,75
365,74
365,73
364,72
364,70
363,69
363,67
362,66
362,65
361,64
361,63
360,62
360,61
359,60
359,59
358,58
358,57
357,56
357,55
355,53
355,52
353,50
353,49
348,44
348,43
346,41
346,40
344,38
344,36
343,35
343,27
342,26
342,25
341,24
341,23
340,22
339,22
337,20
335,20
334,19
331,19
330,18
323,18
