1264
172,14
170,16
170,17
168,19
168,20
166,22
166,23
164,25
164,26
162,28
162,29
160,31
160,32
158,34
158,35
155,38
154,37
149,37
148,36
145,36
144,35
140,35
139,34
132,34
131,33
126,33
125,34
122,34
119,31
119,30
118,29
118,28
117,27
117,25
116,24
116,23
115,22
115,21
114,20
114,19
113,18
110,18
110,25
111,26
111,37
112,38
112,40
109,43
108,43
107,44
105,44
104,45
102,45
101,46
97,46
96,47
95,47
95,49
94,50
95,51
95,52
97,52
98,53
102,53
103,54
108,54
109,55
110,55
113,58
113,59
114,60
114,62
115,63
115,66
114,67
114,68
107,75
107,76
106,77
106,78
105,79
105,81
104,82
104,87
103,88
103,94
104,95
104,99
105,100
105,103
106,104
106,106
107,107
107,108
108,109
108,110
109,111
109,113
111,115
111,168
110,169
111,170
111,174
112,175
112,176
113,177
113,179
115,181
115,182
116,183
116,184
117,185
117,186
122,191
122,192
123,192
125,194
126,194
128,196
131,196
132,197
143,197
144,196
150,196
154,200
154,210
153,211
153,212
150,215
150,216
145,221
144,221
142,223
142,224
139,227
139,229
138,230
138,231
137,232
137,234
136,235
136,236
135,237
135,238
134,239
134,242
133,243
133,246
132,247
132,250
131,251
131,275
132,276
132,281
133,282
133,286
134,287
134,293
133,294
133,297
132,298
132,299
131,300
131,303
130,304
130,308
129,309
129,313
128,314
128,317
127,318
127,319
126,320
126,326
125,327
125,331
124,332
124,334
123,335
123,337
122,338
122,342
121,343
121,349
120,350
120,352
119,353
119,357
118,358
118,363
116,365
116,366
113,369
113,370
110,373
110,374
109,375
109,376
107,378
107,379
105,381
105,382
104,383
104,384
102,386
102,387
101,388
101,390
100,391
100,392
98,394
98,395
97,396
97,398
96,399
96,401
95,402
95,403
94,404
94,405
93,406
93,408
91,410
91,412
90,413
90,414
89,415
89,416
88,417
88,419
87,420
87,421
86,422
86,423
85,424
85,425
84,426
84,427
83,428
83,429
82,430
82,431
81,432
81,434
80,435
80,437
79,438
79,439
78,440
78,441
77,442
77,443
76,444
76,447
75,448
75,450
74,451
74,453
73,454
73,455
72,456
72,457
71,458
71,460
70,461
70,462
69,463
69,464
68,465
68,467
67,468
67,470
66,471
66,474
65,475
65,477
64,478
64,479
63,480
63,483
62,484
62,488
61,489
61,490
60,491
60,492
58,494
58,495
54,499
54,500
51,503
51,504
50,505
50,506
48,508
48,509
47,510
47,511
46,512
46,513
45,514
45,515
44,516
44,518
43,519
43,521
42,522
42,529
43,530
43,532
47,536
58,536
59,535
61,535
62,534
63,534
64,533
65,533
74,524
74,522
75,521
75,520
76,519
76,514
77,513
77,507
78,506
78,501
77,500
77,497
76,496
79,493
80,493
82,491
83,491
84,490
84,489
85,488
85,487
86,486
86,485
87,484
87,473
88,472
88,471
89,470
89,469
90,468
90,467
91,466
91,464
94,461
94,459
95,458
95,457
96,456
96,454
97,453
97,452
98,451
98,450
99,449
99,448
100,447
100,446
101,445
101,444
103,442
103,441
104,440
104,439
105,438
105,437
106,436
106,435
107,434
107,433
108,432
108,431
109,430
109,429
110,428
110,427
112,425
112,424
113,423
113,422
116,419
118,421
118,427
117,428
117,444
118,445
118,462
119,463
119,469
120,470
120,472
121,473
121,478
122,479
122,482
124,484
124,485
125,486
125,488
126,489
126,490
130,494
130,496
131,497
131,499
132,500
132,501
133,502
133,504
134,505
134,506
135,507
135,508
136,509
136,510
137,511
137,512
138,513
138,514
141,517
141,518
142,519
143,519
147,523
149,523
150,524
152,524
153,525
164,525
166,523
167,523
167,522
169,520
169,519
170,518
170,517
171,516
171,514
172,513
172,510
173,509
173,504
172,503
172,501
171,500
171,498
170,497
170,496
168,494
166,494
164,492
162,492
161,491
160,491
159,490
158,490
157,489
156,489
153,486
152,486
149,483
148,483
144,479
144,478
142,476
142,475
141,474
141,473
140,472
140,468
139,467
139,454
140,453
140,447
141,446
141,443
142,442
142,437
143,436
143,433
144,432
144,431
145,430
145,428
146,427
146,425
147,424
147,422
149,420
149,419
150,418
150,417
152,415
152,414
155,411
155,410
159,406
159,405
162,402
163,402
166,399
167,399
171,395
172,395
173,394
175,394
177,392
179,392
181,390
183,390
184,389
187,389
198,378
199,378
203,374
204,374
205,373
206,373
207,372
209,372
210,371
211,371
212,370
213,370
214,369
215,369
216,368
218,368
219,367
221,367
223,365
225,365
226,364
229,364
230,363
232,363
233,362
236,362
237,361
242,361
243,360
252,360
253,359
268,359
269,360
280,360
281,361
293,361
294,362
303,362
304,363
308,363
309,364
363,364
364,365
364,371
363,372
363,376
362,377
362,379
361,380
361,386
360,387
360,394
359,395
359,402
358,403
358,409
357,410
357,430
356,431
356,432
354,434
354,435
353,436
353,437
352,438
352,439
350,441
350,442
349,443
349,444
348,445
348,446
347,447
347,448
346,449
346,450
345,451
345,452
344,453
344,456
343,457
343,459
341,461
341,464
340,465
340,472
339,473
339,474
334,479
334,480
333,481
332,481
329,484
329,485
326,488
326,489
319,496
319,497
306,510
306,511
301,516
301,517
297,521
297,522
296,523
295,523
287,531
287,532
285,534
285,535
273,547
273,548
263,558
263,559
262,560
262,561
261,562
261,566
265,570
267,570
268,571
276,571
277,572
281,572
282,573
284,573
285,572
287,572
289,570
290,570
293,567
294,567
298,563
298,562
300,560
300,559
301,558
301,557
302,556
302,555
303,554
303,551
304,550
304,546
303,545
303,540
311,532
311,531
327,515
327,514
336,505
336,504
337,503
338,503
340,501
340,500
341,499
342,499
343,498
343,497
346,494
346,493
348,491
348,490
349,489
349,488
351,486
353,488
353,496
352,497
352,499
351,500
351,501
350,502
350,503
349,504
349,506
348,507
348,508
347,509
347,510
345,512
345,513
344,514
344,515
343,516
343,517
340,520
340,521
339,522
339,523
338,524
337,524
337,525
334,528
334,529
330,533
330,534
325,539
325,540
320,545
319,545
315,549
315,550
311,554
311,555
307,559
307,561
306,562
306,568
307,569
307,570
316,570
317,571
327,571
328,570
332,570
334,568
335,568
337,566
338,566
339,565
339,564
340,563
340,562
341,561
341,560
342,559
342,558
343,557
343,553
344,552
344,546
346,544
347,544
347,543
352,538
352,537
357,532
357,531
360,528
360,527
361,526
361,525
364,522
364,521
365,520
365,519
366,518
366,517
368,515
368,513
369,512
369,509
370,508
370,506
372,504
372,502
373,501
373,498
374,497
374,493
377,490
377,489
378,488
378,487
381,484
381,483
382,482
382,481
384,479
384,478
385,477
385,476
386,475
386,474
388,472
388,471
389,470
389,468
390,467
390,465
391,464
391,463
392,462
392,461
393,460
393,458
394,457
394,452
395,451
395,437
394,436
394,434
393,433
393,431
392,430
392,429
391,428
391,422
390,421
391,420
391,413
392,412
392,411
393,410
393,409
394,408
394,406
395,405
395,404
398,401
398,400
408,390
409,390
410,389
411,389
414,386
415,386
416,385
417,385
420,382
421,382
422,381
423,381
426,378
427,378
429,376
430,376
434,372
435,372
438,369
439,369
444,364
445,364
454,355
454,354
455,353
456,353
461,348
461,347
465,343
465,342
467,340
467,339
468,338
468,337
469,336
469,335
470,334
470,333
471,332
471,331
472,330
472,328
473,327
473,323
474,322
476,324
476,325
475,326
475,331
474,332
474,335
473,336
473,340
472,341
472,345
471,346
471,348
470,349
470,352
469,353
469,357
468,358
468,360
467,361
467,364
466,365
466,368
465,369
465,372
464,373
464,376
463,377
463,379
462,380
462,383
461,384
461,388
460,389
460,393
459,394
459,417
460,418
460,421
461,422
461,424
462,425
462,427
463,428
463,430
464,431
464,432
465,433
465,434
467,436
467,437
469,439
469,440
475,446
475,447
476,448
477,448
480,451
481,451
483,453
484,453
487,456
489,456
491,458
492,458
493,459
494,459
495,460
497,460
499,462
503,462
502,461
502,459
501,458
501,457
500,456
500,453
499,452
499,449
498,448
498,445
497,444
497,442
496,441
496,436
495,435
495,430
494,429
494,421
493,420
493,384
494,383
494,378
495,377
495,372
496,371
496,367
497,366
497,365
498,364
498,360
499,359
499,357
500,356
500,353
501,352
501,351
502,350
502,348
503,347
503,344
504,343
504,339
505,338
505,335
506,334
506,326
507,325
507,312
506,311
506,305
505,304
505,301
504,300
504,297
503,296
503,292
502,291
502,289
500,287
500,285
499,284
499,282
498,281
498,280
497,279
497,278
496,277
496,276
495,275
495,274
494,273
494,272
493,271
493,270
491,268
491,267
488,264
488,263
483,258
483,257
478,252
478,250
477,249
477,248
476,247
476,246
475,245
475,243
474,242
474,241
473,240
473,239
471,237
471,236
470,235
470,234
469,233
469,232
468,231
468,230
466,228
466,227
462,223
462,222
458,218
458,217
453,212
453,211
448,206
447,206
446,205
445,205
441,201
440,201
439,200
438,200
436,198
435,198
434,197
433,197
432,196
430,196
428,194
426,194
425,193
423,193
422,192
420,192
419,191
418,191
417,190
412,190
411,189
390,189
389,190
383,190
382,191
381,191
380,192
377,192
376,193
373,193
372,194
370,194
368,196
366,196
365,197
363,197
362,198
361,198
360,199
359,199
358,200
356,200
355,201
353,201
352,202
350,202
349,203
348,203
346,205
343,205
342,206
339,206
338,207
336,207
335,208
334,208
333,209
330,209
329,210
322,210
321,211
308,211
307,210
303,210
302,209
300,209
298,207
297,207
296,206
295,206
293,204
292,204
286,198
286,197
284,195
284,194
283,193
283,192
281,190
281,189
280,188
280,187
277,184
277,183
276,182
276,181
274,179
274,178
273,177
273,176
272,175
272,174
271,173
271,172
269,170
269,169
268,168
268,167
267,166
267,165
266,164
266,163
264,161
264,159
263,158
263,157
262,156
262,155
261,154
261,153
260,152
260,150
259,149
259,147
258,146
258,145
256,143
256,141
255,140
255,138
254,137
254,136
253,135
253,134
252,133
252,131
251,130
251,128
250,127
250,125
249,124
249,121
248,120
248,115
247,114
247,111
246,110
246,108
245,107
245,106
244,105
244,102
243,101
243,98
242,97
242,95
241,94
241,93
240,92
240,91
239,90
239,88
238,87
238,86
236,84
236,83
234,81
234,79
232,77
232,76
230,74
230,73
226,69
226,68
214,56
213,56
212,55
211,55
209,53
208,53
207,52
206,52
204,50
203,50
202,49
201,49
199,47
198,47
197,46
195,46
194,45
191,45
190,44
189,44
188,43
187,43
186,42
182,42
181,41
176,41
175,40
174,40
172,38
172,34
173,33
173,29
174,28
174,26
175,25
175,18
176,17
176,16
175,15
175,14
172,14
