1126
557,23
556,24
555,24
554,25
553,25
551,27
551,28
546,33
546,34
545,35
545,36
544,37
544,38
543,39
543,40
542,41
542,42
540,44
531,44
530,43
507,43
506,42
505,42
504,43
485,43
484,44
480,44
479,45
475,45
474,46
470,46
469,47
466,47
465,48
462,48
461,49
459,49
458,50
455,50
454,51
452,51
451,52
449,52
448,53
446,53
445,54
443,54
442,55
440,55
438,57
436,57
435,58
433,58
432,59
430,59
429,60
428,60
427,61
426,61
424,63
423,63
422,64
421,64
420,65
419,65
418,66
417,66
416,67
415,67
411,71
410,71
404,77
403,77
398,82
397,82
392,87
391,87
389,89
389,90
385,94
385,95
382,98
382,99
379,102
379,103
375,107
375,108
371,112
371,113
367,117
367,118
364,121
364,122
360,126
360,127
358,129
357,129
351,135
350,135
346,139
345,139
342,142
341,142
339,144
338,144
337,145
336,145
334,147
333,147
332,148
331,148
329,150
328,150
327,151
326,151
325,152
324,152
323,153
321,153
320,154
318,154
317,155
313,155
312,156
309,156
308,157
304,157
303,158
298,158
297,159
292,159
291,160
283,160
282,161
274,161
273,162
265,162
264,163
258,163
257,164
251,164
250,165
245,165
244,166
240,166
239,167
237,167
236,168
234,168
233,169
231,169
230,170
227,170
226,171
224,171
223,172
221,172
220,173
218,173
217,174
214,174
213,175
211,175
210,176
208,176
207,177
204,177
203,178
201,178
200,179
194,179
193,178
192,178
191,177
190,177
189,176
187,176
186,175
185,175
184,174
182,174
181,173
180,173
179,172
177,172
176,171
174,171
173,170
172,170
171,169
169,169
168,168
166,168
165,167
159,167
158,166
152,166
151,165
134,165
133,166
130,166
129,167
127,167
126,168
124,168
123,169
121,169
120,170
118,170
117,171
116,171
114,173
113,173
112,174
111,174
102,183
102,184
99,187
99,188
97,190
97,191
94,194
94,195
92,197
92,198
90,200
90,201
87,204
87,205
85,207
85,208
83,210
83,212
81,214
81,215
79,217
79,218
77,220
77,221
75,223
75,224
65,234
64,234
61,237
60,237
57,240
56,240
55,241
54,241
52,243
51,243
48,246
47,246
45,248
44,248
42,250
41,250
38,253
37,253
35,255
34,255
28,261
27,261
18,270
18,271
17,272
17,273
15,275
15,277
14,278
14,282
13,283
13,286
14,287
15,287
17,289
21,289
22,288
24,288
27,285
28,285
31,282
32,282
33,281
35,281
36,280
39,280
40,279
44,279
45,278
51,278
52,277
94,277
95,276
99,276
100,275
103,275
104,274
106,274
107,273
108,273
109,272
111,272
112,271
113,271
114,270
115,270
116,269
117,269
121,265
122,265
134,253
134,252
135,251
135,250
137,248
137,247
138,246
138,245
139,244
139,242
140,241
140,240
141,239
141,237
142,236
142,235
143,234
143,233
144,232
144,230
145,229
145,228
146,227
146,226
147,225
147,224
148,223
148,222
149,221
149,220
150,219
150,218
152,216
152,215
153,214
153,213
154,212
154,211
156,209
156,208
157,207
158,207
162,203
163,203
166,200
167,200
171,196
172,196
173,195
176,195
177,194
180,194
181,195
181,196
182,197
181,198
181,199
171,209
171,210
169,212
169,213
166,216
166,217
165,218
165,219
164,220
164,221
163,222
163,223
162,224
162,226
161,227
161,229
160,230
160,235
159,236
159,243
158,244
158,282
157,283
157,284
156,285
156,286
155,287
155,288
154,289
154,291
152,293
152,294
150,296
149,296
143,302
142,302
140,304
139,304
138,305
137,305
135,307
134,307
133,308
130,308
129,309
125,309
124,310
117,310
116,311
114,311
112,313
111,313
108,316
108,318
107,319
107,320
106,321
106,323
105,324
105,326
104,327
104,329
103,330
103,332
102,333
102,335
101,336
101,338
100,339
100,341
99,342
99,344
98,345
98,347
97,348
97,350
96,351
96,352
95,353
95,355
94,356
94,357
93,358
93,359
92,360
92,361
91,362
91,363
90,364
90,365
89,366
89,367
88,368
88,369
87,370
87,371
86,372
86,373
85,374
85,375
84,376
84,377
82,379
82,380
81,381
81,382
79,384
79,385
77,387
77,388
76,389
76,390
75,391
75,392
73,394
73,395
71,397
71,398
70,399
70,400
69,401
69,402
68,403
68,405
67,406
68,407
68,410
69,411
69,413
70,414
70,416
71,417
71,419
72,420
72,422
73,423
73,430
72,431
72,441
73,442
73,443
75,445
76,445
77,446
78,446
79,447
79,448
80,449
80,453
81,454
81,455
82,456
86,456
87,455
90,455
91,454
97,454
98,453
104,453
104,448
103,447
103,445
99,441
99,440
95,436
95,435
92,432
92,431
89,428
89,427
87,425
87,424
84,421
84,420
83,419
83,408
84,407
84,404
86,402
86,401
87,400
87,399
88,398
88,397
89,396
89,395
90,394
90,393
91,392
91,391
92,390
92,389
93,388
93,387
94,386
94,385
95,384
95,383
96,382
96,381
97,380
97,379
98,378
98,377
100,375
100,374
101,373
101,372
103,370
103,369
104,368
104,367
106,365
106,364
108,362
108,361
117,352
117,351
122,346
123,346
124,345
125,345
126,344
127,344
128,343
129,343
131,341
132,341
133,340
134,340
135,339
136,339
137,338
138,338
139,337
140,337
141,336
142,336
143,335
144,335
145,334
146,334
147,333
148,333
149,332
151,332
152,331
153,331
154,330
155,330
156,329
158,329
159,328
163,328
164,329
164,334
165,335
164,336
164,344
163,345
163,347
162,348
162,351
161,352
161,354
160,355
160,358
159,359
159,361
158,362
158,365
157,366
157,368
156,369
156,372
155,373
155,375
154,376
154,378
153,379
153,381
152,382
152,385
151,386
151,388
150,389
150,392
149,393
149,394
147,396
147,397
145,399
145,400
143,402
143,403
141,405
141,406
140,407
140,414
142,416
143,416
145,418
145,419
148,422
148,423
149,424
149,431
148,432
148,442
149,443
149,444
151,446
164,446
165,445
170,445
171,444
175,444
176,443
177,443
177,442
178,441
178,438
177,437
177,435
175,433
175,432
166,423
166,422
165,421
165,414
164,413
164,405
165,404
165,399
166,398
166,392
167,391
167,387
168,386
168,382
169,381
169,377
170,376
170,372
171,371
171,367
172,366
172,363
173,362
173,358
174,357
174,356
175,355
175,354
176,353
176,352
177,351
177,349
178,348
178,347
179,346
179,345
180,344
180,343
184,339
185,339
190,334
191,334
193,332
194,332
195,331
197,331
198,330
199,330
201,328
202,328
203,327
204,327
205,326
206,326
207,325
209,325
210,324
211,324
212,323
214,323
215,322
216,322
217,321
219,321
220,320
221,320
222,319
224,319
225,318
226,318
227,317
228,317
229,316
230,316
231,315
232,315
233,314
234,314
235,313
236,313
237,312
238,312
240,310
241,310
244,307
245,307
250,302
251,302
263,290
264,290
265,289
265,288
268,285
268,284
272,280
272,279
275,276
275,275
279,271
279,270
286,263
290,263
291,262
295,262
296,261
321,261
322,260
323,260
324,261
335,261
336,262
345,262
346,263
356,263
357,264
366,264
367,265
386,265
387,266
403,266
404,265
410,265
411,264
413,264
414,263
416,263
417,262
418,262
419,261
421,261
422,260
424,260
425,259
427,259
428,258
430,258
431,257
432,257
433,256
434,256
435,255
436,255
437,254
438,254
439,253
440,253
441,252
443,252
445,250
447,250
448,249
449,249
450,248
452,248
453,247
467,247
468,246
470,246
471,245
473,245
474,244
475,244
476,243
478,243
479,242
480,242
481,241
482,241
483,240
484,240
486,238
487,238
489,236
490,236
493,233
494,233
497,230
498,230
500,228
501,228
503,226
504,226
505,225
507,225
508,224
510,224
511,223
517,223
518,224
521,224
522,225
524,225
531,232
531,249
530,250
530,252
529,253
529,254
528,255
528,256
527,257
527,258
525,260
524,260
523,261
516,261
515,262
509,262
508,263
508,266
507,267
507,276
508,277
508,283
509,284
509,286
510,287
510,289
511,290
511,292
512,293
512,294
514,296
521,296
522,295
523,295
525,293
525,292
532,285
533,285
535,283
535,282
546,271
547,271
548,270
550,270
553,267
553,263
551,261
551,260
550,259
550,255
549,254
549,245
548,244
548,230
549,229
549,228
550,227
550,226
551,225
551,223
552,222
552,221
553,220
553,219
554,218
554,217
555,216
555,214
556,213
556,212
557,211
557,206
556,205
556,204
555,203
555,202
554,201
554,200
552,198
552,197
548,193
547,193
546,192
545,192
544,191
543,191
542,190
530,190
529,189
512,189
511,190
502,190
499,187
499,180
500,179
500,171
501,170
501,154
500,153
500,149
499,148
499,145
498,144
498,140
497,139
497,136
496,135
496,131
495,130
495,127
496,126
496,125
498,123
498,122
510,110
512,112
512,113
513,114
513,115
515,117
515,118
516,119
516,120
517,121
517,122
518,123
518,124
519,125
519,126
520,127
520,128
521,129
521,130
522,131
522,132
523,133
523,135
524,136
524,137
525,138
525,139
526,140
526,142
527,143
527,144
528,145
528,147
529,148
529,150
530,151
530,160
531,161
531,165
532,166
532,169
533,170
534,170
538,174
539,174
540,175
542,175
543,176
546,176
547,177
551,177
552,176
555,176
557,174
558,174
564,168
564,167
565,166
565,165
566,164
566,163
567,162
567,160
568,159
568,156
569,155
569,144
570,143
570,132
571,131
571,126
572,125
572,120
573,119
573,114
574,113
574,109
575,108
575,105
576,104
576,102
577,101
577,93
578,92
578,90
577,89
578,88
578,63
579,62
579,61
582,58
582,57
584,55
584,53
585,52
585,49
586,48
586,41
587,40
587,38
586,37
586,36
582,36
581,37
580,37
579,38
578,38
577,39
576,39
574,41
574,42
571,45
571,46
569,48
569,49
567,51
564,48
564,46
563,45
563,40
562,39
562,32
561,31
561,24
560,23
557,23
