778
414,31
414,34
415,35
415,38
416,39
416,41
417,42
417,44
418,45
418,46
423,51
423,52
428,57
428,58
433,63
433,64
439,70
439,71
445,77
445,78
450,83
450,84
451,85
451,86
453,88
453,89
454,90
454,91
457,94
457,95
458,96
458,98
459,99
459,100
460,101
460,102
461,103
461,104
463,106
463,107
464,108
464,110
465,111
465,123
464,124
464,126
463,127
463,128
460,131
460,132
459,133
459,134
458,135
458,137
457,138
457,140
455,142
455,144
454,145
454,147
453,148
453,149
452,150
452,152
451,153
451,154
450,155
450,157
446,161
446,162
445,163
445,164
441,168
441,169
440,170
440,171
439,172
439,173
438,174
438,176
435,179
435,180
434,181
434,182
433,183
433,184
430,187
430,188
429,189
429,190
427,192
427,193
423,197
423,198
420,201
420,202
400,222
399,222
393,228
392,228
390,230
389,230
388,231
387,231
386,232
385,232
383,234
382,234
381,235
380,235
379,236
377,236
376,237
373,237
372,238
366,238
365,239
361,239
360,240
358,240
357,241
352,241
351,242
347,242
346,243
344,243
343,244
342,244
341,245
340,245
338,247
337,247
336,248
334,248
333,249
332,249
331,250
330,250
329,251
328,251
326,253
325,253
324,254
322,254
321,255
320,255
319,256
318,256
317,257
316,257
313,260
312,260
311,261
310,261
309,262
308,262
305,265
304,265
301,268
300,268
299,269
298,269
295,272
294,272
293,273
292,273
290,275
289,275
288,276
287,276
283,280
283,281
280,284
280,285
279,286
279,288
278,289
278,290
275,293
275,294
274,295
274,296
272,298
272,299
266,305
266,306
263,309
263,310
262,311
262,312
261,313
261,314
260,315
260,316
259,317
259,318
256,321
256,322
253,325
253,326
249,330
248,330
245,333
244,333
243,334
241,334
240,335
239,335
238,336
237,336
236,337
235,337
234,338
234,339
229,344
229,345
224,350
224,351
219,356
219,357
216,360
216,361
212,365
212,366
211,367
211,369
210,370
210,371
209,372
209,374
206,377
206,378
205,379
205,381
204,382
204,383
203,384
203,386
200,389
200,390
195,395
193,395
192,396
191,396
190,397
189,397
188,398
186,398
185,399
184,399
181,402
180,402
179,403
178,403
177,404
176,404
175,405
172,405
170,403
169,403
163,397
162,397
158,393
157,393
156,392
155,392
154,391
152,391
151,390
150,390
148,388
145,388
145,390
144,391
144,396
143,397
143,419
144,420
144,426
145,427
145,431
146,432
146,434
147,435
147,440
148,441
148,474
149,475
149,478
150,479
150,481
151,482
151,488
148,491
148,492
143,497
143,498
138,503
136,503
135,504
134,504
133,505
132,505
130,507
129,507
128,508
127,508
126,509
125,509
124,510
123,510
120,513
119,513
118,514
117,514
115,516
114,516
113,517
112,517
112,518
109,521
108,521
103,526
103,530
104,531
104,532
105,533
105,535
106,536
106,537
107,537
108,538
113,538
114,539
116,539
117,540
123,540
124,539
125,539
126,538
129,538
130,537
132,537
133,536
135,536
138,533
139,533
142,530
143,530
144,529
145,529
150,524
151,524
156,519
157,519
165,511
166,511
167,510
169,510
170,509
180,509
181,510
187,510
188,511
196,511
207,500
208,500
209,499
211,499
212,498
213,498
215,496
216,496
217,495
218,495
219,494
220,494
221,493
223,493
226,490
227,490
228,489
230,489
231,488
232,488
233,487
234,487
246,475
247,475
252,470
253,470
255,468
256,468
257,467
259,467
260,466
265,466
266,467
268,467
269,468
270,468
271,469
272,469
274,471
274,475
273,476
273,477
268,482
268,483
267,484
267,485
266,486
266,489
265,490
265,492
263,494
263,499
264,500
265,500
266,501
267,501
268,502
269,502
271,504
281,504
282,503
285,503
286,502
287,502
288,501
289,501
290,500
290,499
295,494
295,493
296,492
296,491
300,487
300,486
301,485
301,484
305,480
305,479
306,478
306,476
307,475
307,473
308,472
308,470
309,469
309,468
311,466
311,464
312,463
312,460
313,459
313,457
314,456
314,453
315,452
315,450
316,449
316,448
318,446
318,445
319,444
319,443
320,442
320,441
321,440
321,438
322,437
322,436
324,434
324,433
325,432
325,431
326,430
326,429
327,428
327,426
328,425
328,424
331,421
331,419
332,418
332,417
333,416
333,414
334,413
334,412
345,401
346,401
347,400
348,400
354,394
355,394
360,389
363,389
366,392
367,392
368,393
369,393
371,395
372,395
373,396
374,396
377,399
377,401
378,402
378,403
379,404
379,405
380,406
380,407
382,409
382,411
383,412
383,423
382,424
382,426
380,428
380,429
379,430
379,431
378,432
378,433
377,434
377,436
376,437
376,438
368,446
367,446
366,447
365,447
361,451
360,451
358,453
358,454
356,456
356,457
355,458
355,460
354,461
354,468
353,469
353,471
354,472
354,474
355,474
356,475
357,475
360,478
360,479
361,479
362,480
369,480
370,479
372,479
374,477
376,477
377,476
379,476
382,473
382,472
385,469
386,469
388,467
388,466
391,463
392,463
394,461
394,460
397,457
397,456
398,455
398,453
399,452
399,450
400,449
400,447
401,446
401,444
402,443
402,442
406,438
406,437
413,430
413,429
416,426
417,426
418,425
418,423
419,422
419,420
420,419
420,416
421,415
421,414
422,413
422,411
423,410
423,407
424,406
424,399
423,399
422,398
421,398
418,395
417,395
412,390
411,390
404,383
404,381
403,380
403,374
404,373
404,370
405,369
405,368
406,367
406,366
410,362
410,361
411,360
411,359
412,358
412,357
413,356
413,355
414,354
414,352
415,351
415,350
418,347
418,345
419,344
419,343
420,342
420,340
421,339
421,338
424,335
424,333
425,332
425,331
426,330
426,329
427,328
427,327
428,326
428,325
429,324
429,322
430,321
430,318
431,317
431,292
430,291
430,285
429,284
429,281
427,279
427,278
426,277
426,276
425,275
425,274
424,273
424,271
423,270
423,269
420,266
420,265
419,264
419,263
418,262
418,261
414,257
414,254
418,250
418,249
421,246
421,245
427,239
427,238
433,232
433,231
439,225
439,224
444,219
444,218
449,213
449,212
452,209
452,208
457,203
457,202
462,197
462,196
468,190
468,189
478,179
478,176
479,175
479,173
483,169
484,169
484,168
485,167
485,166
488,163
488,162
489,161
489,160
491,158
491,157
492,156
492,154
493,153
493,150
494,149
494,147
495,146
495,144
496,143
496,141
497,140
497,134
498,133
498,107
497,106
497,104
495,102
495,100
494,99
494,97
493,96
493,95
492,94
492,92
489,89
489,88
488,87
488,85
487,84
487,83
486,82
486,81
481,76
481,75
461,55
460,55
456,51
455,51
454,50
453,50
452,49
451,49
447,45
446,45
444,43
443,43
439,39
438,39
437,38
436,38
435,37
434,37
433,36
432,36
430,34
429,34
428,33
426,33
425,32
421,32
420,31
