1042
228,56
228,58
227,59
227,61
226,62
226,64
224,66
224,67
223,68
223,69
222,70
222,71
221,72
219,72
210,63
207,63
207,64
206,65
206,67
205,68
205,69
206,70
206,76
203,79
198,79
197,78
194,78
193,77
192,78
189,78
188,79
186,79
185,80
181,80
180,81
176,81
175,82
172,82
171,83
168,83
167,84
165,84
164,85
163,85
162,86
161,86
161,91
162,92
162,94
159,97
159,98
157,100
157,101
156,102
156,103
155,104
155,105
152,108
152,109
148,113
148,114
145,117
145,118
139,124
138,124
133,129
133,130
132,131
132,132
129,135
129,136
127,138
127,139
126,140
126,141
124,143
124,144
123,145
123,146
122,147
122,149
121,150
121,151
120,152
120,153
119,154
119,155
117,157
117,159
116,160
116,163
115,164
115,166
114,167
114,170
113,171
113,178
112,179
112,182
111,183
111,185
110,186
110,187
109,188
109,189
108,190
108,191
107,192
107,194
106,195
106,202
105,203
105,204
103,206
103,209
105,209
107,211
107,213
106,214
106,216
105,217
105,220
104,221
104,222
105,223
105,226
106,227
106,229
107,230
107,231
108,231
110,233
110,240
109,241
110,242
110,251
109,252
109,262
110,263
110,265
111,265
114,268
114,269
115,270
115,271
116,272
116,273
118,275
118,279
117,280
117,283
116,284
116,287
117,288
117,290
119,290
120,291
121,291
123,293
123,296
124,297
124,299
125,300
125,301
128,301
129,302
130,302
132,304
132,305
135,305
136,304
137,304
138,305
138,310
137,311
137,313
135,315
135,317
134,318
135,319
135,321
137,321
138,322
139,322
140,323
140,327
139,328
139,334
140,335
140,337
142,337
146,341
146,342
149,345
149,346
150,347
151,347
156,352
156,354
157,355
157,357
158,358
158,359
159,360
159,362
160,363
160,365
161,366
161,367
162,368
162,370
163,371
163,374
164,375
164,380
165,381
165,383
166,384
166,386
167,387
167,389
168,390
168,391
169,392
169,395
170,396
170,398
171,399
171,401
172,402
172,404
173,405
173,406
174,407
174,409
175,410
175,412
176,413
176,414
177,415
177,416
178,417
178,419
179,420
179,422
180,423
180,425
181,426
181,428
182,429
182,432
183,433
183,435
184,436
184,439
185,440
185,443
186,444
186,445
187,446
187,447
188,448
188,449
189,450
189,451
190,452
190,454
191,455
191,459
190,460
190,461
186,465
185,465
183,467
183,472
184,473
185,473
188,476
188,485
189,486
189,488
190,489
190,501
191,502
191,504
193,506
198,506
199,507
207,507
208,508
219,508
220,507
234,507
235,506
240,506
241,505
242,505
243,504
244,504
245,503
245,490
247,488
249,488
249,484
245,480
245,478
244,477
244,475
243,474
243,472
242,471
242,470
241,469
241,467
240,466
240,465
239,464
239,463
237,461
237,460
235,458
235,457
234,456
234,452
235,451
235,448
236,447
236,446
237,445
237,444
238,443
238,442
239,441
239,440
240,439
240,438
241,437
241,435
242,434
242,433
243,432
243,429
244,428
244,425
245,424
245,420
246,419
246,416
247,415
247,414
248,413
248,411
249,410
249,408
250,407
250,405
251,404
251,403
252,402
252,401
253,400
253,398
254,397
254,395
255,394
255,392
256,391
256,389
257,388
257,386
258,385
258,384
259,383
259,381
260,380
260,378
262,376
262,375
263,374
263,372
264,371
264,369
265,368
265,367
269,363
270,363
271,362
274,362
275,361
277,361
278,360
279,360
280,359
281,359
282,358
283,358
285,356
286,356
287,355
289,355
290,354
291,354
292,353
293,353
294,352
295,352
300,347
301,347
303,345
303,344
309,338
310,338
312,336
313,336
314,335
315,335
316,334
317,334
318,333
320,333
323,336
323,337
324,338
324,339
325,340
325,342
326,343
326,345
327,346
327,348
328,349
328,350
329,351
329,352
330,353
330,355
331,356
331,358
332,359
332,360
333,361
333,362
336,365
336,366
339,369
339,370
340,371
340,372
341,373
341,374
343,376
343,377
344,378
344,379
346,381
346,382
347,383
347,384
348,385
348,386
350,388
350,389
351,390
351,391
352,392
352,394
353,395
353,398
354,399
354,406
353,407
353,413
352,414
352,416
351,417
351,418
350,419
350,420
349,421
349,423
339,433
339,434
335,438
334,438
333,439
322,439
321,438
320,438
319,439
316,439
315,440
314,440
313,441
311,441
310,442
309,442
308,443
307,443
305,445
305,446
304,447
304,448
303,449
303,455
304,456
304,457
305,458
305,459
306,460
348,460
349,459
351,459
353,457
353,456
354,455
354,453
359,448
359,447
362,444
364,444
365,443
366,443
369,440
370,440
374,436
374,435
375,434
375,433
376,432
376,431
377,430
377,429
380,426
380,425
382,423
382,421
383,420
383,419
384,418
384,417
387,414
387,413
388,412
388,411
389,410
389,409
390,408
390,407
392,405
392,404
393,403
393,401
394,400
394,388
393,387
393,386
392,385
392,384
391,383
391,382
390,381
390,380
389,379
389,378
388,377
388,376
387,375
387,374
385,372
385,370
384,369
384,365
383,364
383,361
382,360
382,356
381,355
381,348
382,347
382,332
381,331
381,329
382,328
382,324
383,323
383,319
384,318
384,315
385,314
385,311
387,309
387,308
388,307
388,306
389,305
389,304
391,302
392,302
394,304
394,306
395,307
395,309
396,310
396,312
397,313
397,316
398,317
398,318
399,319
399,320
400,321
400,322
401,323
401,324
402,325
402,326
403,327
403,328
404,329
404,330
405,331
405,332
406,333
406,334
408,336
408,337
409,338
409,339
412,342
412,343
413,344
413,346
414,347
414,349
415,350
415,353
416,354
416,356
417,357
417,359
418,360
418,361
419,362
419,363
421,365
421,369
422,370
422,373
423,374
423,375
424,376
424,377
425,378
425,379
426,380
426,381
428,383
428,384
430,386
430,387
431,388
431,389
432,390
432,392
433,393
433,395
434,396
434,403
435,404
435,408
436,409
436,412
437,413
437,420
436,421
436,428
435,429
435,431
434,432
434,434
433,435
433,437
432,438
432,440
431,441
431,442
428,445
426,445
425,446
424,446
420,450
420,451
416,455
416,457
415,458
416,459
416,461
417,462
417,463
422,468
426,468
427,469
446,469
447,468
458,468
463,463
463,461
464,460
464,455
465,454
465,447
466,446
466,438
467,437
467,431
468,430
468,415
469,414
469,405
468,404
468,394
467,393
467,392
466,391
466,390
465,389
465,388
464,387
464,386
463,385
463,384
459,380
459,379
458,378
458,376
457,375
457,372
456,371
456,367
455,366
455,362
454,361
454,351
453,350
453,344
454,343
454,342
455,341
458,344
458,345
459,346
459,347
464,352
464,353
466,355
466,356
469,359
469,360
478,369
478,370
480,372
480,373
481,373
484,376
485,376
486,377
487,377
489,379
490,379
492,381
493,381
495,383
496,383
497,384
498,384
499,385
500,385
501,386
502,386
503,387
504,387
505,388
506,388
508,390
509,390
510,391
511,391
516,396
516,397
518,399
519,399
521,401
522,401
523,402
525,402
526,403
527,403
528,404
529,404
530,405
532,405
533,406
538,406
539,405
539,404
540,403
540,398
539,397
539,393
538,392
538,390
534,386
534,385
530,381
529,381
528,380
527,380
526,379
525,379
524,378
522,378
521,377
520,378
515,378
514,377
506,377
505,376
504,376
503,375
502,375
501,374
499,374
497,372
496,372
493,369
493,368
492,367
491,367
488,364
487,364
482,359
482,358
478,354
478,353
476,351
476,350
474,348
474,347
473,346
473,345
472,344
472,343
471,342
471,341
470,340
470,339
469,338
469,337
467,335
467,334
466,333
466,332
465,331
465,330
464,329
464,328
463,327
463,326
462,325
462,324
460,322
460,319
459,318
459,315
458,314
458,313
457,312
457,310
456,309
456,306
455,305
455,303
454,302
454,300
453,299
453,297
452,296
452,293
451,292
451,289
450,288
450,286
449,285
449,283
448,282
448,280
447,279
447,272
446,271
446,254
445,253
445,238
444,237
444,234
443,233
443,228
442,227
442,225
441,224
441,221
440,220
440,216
439,215
439,212
438,211
438,208
436,206
436,205
434,203
434,202
431,199
431,198
429,196
429,195
425,191
425,190
424,189
424,188
413,177
412,177
410,175
409,175
406,172
405,172
404,171
403,171
401,169
400,169
399,168
398,168
397,167
396,167
394,165
393,165
392,164
391,164
390,163
387,163
386,162
381,162
380,161
359,161
358,162
347,162
346,163
338,163
337,164
329,164
327,162
327,161
326,160
326,155
325,154
325,151
324,150
324,146
323,145
323,143
322,142
322,139
321,138
321,134
320,133
320,130
322,128
322,127
324,125
324,121
322,119
322,118
319,115
319,109
320,108
320,107
322,105
322,101
321,100
321,97
319,95
319,94
318,93
318,91
317,90
316,90
314,88
312,88
311,87
309,87
308,86
307,86
306,85
305,85
304,84
302,84
301,83
299,83
296,80
296,79
295,79
294,78
291,78
290,77
287,77
286,76
282,76
281,75
278,75
277,74
271,74
269,72
268,72
265,69
260,69
259,70
257,70
254,67
254,60
252,60
251,61
245,61
244,60
240,60
239,61
239,62
236,65
234,65
233,64
233,63
232,62
232,59
231,58
231,56
