1014
80,19
79,20
77,20
76,21
75,21
74,22
73,22
72,23
70,23
69,24
68,24
67,25
67,26
60,33
60,34
58,36
58,37
56,39
56,40
55,41
55,42
54,43
54,44
53,45
53,46
51,48
51,50
50,51
50,52
49,53
49,54
48,55
48,56
47,57
47,58
46,59
46,60
45,61
45,62
44,63
44,64
43,65
43,66
42,67
42,69
41,70
41,71
39,73
39,74
38,75
38,76
34,80
33,80
30,77
30,75
31,74
31,72
32,71
32,67
34,65
34,64
33,63
33,62
29,62
26,65
25,65
22,68
22,70
21,71
21,72
20,73
20,74
19,75
19,77
18,78
18,81
17,82
17,84
15,86
15,88
14,89
14,93
13,94
13,101
14,102
14,109
15,110
15,113
16,114
16,116
17,117
17,119
18,120
18,121
19,122
19,123
20,124
20,126
21,127
21,128
25,132
25,133
30,138
30,139
31,139
34,142
34,143
35,143
40,148
40,149
44,153
44,156
43,157
36,157
35,156
33,156
32,155
30,155
29,154
26,154
26,158
27,159
27,160
29,162
30,162
33,165
37,165
38,166
41,166
42,167
43,167
44,168
50,168
51,169
52,169
53,170
56,170
57,171
60,171
61,172
64,172
65,173
66,173
67,174
73,174
74,175
77,175
78,176
86,176
87,177
88,177
91,180
91,186
92,187
92,190
93,191
93,192
94,193
94,195
95,196
95,198
96,199
96,203
98,205
98,209
97,210
97,211
94,214
94,215
93,216
93,217
92,218
92,219
91,220
91,221
90,222
90,224
89,225
89,226
88,227
88,228
87,229
87,231
86,232
86,234
85,235
85,237
84,238
84,241
83,242
83,258
84,259
84,261
85,262
85,268
86,269
86,270
87,271
87,290
86,291
86,294
85,295
85,301
84,302
84,303
83,304
83,305
82,306
82,308
81,309
81,311
80,312
80,313
79,314
79,315
78,316
78,317
72,323
72,324
70,326
70,327
67,330
67,331
65,333
65,334
64,335
64,336
63,337
63,340
62,341
62,343
63,344
63,345
64,346
64,347
67,350
67,351
71,355
72,355
76,359
77,359
78,360
85,360
90,355
91,355
92,354
93,354
98,349
98,348
100,346
100,345
101,344
101,343
103,341
103,339
104,338
104,333
103,332
103,328
102,327
102,322
101,321
101,320
102,319
102,312
104,310
105,310
106,309
108,309
109,310
111,310
112,311
114,311
115,312
116,312
117,313
118,313
119,314
120,314
121,315
122,315
125,318
125,319
127,321
127,322
130,325
130,326
131,327
131,328
132,329
132,330
133,331
133,332
134,333
134,336
135,337
135,339
138,342
138,343
140,345
140,347
141,348
141,349
143,351
143,353
144,354
144,355
145,356
145,357
147,359
147,361
148,362
148,366
145,369
145,370
144,371
144,372
143,373
143,374
141,376
141,377
140,378
140,381
142,383
142,384
143,385
143,386
144,387
144,388
145,389
145,390
146,391
146,392
147,393
147,402
146,403
146,407
145,408
145,411
146,412
146,413
147,414
147,415
150,418
150,419
152,421
152,422
154,424
154,425
155,426
155,427
156,428
156,429
157,430
157,431
159,433
159,434
160,435
160,437
162,439
162,443
163,444
163,445
164,446
164,447
165,448
165,453
166,454
166,456
167,457
167,460
166,461
166,463
165,464
165,465
163,467
163,469
162,470
162,476
161,477
161,481
162,482
162,484
163,485
163,488
164,489
164,491
165,492
165,493
167,495
167,496
168,497
174,497
175,498
177,498
179,500
179,502
175,506
175,507
174,508
174,510
173,511
173,513
172,514
172,516
171,517
171,522
172,523
172,526
173,527
173,529
174,530
174,531
175,532
175,533
176,534
176,535
178,537
179,537
180,538
187,538
188,537
193,537
194,536
197,536
198,535
200,535
201,534
205,534
208,537
208,542
207,543
207,545
204,548
204,549
202,551
202,553
201,554
201,570
202,571
202,572
203,572
204,573
216,573
217,574
230,574
231,573
241,573
242,572
243,572
243,567
242,566
242,565
241,564
241,561
240,560
240,559
239,558
239,549
240,548
240,547
242,545
243,545
244,544
248,544
249,545
256,545
259,542
259,536
258,535
257,535
254,532
254,531
253,530
253,528
252,527
252,525
251,524
251,523
250,522
250,520
249,519
249,517
250,516
250,512
249,511
249,510
247,508
245,508
244,507
242,507
240,505
239,505
236,502
236,501
235,500
234,500
230,496
230,494
228,492
228,491
227,490
227,489
226,488
226,487
225,486
225,482
223,480
223,479
222,478
222,471
221,470
221,469
220,468
220,458
219,457
219,428
220,427
220,426
222,424
222,423
225,420
225,418
226,417
226,415
227,414
227,387
228,386
228,382
229,381
229,377
230,376
230,374
232,372
232,371
233,370
233,368
235,366
235,364
236,363
236,361
237,360
237,359
238,358
238,357
239,356
239,352
240,351
240,342
238,340
238,338
237,337
237,332
238,331
238,328
239,327
239,326
240,325
240,324
241,323
241,321
243,319
243,316
244,315
244,314
246,312
246,310
247,309
247,308
248,307
248,306
250,304
250,303
252,301
252,298
253,297
253,296
254,295
254,294
256,292
256,290
257,289
257,284
256,283
256,275
257,274
257,271
260,268
260,259
259,258
259,256
258,255
258,252
257,251
257,250
256,249
256,247
255,246
255,243
254,242
254,240
253,239
253,237
252,236
252,234
251,233
251,232
250,231
250,228
249,227
249,225
248,224
248,214
249,213
249,211
250,210
250,206
251,205
251,203
252,202
252,201
253,200
253,199
254,198
254,194
255,193
255,192
256,191
256,189
257,188
257,185
258,184
258,175
259,174
259,173
263,169
265,169
267,171
267,172
269,174
269,188
271,190
271,192
272,193
272,194
273,195
273,198
274,199
274,201
276,203
276,204
277,205
278,205
280,207
280,208
283,211
295,211
297,209
299,209
302,206
303,206
305,204
306,204
311,199
311,197
312,196
312,195
313,194
313,192
314,191
314,186
315,185
315,175
312,172
312,171
311,170
311,168
306,163
306,160
305,159
305,158
304,157
304,155
303,154
303,150
302,149
302,147
301,146
301,143
300,142
300,129
301,128
301,125
302,124
302,116
303,115
303,111
300,108
300,106
299,105
299,104
293,98
293,97
292,96
292,95
291,94
291,93
292,92
292,90
293,89
293,88
294,87
294,66
295,65
295,60
293,60
292,59
291,60
289,60
288,61
287,61
287,62
285,64
285,65
283,67
282,67
281,68
278,68
275,65
275,63
274,62
274,61
270,57
269,57
267,55
266,55
263,52
262,52
261,51
258,51
257,50
256,51
255,51
255,54
256,55
256,58
255,59
252,59
251,60
247,60
246,59
245,60
243,60
243,66
242,67
242,72
240,74
236,74
231,69
231,68
229,66
229,65
227,65
223,69
221,69
220,68
219,69
218,69
218,70
217,71
217,73
215,75
215,80
216,81
216,82
218,84
218,87
215,90
210,90
200,80
199,80
198,79
197,80
196,80
196,82
197,83
197,84
200,87
200,88
201,89
202,89
204,91
204,92
205,93
205,95
202,98
195,98
195,102
200,107
201,107
203,109
204,109
206,111
206,114
205,115
201,115
200,114
199,114
198,113
197,113
194,110
193,110
189,106
188,106
185,103
180,103
179,104
179,106
180,107
181,107
184,110
185,110
187,112
187,113
188,114
188,115
189,116
189,118
188,119
179,119
178,118
176,118
171,113
171,112
169,110
169,109
166,109
163,112
160,112
159,113
158,113
158,114
157,115
158,116
158,119
159,120
159,122
160,123
160,126
161,127
161,129
162,130
162,133
163,134
163,136
165,138
165,139
166,140
166,141
167,142
167,143
168,144
168,145
169,146
169,151
168,152
166,152
165,151
164,151
162,149
162,148
161,147
160,147
154,141
150,141
147,144
147,145
146,146
146,148
147,148
151,152
151,155
150,156
141,156
140,155
139,155
137,153
135,153
134,152
131,152
130,151
129,151
126,148
126,147
125,146
124,146
123,145
122,145
120,143
120,142
119,142
116,139
116,138
112,134
111,134
109,132
109,131
106,128
106,127
105,126
105,125
103,123
103,122
102,121
102,114
101,113
101,112
100,111
100,109
99,108
99,95
100,94
100,92
101,91
101,88
102,87
102,85
103,84
103,80
102,79
101,79
101,80
100,81
99,81
99,82
98,83
98,84
97,85
97,86
94,89
94,90
92,92
92,94
91,95
91,114
88,117
86,117
83,114
83,113
82,112
82,111
80,109
80,107
79,106
79,103
78,102
78,101
77,100
77,99
76,98
76,95
75,94
75,91
74,90
74,86
73,85
73,76
74,75
74,63
75,62
75,61
83,53
84,53
84,50
83,49
83,45
85,43
85,40
83,40
80,43
79,43
78,44
78,45
75,48
75,49
67,57
66,57
65,58
61,58
60,57
60,56
59,55
59,54
60,53
60,50
61,49
61,48
63,46
63,45
66,42
66,40
68,38
68,37
70,35
70,34
72,32
72,31
74,29
75,29
81,23
82,23
82,20
81,20
80,19
