1196
458,21
457,22
454,22
453,23
450,23
449,24
447,24
446,25
443,25
442,26
439,26
438,27
435,27
434,28
433,28
432,29
430,29
429,30
427,30
426,31
424,31
423,32
421,32
420,33
419,33
418,34
416,34
415,35
413,35
412,36
410,36
409,37
407,37
406,38
404,38
403,39
401,39
400,40
397,40
396,41
394,41
393,42
391,42
390,43
387,43
386,44
384,44
383,45
380,45
379,46
377,46
376,47
374,47
373,48
370,48
369,49
367,49
366,50
363,50
362,51
360,51
359,52
357,52
356,53
355,53
354,54
353,54
352,55
351,55
350,56
349,56
348,57
347,57
346,58
345,58
344,59
343,59
342,60
341,60
340,61
339,61
338,62
337,62
336,63
335,63
334,64
333,64
332,65
331,65
330,66
329,66
328,67
327,67
326,68
325,68
324,69
323,69
322,70
321,70
320,71
319,71
318,72
317,72
316,73
315,73
314,74
313,74
312,75
311,75
310,76
309,76
308,77
306,77
305,78
304,78
303,79
302,79
301,80
300,80
299,81
298,81
297,82
296,82
295,83
294,83
293,84
292,84
291,85
290,85
289,86
287,86
286,87
285,87
284,88
283,88
282,89
281,89
280,90
279,90
278,91
277,91
276,92
274,92
273,93
272,93
271,94
270,94
269,95
267,95
266,96
265,96
264,97
262,97
261,98
250,98
249,99
245,99
244,100
241,100
240,101
237,101
236,102
233,102
232,103
230,103
229,104
228,104
225,107
224,107
222,109
221,109
220,110
220,111
219,112
219,114
218,115
218,117
217,118
217,119
216,120
216,122
215,123
215,125
212,128
211,128
210,129
209,129
208,130
207,130
206,131
205,131
204,132
203,132
202,133
201,133
200,134
199,134
198,135
197,135
191,141
191,142
185,148
185,149
184,150
184,151
183,152
183,153
181,155
181,156
180,157
180,158
179,159
179,160
177,162
177,163
176,164
176,165
175,166
175,167
173,169
173,170
172,171
172,172
171,173
171,174
169,176
169,177
168,178
168,179
166,181
166,182
164,184
164,185
162,187
162,188
160,190
160,191
157,194
157,195
155,197
155,198
153,200
153,201
151,203
151,204
148,207
148,208
145,211
145,212
143,214
142,214
130,226
130,227
129,228
129,229
128,230
128,231
127,232
127,233
126,234
126,235
125,236
125,237
123,239
123,240
122,241
122,242
120,244
120,245
119,246
119,247
117,249
117,250
116,251
116,252
114,254
114,255
112,257
112,258
110,260
110,261
108,263
108,264
92,280
91,280
90,281
90,282
84,288
84,289
62,311
61,311
53,319
52,319
50,321
48,321
47,322
43,322
42,323
41,323
38,326
38,327
37,328
37,330
36,331
36,333
35,334
35,352
36,353
36,362
33,365
33,366
30,369
30,370
28,372
28,373
27,374
27,375
26,376
26,377
24,379
24,380
23,381
23,384
22,385
22,388
21,389
21,396
22,397
22,400
27,405
28,405
29,404
31,404
35,400
36,400
40,396
41,396
42,395
45,395
48,398
49,398
61,410
61,411
63,413
63,423
64,424
64,426
65,427
65,429
66,430
66,432
67,433
67,435
68,436
68,438
69,439
69,441
70,442
70,445
71,446
71,448
72,449
72,452
73,453
73,455
74,456
74,458
75,459
75,462
76,463
76,465
77,466
77,468
78,469
78,471
79,472
79,474
80,475
80,477
81,478
81,479
82,480
82,482
83,483
83,485
85,487
89,487
91,485
92,485
95,482
96,482
101,477
102,477
110,469
110,468
111,467
111,465
112,464
112,462
113,461
113,459
114,458
114,455
115,454
115,451
116,450
116,446
117,445
117,442
118,441
118,436
119,435
119,429
122,426
123,426
124,425
127,425
128,424
130,424
131,423
133,423
134,422
136,422
137,421
138,421
139,420
140,420
141,419
142,419
144,417
145,417
146,416
147,416
148,415
149,415
150,414
151,414
154,411
154,409
155,408
155,403
154,402
154,397
153,396
153,391
152,390
152,387
151,386
151,384
150,383
150,381
149,380
149,378
148,377
148,375
147,374
147,366
146,365
146,355
145,354
145,350
147,348
147,347
149,345
149,344
151,342
151,341
156,336
157,336
170,323
171,323
176,318
177,318
181,314
182,314
187,309
188,309
193,304
194,304
195,303
196,303
197,302
198,302
199,301
200,301
202,299
203,299
204,298
205,298
206,297
207,297
208,296
209,296
210,295
211,295
212,294
220,294
227,301
227,309
226,310
226,312
225,313
225,315
224,316
224,318
223,319
223,322
222,323
222,328
221,329
221,333
220,334
220,338
219,339
219,344
218,345
218,350
217,351
217,356
216,357
216,362
215,363
215,368
214,369
214,374
213,375
213,376
212,377
212,378
211,379
211,380
210,381
210,382
209,383
209,384
208,385
208,386
207,387
207,388
206,389
206,390
205,391
205,392
204,393
204,394
203,395
203,396
202,397
202,398
201,399
201,400
200,401
199,401
198,402
195,402
194,403
193,403
193,404
190,407
190,408
188,410
188,412
187,413
187,415
186,416
186,418
185,419
185,421
184,422
184,424
183,425
183,427
182,428
182,431
181,432
181,440
182,441
190,441
191,440
194,440
195,439
198,439
199,438
201,438
202,437
204,437
205,436
208,436
209,435
211,435
212,434
214,434
215,433
216,433
216,432
217,431
217,429
218,428
218,426
219,425
219,423
220,422
220,419
221,418
221,416
223,414
223,413
224,412
224,411
230,405
231,405
234,402
234,400
235,399
235,396
236,395
236,392
237,391
237,388
238,387
238,384
239,383
239,380
240,379
240,376
241,375
241,373
242,372
242,369
243,368
243,366
244,365
244,362
245,361
245,358
246,357
246,355
247,354
247,351
248,350
248,348
249,347
249,344
250,343
250,340
251,339
251,337
252,336
252,333
253,332
253,330
254,329
254,326
255,325
255,323
256,322
256,320
257,319
257,318
258,317
258,316
262,312
263,312
264,311
265,311
266,310
267,310
268,309
269,309
271,307
275,307
276,306
279,306
285,312
285,313
286,314
286,318
287,319
287,323
288,324
288,328
289,329
289,333
290,334
290,354
289,355
289,368
290,369
290,371
291,372
291,375
292,376
292,378
293,379
293,382
294,383
294,385
295,386
295,408
296,409
296,421
295,422
295,429
294,430
294,433
293,434
293,435
287,441
287,442
285,444
285,445
284,446
284,448
283,449
283,450
282,451
282,453
281,454
281,455
280,456
280,458
279,459
279,470
280,471
281,471
282,472
285,472
286,473
298,473
299,474
301,474
302,473
303,473
309,467
309,464
310,463
310,460
314,456
315,456
316,455
317,455
318,454
319,454
320,453
321,453
323,451
323,449
324,448
324,446
325,445
325,442
324,441
324,438
323,437
323,434
322,433
322,418
323,417
323,402
324,401
324,370
325,369
325,362
326,361
326,355
327,354
327,348
328,347
328,339
329,338
329,328
330,327
330,316
331,315
331,298
332,297
332,283
338,277
344,277
345,276
368,276
369,277
384,277
385,276
392,276
393,275
398,275
399,274
402,274
403,273
406,273
407,272
410,272
411,271
414,271
415,270
418,270
419,269
420,269
421,268
423,268
424,267
425,267
426,266
428,266
429,265
430,265
431,264
432,264
433,263
435,263
436,262
437,262
438,261
439,261
440,260
442,260
443,259
444,259
445,258
447,258
448,257
449,257
450,256
452,256
453,255
454,255
456,253
457,253
458,252
459,252
460,251
461,251
462,250
463,250
464,249
465,249
466,248
471,248
474,251
474,252
475,253
475,256
476,257
476,260
477,261
477,265
478,266
478,269
479,270
479,272
480,273
480,276
481,277
481,279
482,280
482,298
481,299
481,303
480,304
480,307
479,308
479,311
478,312
478,316
477,317
477,321
476,322
476,327
475,328
475,331
474,332
474,334
473,335
473,337
472,338
472,340
471,341
471,343
470,344
470,346
469,347
469,351
468,352
468,357
467,358
467,362
466,363
466,370
465,371
465,376
466,377
466,378
467,378
468,379
478,379
479,380
482,380
485,383
485,386
486,387
486,396
485,397
485,399
484,400
484,401
483,402
483,404
482,405
482,407
481,408
481,409
480,410
480,412
479,413
479,414
478,415
478,417
477,418
477,419
476,420
476,421
475,422
475,423
474,424
474,425
472,427
472,428
470,430
470,432
469,433
469,436
468,437
468,440
467,441
467,444
466,445
466,446
465,447
465,449
464,450
464,454
465,454
466,455
480,455
481,456
482,455
487,455
488,454
491,454
492,453
492,451
493,450
493,446
494,445
494,441
495,440
495,437
496,436
496,432
497,431
497,428
498,427
498,426
499,425
499,424
500,423
500,422
501,421
501,420
502,419
502,418
503,417
503,416
505,414
505,413
507,411
508,411
511,408
511,406
512,405
512,400
513,399
513,394
514,393
514,388
515,387
515,383
516,382
516,379
517,378
517,375
518,374
518,370
519,369
519,366
520,365
520,362
521,361
521,357
522,356
522,353
523,352
523,349
524,348
524,344
525,343
525,340
526,339
526,336
527,335
527,331
528,330
528,327
529,326
529,323
530,322
530,319
531,318
531,314
532,313
532,310
533,309
533,306
534,305
534,301
535,300
535,297
534,296
534,291
533,290
533,288
532,287
532,286
531,285
531,284
530,283
530,281
529,280
529,279
528,278
528,277
527,276
527,275
526,274
526,270
525,269
525,265
524,264
524,259
523,258
523,254
524,253
524,249
525,248
525,244
526,243
526,240
527,239
527,235
528,234
528,230
529,229
529,225
530,224
530,220
531,219
531,214
532,213
532,209
533,208
533,204
534,203
534,199
535,198
535,193
536,192
536,188
537,187
537,183
538,182
538,178
539,177
539,174
540,173
540,170
541,169
541,165
542,164
542,161
543,160
543,157
544,156
544,153
545,152
545,148
546,147
546,144
547,143
547,140
548,139
548,135
549,134
549,131
550,130
550,127
551,126
551,122
552,121
552,107
554,105
555,105
556,104
562,104
563,103
568,103
572,99
572,97
573,96
573,95
574,94
574,92
575,91
575,88
576,87
576,70
575,69
575,66
574,65
574,64
573,63
573,62
572,61
572,60
571,59
571,58
566,53
565,53
562,50
559,50
558,49
549,49
548,50
544,50
543,51
535,51
534,50
533,50
530,47
529,47
526,44
525,44
524,43
523,43
522,42
521,42
520,41
519,41
518,40
517,40
516,39
515,39
513,37
512,37
511,36
510,36
509,35
508,35
507,34
506,34
505,33
504,33
503,32
502,32
501,31
499,31
498,30
497,30
496,29
495,29
494,28
493,28
492,27
490,27
489,26
486,26
485,25
482,25
481,24
479,24
478,23
475,23
474,22
470,22
469,21
458,21
