876
432,14
431,15
408,15
407,16
400,16
399,17
388,17
387,18
299,18
298,17
288,17
287,16
274,16
273,15
260,15
259,16
243,16
242,17
235,17
234,18
231,18
228,21
227,21
225,23
222,23
221,22
216,22
215,23
213,23
212,24
211,24
210,25
208,25
207,26
206,26
205,27
202,27
201,28
198,28
197,29
195,29
194,30
191,30
190,31
188,31
187,32
184,32
183,33
178,33
177,34
173,34
172,33
171,33
169,31
168,31
166,29
164,29
163,28
160,28
159,27
154,27
153,28
151,28
151,29
148,32
148,33
146,35
146,36
143,39
143,40
142,41
142,42
140,44
140,45
138,47
138,48
135,51
128,51
127,52
125,52
124,53
122,53
121,54
120,54
119,55
118,55
117,56
116,56
115,57
114,57
110,61
109,61
107,63
107,64
105,66
105,67
104,68
104,69
102,71
102,72
101,73
101,74
99,76
99,77
93,83
92,83
90,85
88,85
87,86
80,86
79,85
77,85
76,84
75,84
74,83
72,83
71,82
70,82
69,81
67,81
66,80
65,80
64,79
63,79
62,78
61,78
60,77
59,77
57,75
54,75
53,76
53,77
52,78
52,81
51,82
51,90
50,91
50,93
49,94
49,95
46,98
45,98
44,99
42,99
41,98
40,98
39,97
38,97
36,95
35,95
30,90
30,89
28,87
28,86
26,84
26,83
25,82
25,81
24,80
24,79
23,78
23,74
22,73
22,69
21,70
20,69
19,70
19,71
18,72
18,74
17,75
17,77
16,78
16,80
15,81
15,83
14,84
14,86
13,87
13,88
12,89
12,91
11,92
11,107
12,108
12,110
13,111
13,112
14,113
14,114
15,115
15,116
16,117
16,119
17,120
17,123
18,124
18,127
20,129
20,130
22,132
22,139
21,140
21,148
22,149
22,153
23,154
23,158
25,160
25,161
27,163
27,164
32,169
33,169
34,170
36,170
37,171
49,171
50,172
52,172
53,173
54,173
55,174
56,174
57,175
58,175
59,176
61,176
62,177
64,177
65,178
68,178
69,179
72,179
73,180
94,180
95,179
99,179
100,178
103,178
104,177
107,177
108,176
110,176
111,175
113,175
114,174
115,174
116,173
117,173
118,172
119,172
120,171
121,171
122,170
123,170
125,168
127,168
128,167
129,167
130,166
131,166
132,165
134,165
135,164
137,164
138,163
139,163
140,164
141,164
142,165
143,165
144,166
145,166
147,168
148,168
150,170
151,170
154,173
155,173
158,176
159,176
162,179
163,179
165,181
166,181
168,183
169,183
171,185
172,185
174,187
175,187
178,190
179,190
183,194
184,194
189,199
190,199
193,202
194,202
197,205
198,205
200,207
201,207
204,210
205,210
210,215
211,215
213,217
213,218
214,219
214,220
215,221
215,222
216,223
216,224
218,226
218,228
219,229
219,230
220,231
220,232
221,233
221,234
222,235
222,236
223,237
223,238
224,239
224,240
225,241
225,243
226,244
226,245
227,246
227,247
228,248
228,249
229,250
229,252
230,253
230,254
231,255
231,256
232,257
232,258
234,260
234,262
235,263
235,267
236,268
236,272
237,273
237,278
238,279
238,285
239,286
239,294
238,295
238,312
237,313
237,318
236,319
236,320
234,322
234,323
232,325
232,326
229,329
229,330
227,332
227,333
225,335
225,337
224,338
224,340
225,341
225,343
227,345
228,345
229,346
230,345
234,345
235,346
241,346
242,347
245,347
246,348
247,348
248,349
251,349
252,350
256,350
257,351
262,351
263,350
265,350
266,349
267,349
269,347
271,347
272,346
274,346
277,343
277,342
279,340
279,339
280,338
306,338
307,337
309,337
311,335
312,335
314,333
315,333
319,329
319,325
318,324
318,320
317,319
317,317
316,316
316,315
315,314
315,313
314,312
314,311
313,310
313,308
312,307
312,305
311,304
311,301
310,300
310,297
309,296
309,291
308,290
308,280
307,279
307,273
306,272
306,268
305,267
305,263
304,262
304,259
303,258
303,256
302,255
302,253
301,252
301,251
300,250
300,249
299,248
299,247
298,246
298,245
297,244
297,242
296,241
296,236
295,235
295,227
296,226
296,225
298,223
304,223
305,224
309,224
310,225
313,225
314,226
317,226
318,227
321,227
322,228
324,228
325,229
329,229
330,230
340,230
341,231
348,231
349,232
373,232
374,231
382,231
383,230
386,230
387,229
391,229
392,228
396,228
397,227
400,227
401,226
403,226
404,225
406,225
407,224
408,224
409,223
411,223
412,222
414,222
415,221
416,221
417,220
418,220
419,219
420,219
421,218
422,218
424,216
425,216
427,214
428,214
431,211
432,211
436,207
437,207
441,203
442,203
451,194
451,193
452,192
452,191
453,190
454,190
456,192
456,193
457,194
457,195
458,196
458,198
459,199
459,201
460,202
460,204
461,205
461,211
462,212
462,230
461,231
461,239
460,240
460,247
459,248
459,258
458,259
458,263
457,264
457,266
456,267
456,269
455,270
455,271
454,272
454,274
453,275
453,278
452,279
452,281
451,282
451,283
450,284
450,285
449,286
449,287
448,288
448,289
447,290
447,292
446,293
446,294
445,295
445,296
441,300
441,301
439,303
439,304
438,305
438,306
437,307
437,308
434,311
434,312
433,313
433,314
431,316
431,317
430,318
430,319
429,320
429,321
428,322
428,324
427,325
427,330
428,331
428,332
430,332
431,333
433,333
434,334
453,334
454,335
463,335
464,334
466,334
467,333
468,333
469,332
470,332
473,329
474,329
476,327
476,322
475,321
475,310
476,309
476,305
478,303
478,302
479,301
479,300
481,298
481,297
496,282
497,282
497,281
501,277
501,274
502,273
502,270
503,269
503,253
504,252
504,251
506,249
507,249
510,252
510,256
511,257
511,261
512,262
512,268
513,269
513,278
514,279
514,292
515,293
515,305
514,306
514,309
513,310
513,312
512,313
512,314
510,316
510,317
497,330
497,331
496,332
496,334
495,335
495,337
494,338
494,344
495,345
498,345
499,346
516,346
517,347
521,347
522,348
527,348
528,349
542,349
543,348
544,348
545,347
546,347
547,346
547,344
548,343
548,339
547,338
547,332
546,331
546,324
545,323
545,306
546,305
546,299
547,298
547,294
548,293
548,290
549,289
549,287
550,286
550,285
551,284
551,283
552,282
552,281
553,280
553,279
555,277
555,276
556,275
556,273
557,272
557,270
558,269
558,261
557,260
557,259
556,258
556,256
555,255
555,253
554,252
554,250
553,249
553,245
552,244
552,240
551,239
551,230
550,229
550,221
551,220
551,211
552,210
552,205
553,204
553,201
554,200
554,198
555,197
555,196
556,195
556,194
557,193
557,192
558,191
558,190
559,189
559,188
560,187
560,186
561,185
561,184
562,183
562,182
563,181
563,180
564,179
564,178
565,177
565,176
566,175
566,173
567,172
567,170
568,169
568,168
569,167
569,165
570,164
570,162
571,161
571,159
572,158
572,155
573,154
573,150
576,147
582,147
583,146
584,146
584,135
583,134
583,130
582,129
582,121
581,120
581,115
580,114
580,111
579,110
579,106
578,105
578,102
577,101
577,98
576,97
576,95
575,94
575,92
574,91
574,89
573,88
573,86
572,85
572,83
571,82
571,81
570,80
570,79
569,78
569,77
568,76
568,75
567,74
567,73
565,71
565,70
564,69
564,68
562,66
562,65
559,62
559,61
552,54
551,54
546,49
545,49
541,45
540,45
533,38
532,38
529,35
528,35
526,33
525,33
524,32
523,32
521,30
520,30
519,29
518,29
517,28
515,28
514,27
513,27
512,26
510,26
509,25
508,25
507,24
506,24
505,23
504,23
503,22
502,22
501,21
499,21
498,20
495,20
494,19
489,19
488,18
472,18
471,17
467,17
466,16
460,16
459,15
435,15
434,14
432,14
