1057
475,51
474,52
467,52
466,53
463,53
462,54
460,54
459,55
457,55
456,56
454,56
453,57
452,57
451,58
449,58
448,59
447,59
446,60
444,60
443,61
442,61
441,62
439,62
438,63
436,63
435,64
433,64
432,65
430,65
429,66
425,66
424,67
421,67
420,68
417,68
416,69
413,69
412,70
408,70
407,71
403,71
402,72
396,72
395,73
390,73
389,74
386,74
385,75
383,75
382,76
380,76
379,77
375,77
374,78
371,78
370,79
368,79
367,80
366,80
365,81
364,81
361,84
360,84
357,87
349,87
348,86
346,86
345,85
344,85
343,84
341,84
340,83
337,83
336,82
333,82
332,81
329,81
328,80
324,80
323,79
319,79
318,78
313,78
312,77
282,77
281,78
276,78
275,79
271,79
270,80
267,80
266,81
264,81
263,82
260,82
259,83
258,83
257,84
255,84
254,85
253,85
251,87
249,87
248,88
247,88
243,92
241,92
240,93
230,93
229,92
228,92
224,88
223,88
221,86
220,86
219,85
218,85
217,84
216,84
215,83
214,83
213,82
212,82
211,81
210,81
209,80
207,80
206,79
205,79
203,77
202,77
201,76
200,76
199,75
198,75
197,74
196,74
195,73
194,73
193,72
192,72
191,71
190,71
188,69
187,69
186,68
185,68
184,67
183,67
182,66
181,66
180,65
179,65
178,64
176,64
175,63
174,63
173,62
171,62
170,61
168,61
167,60
166,60
165,59
163,59
162,58
161,58
160,57
157,57
156,56
153,56
152,55
148,55
147,54
135,54
134,55
128,55
127,56
124,56
123,57
120,57
119,58
118,58
117,59
116,59
115,60
114,60
113,61
111,61
110,62
109,62
108,63
107,63
106,64
105,64
104,65
103,65
102,66
101,66
99,68
98,68
96,70
95,70
89,76
88,76
86,78
85,78
84,79
83,79
81,81
80,81
79,82
78,82
77,83
75,83
74,84
73,84
72,85
70,85
69,86
68,86
66,88
65,88
61,92
60,92
57,95
56,95
53,98
52,98
50,100
49,100
47,102
46,102
43,105
42,105
33,114
32,114
30,116
29,116
26,119
25,119
22,122
21,122
18,125
17,125
14,128
14,129
11,132
11,133
10,134
10,135
9,136
9,143
10,144
10,149
11,150
11,153
12,154
12,158
13,159
13,163
14,164
14,167
15,168
15,172
16,173
16,176
17,177
17,181
18,182
18,187
19,188
19,194
20,195
20,199
21,200
21,205
22,206
22,212
23,213
23,220
24,221
24,233
25,234
25,241
26,242
26,245
27,246
27,248
28,249
28,250
30,252
31,252
32,253
33,253
34,254
35,254
36,255
38,255
39,256
41,256
42,257
43,257
44,258
46,258
47,259
50,259
51,260
56,260
57,261
63,261
64,262
72,262
73,263
80,263
81,264
86,264
87,265
90,265
91,266
94,266
95,267
97,267
98,268
100,268
101,269
102,269
103,270
104,270
105,271
106,271
107,272
108,272
109,273
111,273
112,274
113,274
114,275
115,275
117,277
118,277
120,279
121,279
124,282
125,282
127,284
128,284
129,285
130,285
136,291
136,292
139,295
139,296
141,298
141,299
142,300
142,301
147,306
148,306
149,307
150,307
151,308
156,308
158,306
159,306
163,302
164,302
168,298
169,298
174,293
174,292
175,291
175,290
177,288
177,287
184,280
184,279
191,272
191,271
193,269
193,268
196,265
196,264
200,260
200,259
206,253
207,253
207,252
208,251
210,253
208,255
208,256
207,257
207,258
206,259
206,260
205,261
205,263
204,264
204,265
203,266
203,267
202,268
202,270
201,271
201,273
200,274
200,275
199,276
199,278
198,279
198,280
197,281
197,282
196,283
196,285
195,286
195,288
194,289
194,291
193,292
193,294
192,295
192,297
191,298
191,300
190,301
190,303
189,304
189,306
188,307
188,310
187,311
187,315
186,316
186,320
185,321
185,351
186,352
186,365
187,366
187,373
188,374
188,382
189,383
189,393
190,394
190,398
191,399
191,404
192,405
192,408
193,409
193,413
194,414
194,418
195,419
195,429
196,430
196,435
197,436
197,440
198,441
198,445
199,446
199,453
200,454
200,471
201,472
201,482
202,483
202,492
203,493
203,502
204,503
204,517
205,518
205,544
206,545
206,547
207,548
207,549
208,550
208,551
210,553
211,553
212,554
213,554
214,555
215,555
216,556
218,556
219,557
244,557
245,556
247,556
248,555
249,555
250,554
252,554
253,553
254,553
255,552
256,552
257,551
258,551
262,547
263,547
268,542
268,541
269,540
269,539
270,538
270,536
271,535
271,533
272,532
272,529
273,528
273,525
274,524
274,523
275,522
275,520
276,519
276,517
277,516
277,513
278,512
278,510
279,509
279,506
280,505
280,502
281,501
281,498
282,497
282,495
283,494
283,492
284,491
284,488
285,487
285,485
286,484
286,483
287,482
287,480
288,479
288,478
289,477
289,476
290,475
290,473
291,472
291,470
292,469
292,467
293,466
293,464
294,463
294,461
295,460
295,458
296,457
296,455
297,454
297,452
298,451
298,448
299,447
299,446
300,445
300,444
301,443
301,442
302,441
302,440
303,439
303,438
304,437
304,436
305,435
305,434
306,433
306,432
307,431
307,430
313,424
315,424
317,426
317,427
318,428
318,430
319,431
319,433
320,434
320,436
321,437
321,438
322,439
322,441
323,442
323,443
324,444
324,446
325,447
325,449
326,450
326,452
327,453
327,455
328,456
328,457
329,458
329,460
330,461
330,463
331,464
331,466
332,467
332,469
333,470
333,474
334,475
334,480
335,481
335,485
336,486
336,491
337,492
337,497
338,498
338,504
339,505
339,513
340,514
340,519
341,520
341,523
342,524
342,526
343,527
343,530
344,531
344,534
345,535
345,540
346,541
346,543
347,544
348,544
350,546
351,546
353,548
354,548
355,549
356,549
357,550
358,550
359,551
361,551
362,552
367,552
368,553
376,553
377,552
382,552
383,551
386,551
387,550
388,550
389,549
390,549
391,548
393,548
394,547
395,547
396,546
397,546
398,545
399,545
400,544
401,544
402,543
403,543
404,542
405,542
407,540
407,536
408,535
408,531
409,530
409,517
410,516
410,481
411,480
411,469
412,468
412,452
413,451
413,434
414,433
414,420
415,419
415,412
416,411
416,401
417,400
417,389
418,388
418,371
419,370
419,358
420,357
420,353
421,352
421,351
422,350
427,355
428,355
429,356
430,356
431,357
432,357
433,358
434,358
435,359
436,359
437,360
438,360
439,361
440,361
442,363
444,363
445,364
447,364
448,365
468,365
469,364
473,364
474,363
476,363
478,361
479,361
482,358
483,358
485,356
486,356
488,354
489,354
490,353
491,353
492,352
493,352
506,339
506,338
507,337
507,336
508,335
508,333
509,332
509,330
510,329
510,326
506,326
505,327
504,327
503,328
502,328
500,330
500,331
499,332
499,333
498,334
498,336
497,337
497,339
493,343
492,343
490,345
489,345
487,347
486,347
479,354
478,354
477,355
476,355
475,356
474,356
473,357
461,357
460,356
458,356
457,355
455,355
454,354
453,354
451,352
450,352
447,349
446,349
441,344
440,344
431,335
430,335
426,331
426,330
424,328
424,327
423,326
423,323
422,322
422,307
421,306
421,299
420,298
420,293
419,292
419,286
418,285
418,280
417,279
417,274
416,273
416,269
415,268
415,266
414,265
414,263
413,262
413,260
412,259
412,258
411,257
411,256
410,255
410,253
408,251
408,250
407,249
407,248
406,247
406,246
405,245
405,243
403,241
403,240
402,239
402,238
400,236
400,232
401,231
405,235
406,235
409,238
410,238
414,242
415,242
418,245
419,245
425,251
426,251
429,254
430,254
432,256
433,256
436,259
437,259
439,261
440,261
442,263
443,263
444,264
445,264
446,265
447,265
448,266
449,266
450,267
451,267
454,270
455,270
458,273
459,273
460,274
461,274
462,275
463,275
464,276
465,276
466,277
468,277
469,278
472,278
473,279
475,279
476,280
485,280
486,279
487,279
491,275
491,274
492,273
492,272
493,271
493,269
494,268
494,266
496,264
496,263
499,260
499,259
502,256
503,256
508,251
509,251
516,244
517,244
521,240
522,240
524,238
525,238
528,235
529,235
530,234
531,234
534,231
535,231
541,225
542,225
546,221
547,221
549,219
550,219
551,218
552,218
558,212
558,211
559,210
559,209
561,207
561,206
562,205
562,204
564,202
564,201
565,200
565,199
566,198
566,196
567,195
567,187
566,186
566,184
565,183
565,182
564,181
564,180
563,179
563,177
562,176
562,175
561,174
561,173
560,172
560,171
559,170
559,168
558,167
558,165
557,164
557,163
556,162
556,161
555,160
555,159
554,158
554,157
553,156
553,155
552,154
552,153
550,151
550,150
548,148
548,147
547,146
547,145
545,143
545,142
544,141
544,139
543,138
543,137
542,136
542,133
541,132
541,129
540,128
540,121
541,120
541,115
542,114
542,109
543,108
543,104
544,103
544,99
545,98
545,88
544,87
544,84
543,83
543,81
542,80
542,78
541,77
541,76
539,74
539,73
536,70
535,70
533,68
532,68
531,67
530,67
528,65
527,65
526,64
525,64
524,63
523,63
522,62
521,62
520,61
519,61
518,60
517,60
516,59
515,59
514,58
512,58
511,57
509,57
508,56
506,56
505,55
502,55
501,54
498,54
497,53
494,53
493,52
488,52
487,51
475,51
