1055
90,4
89,5
87,5
84,8
84,9
80,13
76,13
73,10
73,9
72,8
72,7
71,6
71,5
67,5
63,9
63,11
62,12
62,18
63,19
63,20
65,22
65,23
66,24
66,25
67,26
67,27
68,28
68,29
69,30
69,33
70,34
70,37
71,38
71,44
69,46
66,46
65,45
56,45
55,46
53,46
52,47
49,47
48,48
46,48
42,52
41,52
36,57
35,57
30,62
29,62
25,66
24,66
19,71
18,71
18,72
15,75
14,75
5,84
5,86
4,87
4,90
5,91
5,93
7,95
7,96
8,97
8,98
9,99
10,99
11,100
13,100
14,101
16,101
17,102
18,102
20,104
21,104
22,105
23,105
26,108
26,110
25,111
25,113
24,114
25,115
25,117
31,117
32,116
36,116
37,115
42,115
43,114
44,114
45,113
46,113
47,112
48,112
49,111
50,111
51,110
52,110
53,109
55,109
56,108
57,108
58,107
59,107
60,106
62,106
63,105
64,106
67,106
68,107
69,107
73,111
73,112
80,119
80,120
82,122
82,123
92,133
93,133
101,141
101,142
102,143
103,143
109,149
110,149
118,157
119,157
126,164
127,164
132,169
134,169
136,171
137,171
138,172
139,172
140,173
141,173
142,174
144,174
146,176
147,176
149,178
151,178
152,179
153,179
154,180
156,180
157,181
159,181
160,182
162,182
163,183
165,183
166,184
168,184
170,186
171,186
173,188
173,199
174,200
174,213
175,214
175,216
176,217
176,219
177,220
177,221
178,222
178,224
179,225
179,227
180,228
180,229
181,230
181,232
182,233
182,234
190,242
190,243
194,247
216,247
217,246
221,246
222,245
224,245
224,244
228,240
228,234
227,233
227,230
226,229
225,229
224,228
221,228
220,227
216,227
215,226
201,226
199,224
199,223
197,221
197,218
196,217
196,207
195,206
195,199
196,198
196,196
197,195
197,194
199,192
200,192
201,191
204,191
205,192
211,192
212,191
216,191
217,192
241,192
242,193
264,193
265,194
277,194
278,195
279,195
282,198
282,199
283,200
283,201
285,203
285,204
287,206
287,207
289,209
289,210
290,211
290,212
293,215
293,216
294,217
294,218
295,219
295,220
297,222
297,223
299,225
299,226
300,227
300,228
302,230
302,231
306,235
306,236
310,240
311,240
321,250
322,250
324,252
325,252
329,256
330,256
332,258
333,258
334,259
335,259
340,264
341,264
342,265
343,265
345,267
346,267
350,271
351,271
352,272
354,272
356,274
357,274
358,275
359,275
361,277
363,277
366,280
367,280
374,287
375,287
378,290
378,291
387,300
387,301
390,304
390,305
393,308
393,309
394,310
394,311
395,312
395,313
396,314
396,315
397,316
397,317
399,319
399,320
402,323
402,324
409,331
409,332
414,337
414,338
417,341
417,342
418,343
418,344
420,346
420,347
421,348
421,349
424,352
424,353
425,354
425,355
427,357
427,358
429,360
429,361
431,363
431,365
432,366
432,378
431,379
431,387
430,388
430,394
429,395
429,412
428,413
428,425
429,426
429,433
430,434
430,438
431,439
431,443
432,444
432,446
433,447
433,448
437,452
438,452
439,453
440,453
444,457
445,457
446,458
447,458
449,460
450,460
451,461
452,461
453,462
454,462
455,463
457,463
458,464
460,464
461,465
464,465
465,466
467,466
468,467
469,467
470,468
471,468
472,469
477,469
478,470
488,470
489,471
498,471
499,470
501,470
502,469
504,469
505,468
507,468
507,464
506,463
506,461
504,461
503,460
497,460
496,459
495,459
491,455
490,455
480,445
479,445
478,444
477,444
474,441
473,441
472,440
471,440
467,436
467,435
466,434
466,430
465,429
465,428
464,427
464,416
463,415
463,399
462,398
462,391
463,390
463,338
458,333
457,333
455,331
455,330
446,321
446,320
436,310
436,309
435,308
435,307
431,303
431,302
428,299
428,298
426,296
426,295
424,293
424,292
422,290
422,289
421,288
421,287
418,284
418,283
416,281
416,280
413,277
413,276
412,275
412,274
411,273
411,272
409,270
409,268
408,267
408,265
407,264
407,263
406,262
406,260
404,258
404,256
403,255
403,254
402,253
402,252
401,251
401,249
400,248
400,246
398,244
398,241
397,240
397,237
396,236
396,233
395,232
395,228
396,227
396,225
398,223
398,222
407,213
408,213
409,212
410,212
413,209
414,209
420,203
420,202
421,201
421,197
422,196
422,182
423,181
423,180
426,177
430,177
431,178
432,178
439,185
439,186
440,187
440,188
442,190
442,191
443,192
443,193
444,194
444,195
445,196
445,197
446,198
446,200
447,201
447,202
449,204
449,206
450,207
450,208
451,209
451,211
452,212
452,214
453,215
453,216
454,217
454,219
455,220
455,221
456,222
456,224
457,225
457,227
458,228
458,229
459,230
459,231
460,232
460,233
461,234
461,237
462,238
462,240
463,241
463,244
464,245
464,247
465,248
465,249
466,250
466,252
467,253
467,256
468,257
468,259
469,260
469,262
470,263
470,267
471,268
471,274
472,275
472,281
473,282
473,285
474,286
474,295
475,296
475,300
476,301
476,308
477,309
477,314
478,315
478,318
479,319
479,321
480,322
480,326
481,327
481,330
482,331
482,334
483,335
483,337
484,338
484,341
485,342
485,345
486,346
486,349
487,350
487,352
488,353
488,355
489,356
489,358
490,359
490,361
491,362
491,364
492,365
492,367
493,368
493,370
494,371
494,373
495,374
495,376
496,377
496,379
497,380
497,381
498,382
498,384
499,385
499,388
500,389
500,390
501,391
501,392
502,393
502,394
503,395
503,396
504,397
504,398
506,400
506,401
507,402
507,403
508,404
508,405
509,406
509,407
510,408
510,409
511,410
511,411
514,414
514,415
515,416
515,417
516,418
516,419
517,420
517,421
518,422
518,423
521,426
521,427
522,428
522,429
523,430
523,431
526,434
526,435
530,439
530,440
531,441
531,442
535,446
535,447
540,452
541,452
542,453
543,453
548,458
550,458
552,460
554,460
555,461
557,461
558,462
580,462
582,460
582,458
578,454
577,454
575,452
574,452
569,447
568,447
556,435
555,435
550,430
550,428
549,427
549,425
548,424
548,423
547,422
547,421
546,420
546,419
545,418
545,417
544,416
544,415
543,414
543,412
542,411
542,410
541,409
541,407
540,406
540,405
539,404
539,403
538,402
538,400
537,399
537,397
535,395
535,394
534,393
534,392
532,390
532,389
530,387
530,385
529,384
529,380
528,379
528,377
527,376
527,374
526,373
526,369
525,368
525,364
524,363
524,361
523,360
523,358
522,357
522,354
521,353
521,349
520,348
520,343
519,342
519,336
518,335
518,330
517,329
517,323
516,322
516,314
515,313
515,309
514,308
514,300
513,299
513,291
512,290
512,279
511,278
511,272
510,271
510,261
509,260
509,254
508,253
508,246
507,245
507,236
506,235
506,231
505,230
505,225
504,224
504,219
503,218
503,216
502,215
502,212
501,211
501,208
500,207
500,204
499,203
499,199
498,198
498,197
497,196
497,194
496,193
496,192
495,191
495,189
494,188
494,186
493,185
493,184
492,183
492,182
491,181
491,180
490,179
490,177
489,176
489,175
488,174
488,172
487,171
487,169
485,167
485,166
484,165
484,164
482,162
482,161
481,160
481,159
479,157
479,156
476,153
476,151
475,150
475,149
472,146
472,145
470,143
470,142
468,140
468,139
464,135
464,134
460,130
460,129
457,126
457,125
453,121
453,120
448,115
448,114
442,108
441,108
439,106
438,106
436,104
435,104
434,103
433,103
429,99
428,99
426,97
425,97
423,95
422,95
420,93
419,93
418,92
417,92
414,89
413,89
412,88
411,88
410,87
409,87
408,86
407,86
405,84
404,84
403,83
402,83
401,82
400,82
399,81
398,81
396,79
395,79
394,78
393,78
392,77
391,77
390,76
389,76
387,74
386,74
385,73
384,73
383,72
382,72
381,71
380,71
379,70
378,70
377,69
374,69
373,68
371,68
370,67
368,67
367,66
364,66
363,65
361,65
360,64
359,64
358,63
356,63
355,62
353,62
352,61
350,61
349,60
346,60
345,59
342,59
341,58
338,58
337,57
331,57
330,56
327,56
326,55
322,55
321,54
316,54
315,53
311,53
310,52
305,52
304,51
292,51
291,50
283,50
282,49
281,50
273,50
272,51
268,51
267,52
265,52
264,53
261,53
260,54
257,54
256,55
253,55
252,56
249,56
248,57
246,57
245,58
240,58
239,59
237,59
236,60
235,60
234,61
231,61
230,62
228,62
227,63
225,63
224,64
221,64
220,65
218,65
217,66
215,66
214,67
210,67
209,68
207,68
206,69
205,69
204,70
202,70
201,71
199,71
198,72
197,72
196,73
194,73
193,74
190,74
189,75
187,75
186,76
185,76
184,77
182,77
181,78
178,78
177,79
176,79
175,80
173,80
172,81
171,81
170,82
169,82
168,83
167,83
166,84
164,84
163,85
162,85
161,86
159,86
158,87
155,87
154,88
137,88
136,87
135,87
134,86
133,86
131,84
130,84
126,80
125,80
123,78
122,78
116,72
115,72
114,71
113,71
110,68
110,66
107,63
107,62
105,60
105,59
103,57
103,56
102,55
102,52
101,51
101,43
100,42
101,41
101,28
102,27
102,18
101,17
101,13
100,12
100,10
99,9
99,8
98,7
97,7
96,6
95,6
94,5
92,5
91,4
90,4
