1189
412,10
411,11
409,11
407,13
407,15
406,16
406,18
405,19
405,21
404,22
404,29
403,30
402,30
401,29
399,29
398,28
397,29
395,29
395,31
394,32
394,36
395,37
395,40
396,41
396,42
397,43
397,44
398,45
398,46
402,50
402,51
403,52
403,53
409,59
409,60
411,62
411,64
412,65
412,66
415,69
415,70
416,71
416,76
417,77
417,92
416,93
409,93
407,91
406,91
404,89
403,89
402,88
400,88
399,87
397,87
396,86
395,86
394,85
393,85
391,83
391,82
390,81
390,55
389,54
389,52
388,51
388,50
387,49
387,47
384,44
384,42
383,41
381,41
380,40
378,40
377,41
375,41
375,43
374,44
374,50
375,51
375,53
376,54
376,69
375,70
374,70
372,68
372,67
369,64
369,63
367,61
367,59
364,56
364,55
363,54
363,53
362,52
362,50
361,49
361,47
360,46
360,45
359,44
359,43
358,42
358,40
357,39
357,30
356,29
356,22
354,20
353,20
352,19
350,19
349,18
348,18
347,19
345,19
345,21
344,22
344,35
345,36
345,42
344,43
341,43
340,42
338,42
337,43
335,43
335,45
334,46
334,49
335,50
335,55
336,56
336,58
344,66
345,66
348,69
348,70
350,70
351,71
352,71
357,76
357,77
360,80
360,81
366,87
366,88
369,91
369,97
370,98
370,100
371,101
371,103
372,104
372,105
373,106
373,107
374,108
374,110
375,111
375,112
376,113
376,114
378,116
378,118
379,119
379,120
380,121
380,122
381,122
385,126
385,130
384,131
384,144
383,145
383,158
384,159
384,171
385,172
385,174
387,176
387,181
385,183
385,185
384,186
384,190
382,192
380,192
379,193
377,193
376,194
375,194
372,197
371,197
368,194
367,194
366,193
365,193
364,192
362,192
361,191
360,191
357,188
356,188
354,186
353,186
352,185
351,185
349,183
347,183
346,182
343,182
342,181
340,181
339,180
336,180
335,179
331,179
330,178
328,178
327,177
323,177
322,176
320,176
319,175
312,175
311,174
298,174
297,173
296,173
295,172
293,172
292,171
290,171
289,170
286,170
284,168
283,168
282,167
281,167
280,166
278,166
277,165
271,165
269,163
267,163
266,162
264,162
263,161
262,161
260,159
258,159
257,158
253,158
252,157
251,157
250,156
249,156
248,155
246,155
245,154
243,154
242,153
239,153
238,152
234,152
232,150
231,150
230,149
229,149
228,148
225,148
224,147
211,147
210,146
208,146
207,145
197,145
196,144
194,144
193,143
180,143
179,142
166,142
165,143
156,143
155,144
153,144
152,145
150,145
149,146
147,146
146,147
145,147
144,148
140,148
139,149
137,149
136,150
131,150
129,148
129,146
127,146
126,145
124,145
123,144
121,144
120,143
117,143
116,144
114,144
113,145
110,145
109,146
107,146
106,147
105,147
103,149
103,150
99,154
99,155
98,156
98,157
97,158
97,160
96,161
96,167
97,168
97,171
98,172
98,174
99,175
99,177
100,178
100,179
101,180
101,181
102,182
102,183
103,184
103,185
104,186
104,189
105,190
105,192
106,193
106,196
105,197
105,199
104,200
104,208
105,209
105,211
106,212
106,215
107,216
107,218
108,219
108,220
109,221
109,222
111,224
111,226
112,227
112,228
113,229
113,232
114,233
114,237
115,238
115,240
116,241
116,244
117,245
117,247
118,248
118,250
119,251
119,253
120,254
120,256
123,259
123,260
124,261
124,264
125,265
125,271
124,272
124,273
123,274
122,274
121,275
120,275
119,276
105,276
104,277
102,277
101,278
82,278
81,279
78,279
77,280
76,280
75,281
74,281
72,283
72,284
71,285
71,286
70,287
70,290
69,291
69,303
68,304
68,306
67,307
67,310
66,311
66,313
65,314
65,320
64,321
64,324
63,325
63,326
62,327
62,328
61,329
61,331
60,332
60,335
59,336
59,338
57,340
57,341
56,342
56,343
55,344
55,346
53,348
53,349
51,351
51,352
49,354
49,355
40,364
39,364
37,366
37,367
36,368
36,370
35,371
35,373
34,374
34,376
33,377
32,377
31,378
28,378
27,379
26,379
25,380
24,380
22,382
21,382
10,393
10,394
9,395
9,397
7,399
7,400
6,401
6,403
5,404
6,405
6,407
7,407
9,409
9,410
10,411
10,412
15,412
16,411
17,411
23,405
25,405
26,404
27,404
32,399
34,399
36,397
37,397
40,394
41,394
42,393
44,393
50,387
52,387
57,382
57,381
58,380
58,379
59,378
59,377
60,376
60,375
62,373
62,372
64,370
64,368
65,367
65,362
66,361
66,359
68,357
68,356
69,355
69,353
72,350
72,348
73,347
73,346
75,344
75,342
76,341
76,340
77,339
77,338
80,335
80,334
81,333
81,331
82,330
82,328
83,327
83,325
84,324
84,323
85,322
85,321
87,319
87,318
93,312
94,312
96,310
97,310
98,309
100,309
101,308
103,308
104,309
105,309
106,310
106,315
105,316
105,318
104,319
104,322
103,323
103,325
102,326
102,333
101,334
101,341
97,345
97,346
96,347
96,348
94,350
94,351
91,354
91,355
86,360
86,361
85,362
85,364
84,365
84,369
83,370
82,370
81,371
80,371
79,372
77,372
76,373
74,373
68,379
68,380
65,383
65,384
64,385
64,386
61,389
61,391
60,392
60,401
61,402
61,404
69,404
70,403
71,403
73,401
74,401
82,393
83,393
89,387
91,387
100,378
101,378
101,377
103,375
103,374
104,373
104,371
106,369
106,368
108,366
108,365
109,364
109,362
110,361
110,359
111,358
111,356
112,355
112,354
113,353
113,352
114,351
114,349
115,348
115,347
116,346
116,343
117,342
117,340
118,339
118,337
119,336
119,333
120,332
120,331
123,328
123,326
124,325
124,324
127,321
128,321
131,318
131,316
134,313
136,313
137,312
139,312
140,311
149,311
150,310
152,310
153,309
155,309
156,308
168,308
169,307
171,307
172,306
188,306
189,307
191,307
192,308
198,308
201,305
203,305
204,304
205,304
206,303
208,303
209,302
210,302
216,296
216,295
219,292
219,291
223,287
224,287
225,286
226,287
228,287
229,288
230,288
231,289
233,289
236,292
236,293
242,293
243,294
244,294
246,296
246,297
250,301
254,301
255,302
257,302
258,303
263,303
264,302
266,302
267,301
321,301
322,302
324,302
325,303
329,303
330,304
331,304
337,310
337,311
338,312
338,313
339,314
340,314
348,322
349,322
350,323
351,323
353,325
354,325
355,326
366,326
367,327
369,327
370,328
381,328
382,329
392,329
393,330
395,330
396,331
404,331
405,332
407,332
408,333
417,333
418,334
421,334
422,335
424,335
425,336
430,336
431,337
432,337
434,339
436,339
437,340
438,340
440,342
441,342
444,345
445,345
449,349
449,350
454,355
454,356
456,358
456,359
458,361
458,363
459,364
459,365
461,367
461,368
462,369
462,370
463,371
463,372
465,374
465,376
466,377
466,378
467,379
467,380
468,381
468,383
469,384
469,385
474,390
474,391
475,392
475,393
476,394
476,395
477,396
477,397
478,398
478,399
480,401
480,402
482,404
482,405
483,406
483,407
484,408
484,409
486,409
487,410
488,410
489,411
489,412
490,413
490,414
500,424
500,425
502,427
504,427
505,428
506,428
508,430
509,430
511,432
520,432
520,431
523,428
525,428
525,421
524,420
524,418
523,417
523,415
521,413
520,413
511,404
511,403
510,402
510,398
508,396
508,395
498,385
498,384
495,381
495,379
494,379
490,375
490,373
489,372
489,370
486,367
486,366
484,364
484,363
482,361
482,360
480,358
480,357
478,355
478,354
477,353
477,352
475,350
475,349
473,347
473,345
472,344
472,343
467,338
467,337
466,336
466,334
463,331
463,329
462,328
462,327
461,326
461,324
460,323
460,321
458,319
458,318
456,316
454,316
453,315
452,315
450,313
452,311
463,311
464,312
466,312
467,313
473,313
474,314
476,314
477,315
478,315
479,316
481,316
487,322
487,323
492,328
492,329
499,336
499,337
502,340
502,341
504,343
504,344
506,346
506,348
507,349
507,350
508,351
508,352
510,354
510,355
511,356
511,358
512,359
512,361
513,361
518,366
518,367
519,368
520,368
521,369
522,369
523,370
525,370
531,376
531,377
532,378
532,379
533,380
533,381
534,382
534,383
536,385
536,386
539,389
540,389
541,390
542,390
543,391
544,391
545,392
546,392
548,394
549,394
551,396
552,396
554,398
555,398
556,399
558,399
559,400
567,400
569,398
570,398
571,397
573,397
573,388
572,387
572,386
571,385
571,384
562,375
561,375
559,373
558,373
554,369
554,367
549,362
549,361
548,361
545,358
545,357
544,356
544,352
537,345
536,345
528,337
527,337
526,336
524,336
523,335
522,335
516,329
516,328
514,326
514,324
513,323
513,321
510,318
510,316
508,314
508,313
506,311
506,310
505,309
505,307
501,303
501,302
500,301
500,299
493,292
492,292
491,291
489,291
488,290
487,290
486,289
483,289
482,288
454,288
453,287
452,287
451,286
449,286
447,284
445,284
444,283
437,283
436,282
435,282
434,281
432,281
431,280
430,280
427,277
427,276
430,273
430,272
431,271
431,270
432,269
432,268
433,267
433,266
434,265
434,264
435,263
435,262
436,261
436,260
439,257
440,257
441,256
443,256
443,255
447,251
447,250
452,245
453,245
454,244
455,244
455,242
458,239
458,237
459,236
459,235
460,234
460,226
461,225
461,209
460,208
460,207
459,206
459,204
458,203
458,193
456,191
456,190
455,189
455,186
454,185
454,184
452,182
452,179
453,178
454,178
455,177
458,177
464,171
466,171
467,170
473,170
474,169
489,169
490,168
491,168
492,167
493,167
493,166
498,161
498,160
500,158
500,149
499,148
499,147
497,145
497,144
496,143
496,142
495,141
493,141
492,140
491,140
488,137
487,137
486,136
485,136
484,135
483,135
482,134
481,134
478,131
477,131
476,130
475,130
472,127
472,126
466,120
466,118
465,117
465,111
460,106
458,106
457,105
454,105
451,102
451,101
450,100
451,99
451,89
450,88
450,84
449,83
449,81
448,80
448,76
447,75
447,73
446,72
446,70
443,67
443,66
441,64
439,64
438,63
435,63
434,62
434,61
433,60
433,59
434,58
434,50
435,49
435,47
436,46
436,32
435,31
435,29
434,28
434,26
432,26
431,25
430,25
429,26
427,26
426,27
426,28
425,29
425,31
424,32
424,35
425,36
425,41
424,42
423,42
421,40
421,39
420,38
420,37
418,35
418,33
417,32
417,25
416,24
416,11
414,11
413,10
