982
372,8
371,9
369,9
368,10
367,10
359,18
359,19
353,25
353,26
349,30
349,31
345,35
345,36
343,38
343,39
341,41
341,42
339,44
338,44
336,46
336,47
332,51
332,52
330,54
330,55
328,57
328,58
326,60
326,61
325,62
325,63
322,66
322,67
321,68
321,69
320,70
320,74
319,75
319,78
314,83
313,83
308,88
308,89
304,93
304,94
303,95
303,97
302,98
302,99
301,100
301,101
300,102
300,104
299,105
299,107
298,108
298,111
297,112
297,116
296,117
296,140
291,145
290,145
289,146
289,147
288,148
288,149
287,150
287,152
286,153
286,156
285,157
285,159
284,160
284,162
283,163
283,165
282,166
282,167
281,168
281,173
280,174
280,178
277,181
274,181
273,182
267,182
266,181
259,181
258,180
256,180
255,179
254,179
253,178
252,178
250,176
249,176
247,174
245,174
244,173
243,173
242,172
241,172
240,171
239,171
238,170
237,170
235,168
234,168
233,167
232,167
231,166
230,166
229,165
227,165
226,164
225,164
224,163
223,163
222,162
221,162
220,161
219,161
218,160
217,160
216,159
215,159
214,158
212,158
211,157
210,157
209,156
208,156
207,155
206,155
205,154
204,154
200,150
199,150
198,149
197,149
195,147
194,147
192,145
191,145
188,142
187,142
185,140
184,140
182,138
181,138
177,134
176,134
173,131
172,131
170,129
169,129
167,127
166,127
162,123
161,123
159,121
159,120
151,112
150,112
147,109
146,109
138,101
137,101
134,98
133,98
128,93
128,92
126,90
126,89
125,88
125,87
121,83
121,82
119,80
119,79
116,76
116,75
114,73
114,72
113,71
113,70
112,69
112,68
111,67
111,66
110,65
110,63
109,62
106,62
104,64
103,64
97,70
97,71
93,75
93,76
92,77
92,79
91,80
91,84
90,85
90,94
89,95
89,109
88,110
88,129
89,130
89,133
90,134
90,138
91,139
91,142
92,143
92,144
93,145
93,146
94,147
94,148
95,149
95,155
94,156
94,160
93,161
93,170
94,171
94,176
95,177
95,180
96,181
96,184
97,185
97,187
98,188
98,189
99,190
99,192
100,193
100,194
101,195
101,197
104,200
104,201
105,202
105,203
106,204
106,205
107,206
107,207
108,208
109,208
113,212
114,212
116,214
117,214
118,215
119,215
121,217
121,218
122,218
126,222
126,225
127,226
127,229
128,230
128,234
129,235
129,236
130,237
130,239
131,240
131,241
132,242
132,243
134,245
134,246
136,248
136,250
137,251
137,252
139,254
139,255
140,256
140,257
145,262
145,263
147,265
147,266
149,268
150,268
151,269
152,269
155,272
156,272
157,273
158,273
159,274
160,274
161,275
162,275
163,276
165,276
167,278
168,278
169,279
170,279
174,283
174,285
175,286
175,288
176,289
176,290
177,291
177,292
178,293
178,294
179,295
179,296
180,297
180,298
182,300
182,301
191,310
191,311
193,313
193,314
194,315
194,316
196,318
197,318
201,322
202,322
209,329
209,330
215,336
216,336
218,338
219,338
221,340
221,345
218,348
211,348
210,349
194,349
193,350
182,350
181,351
172,351
171,350
164,350
163,349
157,349
156,348
151,348
150,347
146,347
145,346
144,346
143,345
141,345
140,344
138,344
137,343
134,343
133,342
129,342
128,341
125,341
124,340
122,340
121,339
119,339
118,338
116,338
115,337
110,337
109,336
104,336
103,335
100,335
99,334
97,334
96,333
94,333
93,332
91,332
90,331
88,331
87,330
85,330
84,329
83,329
82,328
79,328
78,327
76,327
75,326
74,326
73,325
72,325
71,324
70,324
69,323
68,323
66,321
64,321
63,320
57,320
56,321
55,321
54,322
51,322
48,325
47,325
44,328
44,329
41,332
41,333
38,336
38,351
40,353
40,355
41,356
41,362
36,367
36,368
34,370
34,371
32,373
32,374
31,375
31,376
30,377
30,381
29,382
29,392
30,393
30,396
31,397
31,400
32,401
32,403
34,405
34,406
36,408
36,410
39,413
39,414
41,416
41,417
42,418
42,420
37,425
37,426
36,427
36,428
35,429
35,430
34,431
34,434
33,435
33,439
32,440
32,441
33,442
33,446
34,447
34,448
36,450
36,451
40,455
40,456
42,458
42,459
50,467
52,467
53,468
56,468
57,469
61,469
62,468
68,468
69,467
74,467
75,466
80,466
81,465
86,465
87,464
90,464
91,463
92,463
93,462
95,462
96,461
97,461
98,460
99,460
100,459
101,459
103,457
105,457
106,456
108,456
109,455
111,455
112,454
114,454
115,453
118,453
119,452
121,452
122,451
124,451
125,450
130,450
131,449
139,449
140,448
146,448
147,447
154,447
155,446
170,446
171,447
172,447
173,446
174,447
193,447
194,446
197,446
198,445
201,445
202,444
206,444
207,445
211,445
212,446
217,446
218,447
222,447
223,448
227,448
228,449
243,449
244,450
248,450
249,451
253,451
254,452
257,452
258,453
261,453
262,454
264,454
265,455
267,455
268,456
269,456
274,461
275,461
276,462
277,462
279,464
281,464
282,465
284,465
285,466
287,466
288,467
291,467
292,468
295,468
296,469
298,469
299,470
301,470
302,471
305,471
306,472
309,472
310,473
312,473
313,474
314,474
316,476
319,476
320,477
323,477
324,478
327,478
328,479
331,479
332,480
334,480
335,481
350,481
351,482
359,482
360,481
362,481
363,480
364,480
365,479
366,479
367,478
368,478
369,477
373,477
374,476
379,476
380,475
382,475
383,474
384,474
385,473
392,473
393,472
397,472
398,471
399,471
400,470
401,470
403,468
405,468
406,467
407,467
408,466
409,466
410,465
411,465
412,464
414,464
415,463
417,463
418,462
420,462
421,461
423,461
424,460
425,460
426,459
427,459
429,457
430,457
432,455
433,455
434,454
436,454
438,452
439,452
440,451
441,451
442,450
443,450
445,448
446,448
449,445
450,445
462,433
462,432
465,429
465,428
467,426
467,425
469,423
469,422
471,420
471,419
473,417
473,416
475,414
475,413
477,411
477,409
480,406
480,405
482,403
483,403
483,402
486,399
486,398
488,396
488,393
490,391
490,390
491,389
491,388
492,387
492,386
493,385
493,383
494,382
494,380
495,379
495,377
496,376
496,375
497,374
497,373
498,372
498,370
499,369
499,366
500,365
500,363
501,362
501,360
502,359
502,358
503,357
503,355
504,354
504,352
505,351
505,350
506,349
506,347
507,346
507,344
508,343
508,342
509,341
509,339
510,338
510,336
511,335
511,334
512,333
512,332
513,331
513,329
514,328
514,326
515,325
515,323
516,322
516,320
517,319
517,318
518,317
518,315
519,314
519,311
520,310
520,309
521,308
521,306
522,305
522,304
523,303
523,301
524,300
524,297
525,296
525,294
526,293
526,291
527,290
527,289
528,288
528,287
530,285
530,284
531,283
531,282
533,280
533,279
536,276
536,275
540,271
540,270
543,267
543,266
550,259
551,259
557,253
558,253
560,251
561,251
562,250
563,250
567,246
568,246
569,245
571,245
572,244
573,244
574,243
576,243
577,242
578,242
580,240
580,238
579,237
579,235
578,234
578,233
577,232
576,232
575,231
574,231
573,230
571,230
570,229
569,229
568,228
566,228
565,227
562,227
561,226
558,226
557,225
546,225
545,226
543,226
542,225
541,225
532,216
532,215
530,213
529,213
528,212
527,212
525,210
524,210
521,207
520,207
518,205
517,205
515,203
514,203
513,202
512,202
510,200
509,200
507,198
505,198
504,197
500,197
499,196
480,196
479,197
476,197
475,198
473,198
472,199
470,199
468,201
467,201
466,202
465,202
464,203
462,203
461,204
459,204
456,207
455,207
453,209
452,209
451,210
450,210
449,211
448,211
444,215
444,216
443,217
443,218
438,223
436,223
432,219
432,218
431,217
431,216
430,215
430,213
429,212
429,211
428,210
428,209
427,208
427,207
426,206
426,205
425,204
425,203
424,202
424,200
423,199
423,197
422,196
422,194
421,193
421,192
420,191
420,190
419,189
419,188
417,186
417,185
416,184
416,182
415,181
415,180
414,179
414,177
413,176
413,175
412,174
412,172
411,171
411,169
410,168
410,166
409,165
409,164
408,163
408,161
407,160
407,158
406,157
406,155
405,154
405,152
404,151
404,149
401,146
401,145
400,144
400,142
399,141
399,140
398,139
398,136
397,135
397,132
396,131
396,129
395,128
395,125
394,124
394,121
393,120
393,117
392,116
392,114
391,113
391,110
390,109
390,106
389,105
389,102
388,101
388,99
387,98
387,96
386,95
386,94
385,93
385,89
384,88
384,84
383,83
383,79
382,78
382,73
381,72
381,66
380,65
380,59
379,58
379,46
378,45
378,13
377,12
377,9
376,8
372,8
