923
151,7
150,8
148,8
147,9
146,9
140,15
140,16
138,18
138,19
136,21
136,22
135,23
135,25
134,26
134,27
133,28
133,30
132,31
132,34
131,35
131,38
130,39
130,44
129,45
129,66
130,67
130,71
131,72
131,75
132,76
132,79
133,80
133,83
134,84
134,86
135,87
135,89
136,90
136,92
137,93
137,94
138,95
138,96
139,97
139,98
140,99
140,100
141,101
141,102
142,103
142,104
143,105
143,106
145,108
145,109
147,111
147,112
149,114
149,115
151,117
151,118
155,122
155,123
159,127
159,128
165,134
166,134
172,140
173,140
176,143
177,143
180,146
181,146
183,148
184,148
186,150
187,150
188,151
189,151
190,152
191,152
192,153
193,153
195,155
194,156
190,156
189,157
179,157
178,158
137,158
136,157
120,157
119,156
107,156
106,155
94,155
93,154
87,154
86,155
83,155
82,156
80,156
79,157
77,157
76,158
75,158
74,159
73,159
72,160
71,160
70,161
69,161
67,163
66,163
59,170
59,171
58,172
58,173
57,174
57,175
56,176
56,179
55,180
55,187
54,188
54,190
55,191
55,197
56,198
56,201
57,202
57,203
58,204
58,205
59,206
59,207
64,212
65,212
69,216
70,216
74,220
75,220
79,224
80,224
84,228
85,228
89,232
90,232
93,235
94,235
97,238
98,238
101,241
102,241
104,243
105,243
107,245
108,245
110,247
111,247
112,248
113,248
115,250
116,250
117,251
118,251
119,252
120,252
122,254
124,254
125,255
126,255
127,256
128,256
129,257
130,257
131,258
133,258
134,259
136,259
137,260
139,260
140,261
143,261
144,262
149,262
150,263
171,263
172,262
176,262
177,261
181,261
182,260
185,260
186,259
189,259
190,258
192,258
193,257
194,257
195,256
196,256
197,255
198,255
199,254
201,254
202,253
207,253
209,255
209,260
210,261
210,264
211,265
211,268
212,269
212,271
213,272
213,274
214,275
214,276
215,277
215,278
216,279
216,280
217,281
217,282
219,284
219,285
221,287
221,288
223,290
223,291
224,292
224,293
222,295
221,295
220,296
217,296
216,297
214,297
213,298
212,298
211,299
210,299
209,300
208,300
207,301
206,301
205,302
204,302
201,305
200,305
197,308
196,308
191,313
190,313
183,320
183,321
174,330
174,331
153,352
152,352
150,354
149,354
148,355
146,355
145,356
142,356
141,357
139,357
138,358
137,358
136,359
134,359
133,360
131,360
130,361
129,361
128,362
126,362
125,363
124,363
123,364
122,364
121,365
120,365
119,366
118,366
117,367
116,367
115,368
114,368
113,369
112,369
111,370
110,370
108,372
107,372
105,374
104,374
103,375
102,375
99,378
98,378
96,380
95,380
81,394
81,395
79,397
79,398
76,401
76,402
73,405
69,405
68,404
66,404
65,403
64,403
63,402
60,402
59,401
55,401
54,402
52,402
51,403
49,403
48,404
47,404
45,406
44,406
36,414
35,414
33,416
32,416
31,417
30,417
29,418
26,418
25,419
23,419
22,420
21,420
16,425
16,426
14,428
14,429
13,430
13,432
12,433
12,440
13,441
13,448
10,451
10,452
7,455
7,456
6,457
6,459
5,460
5,464
6,465
6,470
7,471
7,474
8,475
8,476
9,477
9,478
10,479
10,480
11,481
11,482
13,484
13,485
15,487
15,488
23,496
23,497
35,509
35,510
39,514
40,514
41,515
43,515
44,516
46,516
47,517
49,517
50,518
53,518
54,519
65,519
66,518
68,518
69,517
72,517
73,516
74,517
75,517
80,522
80,523
81,524
81,529
80,530
80,532
78,534
78,535
70,543
69,543
64,548
64,549
61,552
61,553
60,554
60,556
59,557
59,560
58,561
58,568
59,569
59,573
60,574
60,577
61,578
61,579
62,580
62,581
65,584
67,584
68,585
72,585
73,586
80,586
81,587
108,587
109,586
121,586
122,585
132,585
133,584
165,584
166,585
172,585
173,586
177,586
178,587
186,587
187,588
196,588
197,589
200,589
201,590
205,590
206,591
209,591
210,592
212,592
213,593
216,593
217,594
221,594
222,595
241,595
242,594
244,594
245,593
246,593
253,586
253,584
254,583
254,582
256,580
257,580
258,579
259,580
263,580
264,581
267,581
268,582
271,582
272,583
274,583
275,584
277,584
278,585
281,585
282,586
284,586
285,587
287,587
288,588
295,588
296,589
306,589
307,588
311,588
312,587
314,587
315,586
316,586
317,585
318,585
319,584
319,583
320,582
320,578
321,577
321,575
322,574
322,559
321,558
321,556
320,555
320,553
319,552
319,551
318,550
318,548
316,546
316,545
314,543
314,542
308,536
307,536
304,533
303,533
301,531
300,531
298,529
297,529
296,528
295,528
293,526
292,526
290,524
290,522
291,521
291,520
292,519
292,518
293,517
293,515
294,514
294,513
295,512
295,511
296,510
296,508
297,507
297,506
298,505
298,504
299,503
299,501
300,500
300,495
301,494
301,486
302,485
302,468
301,467
301,463
300,462
300,460
299,459
299,457
298,456
298,454
297,453
297,452
295,450
295,449
293,447
293,446
292,445
292,444
291,443
291,442
292,441
292,438
293,437
293,434
295,432
296,432
297,431
298,431
299,432
302,432
303,433
304,433
305,434
307,434
308,435
326,435
327,436
337,436
338,437
359,437
360,436
364,436
365,435
367,435
368,434
370,434
371,433
372,433
373,432
374,432
375,431
376,431
381,426
381,424
387,418
389,418
390,417
393,417
394,416
399,416
400,415
404,415
405,414
406,414
407,413
408,413
409,412
410,412
413,409
413,408
414,407
414,406
415,405
415,403
416,402
416,396
415,395
415,392
414,391
414,389
413,388
413,386
412,385
412,384
411,383
411,381
410,380
410,379
408,377
408,376
407,375
407,374
404,371
403,371
401,369
400,369
398,367
397,367
396,366
395,366
394,365
393,365
392,364
389,364
388,363
385,363
384,362
381,362
380,361
376,361
375,360
369,360
368,359
361,359
360,358
354,358
353,357
349,357
348,356
346,356
345,355
343,355
342,354
341,354
339,352
338,352
336,350
335,350
332,347
331,347
315,331
315,330
307,322
307,320
311,316
312,316
315,313
316,313
317,312
318,312
319,311
320,311
321,310
322,310
323,309
324,309
325,308
326,308
327,307
330,307
331,306
333,306
334,305
336,305
337,304
338,304
339,303
341,303
342,302
344,302
345,301
347,301
348,300
349,300
350,299
352,299
353,298
354,298
355,297
356,297
358,295
359,295
360,294
361,294
362,293
363,293
364,292
365,292
367,290
368,290
370,288
371,288
375,284
376,284
383,277
383,276
386,273
386,272
389,269
389,268
390,267
390,266
391,265
391,264
392,263
392,262
393,261
393,259
394,258
394,256
395,255
395,253
396,252
396,249
397,248
397,240
398,239
398,229
397,228
397,220
396,219
396,215
395,214
395,212
394,211
394,209
393,208
393,207
392,206
391,206
390,205
388,205
387,204
385,204
384,203
383,203
381,201
380,201
377,198
377,197
375,195
375,194
374,193
374,192
373,191
373,188
372,187
372,184
371,183
371,177
370,176
370,170
369,169
369,166
368,165
368,163
367,162
367,160
366,159
366,157
364,155
364,154
360,150
360,149
359,148
359,147
358,146
358,145
356,143
356,142
353,139
353,138
344,129
343,129
341,127
340,127
337,124
336,124
335,123
334,123
333,122
332,122
331,121
330,121
329,120
328,120
327,119
326,119
325,118
323,118
322,117
320,117
319,116
317,116
316,115
313,115
312,114
309,114
308,113
303,113
302,112
295,112
294,111
279,111
278,112
274,112
271,109
271,108
270,107
270,106
269,105
269,104
268,103
268,102
266,100
266,99
264,97
264,96
262,94
262,93
260,91
260,90
247,77
246,77
242,73
241,73
238,70
237,70
234,67
233,67
231,65
230,65
228,63
227,63
225,61
224,61
222,59
221,59
219,57
218,57
216,55
215,55
213,53
212,53
210,51
209,51
207,49
206,49
204,47
203,47
200,44
199,44
196,41
195,41
189,35
188,35
181,28
181,27
176,22
176,21
173,18
173,17
171,15
171,14
169,12
169,11
168,11
167,10
166,10
165,9
163,9
162,8
159,8
158,7
151,7
