1530
531,18
530,19
528,19
527,20
526,20
524,22
523,22
521,24
521,25
520,26
520,27
519,28
519,29
517,31
517,32
516,33
516,36
515,37
515,40
514,41
514,43
513,44
513,47
512,48
512,51
511,52
511,57
510,58
510,64
509,65
509,72
508,73
508,86
507,87
507,115
506,116
506,130
507,131
507,141
508,142
508,148
509,149
509,153
510,154
510,160
511,161
511,180
510,181
510,183
509,184
509,185
506,188
504,188
502,186
502,185
501,184
501,180
500,179
500,170
499,169
499,164
498,163
498,160
497,159
497,156
496,155
496,153
495,152
495,149
494,148
494,146
493,145
493,143
492,142
492,141
491,140
491,138
490,137
490,135
489,134
489,131
488,130
488,128
487,127
487,125
486,124
486,123
485,122
485,120
484,119
484,117
483,116
483,115
481,113
481,112
480,111
480,110
479,109
479,107
478,106
478,104
477,103
477,102
476,101
476,100
475,99
475,98
474,97
474,95
471,92
471,91
470,90
470,89
469,88
469,87
468,86
468,84
466,82
466,81
464,79
464,78
462,76
462,75
460,73
460,72
457,69
457,68
455,66
455,64
447,56
447,55
445,53
445,52
443,50
442,50
437,45
437,44
436,43
435,43
433,41
432,41
425,34
424,34
423,33
422,33
421,32
419,32
418,31
416,31
415,30
413,30
412,29
403,29
402,30
399,30
398,31
397,31
395,33
394,33
394,34
390,38
390,39
388,41
388,42
387,43
387,44
386,45
386,48
385,49
385,52
384,53
384,63
385,64
385,67
386,68
386,70
387,71
387,72
388,73
388,74
389,75
389,76
390,77
390,78
391,79
391,80
393,82
393,83
394,84
394,85
395,86
395,87
396,88
396,89
397,90
397,91
398,92
398,93
400,95
400,96
402,98
402,99
405,102
405,103
407,105
407,106
408,107
408,108
409,109
409,110
415,116
415,117
417,119
417,120
418,121
418,122
420,124
420,125
421,125
424,128
424,129
425,130
425,131
429,135
429,136
434,141
434,142
441,149
441,150
449,158
449,159
451,161
451,162
452,162
456,166
456,167
459,170
459,171
461,173
462,173
466,177
467,177
471,181
471,182
472,182
474,184
475,184
479,188
480,188
481,189
482,189
485,192
486,192
490,196
490,197
491,198
491,201
488,204
487,204
485,206
484,206
483,207
482,207
481,208
480,208
479,209
478,209
477,210
476,210
473,213
472,213
471,214
470,214
469,215
468,215
466,217
465,217
463,219
462,219
461,220
460,220
460,221
457,224
456,224
452,228
451,228
449,230
449,231
447,233
447,234
446,235
446,236
445,237
445,238
444,239
444,242
443,243
443,248
442,249
442,272
441,273
439,273
435,269
435,268
434,267
434,265
433,264
433,262
432,261
432,259
431,258
431,257
430,256
430,253
429,252
429,249
428,248
428,246
427,245
427,242
426,241
426,239
425,238
425,235
424,234
424,230
423,229
423,227
422,226
422,224
421,223
421,221
420,220
420,217
419,216
419,213
418,212
418,208
417,207
417,204
416,203
416,200
415,199
415,197
414,196
414,194
413,193
413,191
412,190
412,188
410,186
410,185
409,184
409,182
408,181
408,179
407,178
407,176
406,175
406,172
405,171
405,169
404,168
404,166
403,165
403,164
402,163
402,162
401,161
401,160
400,159
400,157
399,156
399,155
398,154
398,153
397,152
397,150
396,149
396,147
395,146
395,145
393,143
393,142
390,139
390,138
389,137
389,136
387,134
387,133
384,130
384,129
383,128
383,127
374,118
374,117
373,117
371,115
370,115
368,113
367,113
364,110
363,110
362,109
361,109
358,106
357,106
355,104
354,104
353,103
351,103
350,102
349,102
348,101
347,101
346,100
345,100
343,98
342,98
341,97
340,97
339,96
338,96
337,95
336,95
335,94
333,94
332,93
329,93
328,92
324,92
323,91
306,91
305,92
301,92
299,90
299,89
300,88
300,87
304,83
304,82
306,80
306,79
307,78
307,76
310,73
310,72
311,71
311,69
312,68
312,66
313,65
313,62
314,61
314,46
313,45
313,43
312,42
312,41
311,40
311,39
310,39
306,35
306,34
305,34
303,32
302,32
301,31
299,31
298,30
296,30
295,29
293,29
292,28
289,28
288,27
284,27
283,26
271,26
270,27
267,27
266,28
263,28
262,29
259,29
258,30
256,30
255,31
254,31
253,32
252,32
251,33
249,33
248,34
247,34
247,35
244,38
243,38
239,42
238,42
236,44
236,45
235,46
235,47
232,50
232,51
230,53
230,54
228,56
228,57
227,58
227,59
226,60
226,62
225,63
225,66
224,67
224,70
223,71
223,74
222,75
222,83
223,84
223,91
221,93
217,93
216,94
213,94
212,95
209,95
208,96
206,96
203,99
202,99
201,100
200,100
199,101
197,101
196,102
195,102
194,103
193,103
192,104
191,104
189,106
188,106
187,107
186,107
182,111
181,111
177,115
176,115
174,117
174,118
171,121
171,122
166,127
166,128
165,129
165,130
164,131
164,132
163,133
163,134
162,135
162,136
161,137
161,139
160,140
160,142
159,143
159,145
158,146
158,147
153,152
151,152
150,153
148,153
147,154
141,154
138,151
138,150
137,149
137,147
135,145
135,143
134,142
134,139
133,138
133,135
132,134
132,132
131,131
131,129
130,128
130,127
128,125
127,125
126,124
124,124
123,123
120,123
119,122
116,122
115,123
111,123
110,124
106,124
105,125
102,125
101,126
99,126
98,127
95,127
94,128
93,128
92,129
91,129
90,130
88,130
87,131
85,131
84,132
81,132
80,133
78,133
77,134
74,134
73,135
70,135
69,136
67,136
66,137
64,137
63,138
62,138
61,139
60,139
59,140
57,140
56,141
53,141
52,142
49,142
48,143
46,143
45,144
43,144
42,145
39,145
38,146
35,146
34,147
31,147
30,148
29,148
28,149
27,149
26,150
24,150
23,151
22,151
21,152
20,152
20,153
19,154
19,155
18,156
18,158
17,159
17,161
18,162
18,166
19,167
19,170
20,171
20,173
21,174
21,175
22,176
22,177
27,182
28,182
29,183
40,183
41,182
46,182
47,181
49,181
50,180
52,180
53,179
56,179
57,178
61,178
62,177
65,177
66,176
70,176
71,175
74,175
75,174
78,174
79,173
81,173
82,172
85,172
86,171
88,171
89,170
91,170
92,169
93,169
94,168
97,168
98,167
101,167
102,166
103,167
104,167
107,170
107,171
108,172
108,173
109,174
109,175
110,176
110,177
114,181
114,182
115,183
117,183
118,184
130,184
131,183
134,183
135,182
137,182
138,181
139,181
140,180
141,180
142,179
143,179
144,178
145,178
146,177
148,177
149,176
151,176
152,175
154,175
155,174
160,174
161,175
163,175
164,176
165,176
166,177
167,177
169,179
169,180
167,182
166,182
165,183
164,183
163,184
162,184
161,185
160,185
159,186
157,186
156,187
154,187
153,188
152,188
151,189
150,189
148,191
147,191
146,192
145,192
144,193
141,193
140,194
139,194
138,195
136,195
135,196
133,196
132,197
130,197
129,198
126,198
125,199
123,199
122,200
121,200
120,201
119,201
118,202
116,202
115,203
113,203
112,204
110,204
109,205
107,205
106,206
103,206
102,207
100,207
99,208
97,208
96,209
93,209
92,210
90,210
89,211
88,211
87,212
86,212
85,213
83,213
82,214
81,214
80,215
78,215
77,216
75,216
74,217
72,217
71,218
69,218
68,219
66,219
65,220
63,220
62,221
61,221
59,223
58,223
57,224
55,224
54,225
52,225
48,229
48,230
47,231
47,232
45,234
45,236
44,237
44,243
45,244
45,246
46,247
46,248
49,251
49,252
50,253
50,254
53,257
54,257
55,258
57,258
58,259
73,259
74,258
82,258
83,257
87,257
88,256
90,256
91,255
94,255
95,254
97,254
98,253
100,253
102,251
103,251
104,250
106,250
107,249
109,249
110,248
111,248
112,247
114,247
115,246
116,246
117,245
119,245
120,244
121,244
122,243
123,243
125,241
128,241
129,240
131,240
132,241
134,241
135,242
136,242
142,248
142,249
146,253
146,254
150,258
150,259
153,262
153,263
157,267
158,267
166,275
167,275
168,276
169,276
171,278
172,278
173,279
174,279
175,280
176,280
177,281
178,281
179,282
181,282
183,284
185,284
186,285
190,285
191,286
198,286
199,287
221,287
222,286
228,286
229,285
235,285
236,284
239,284
240,283
241,283
242,282
244,282
245,281
247,281
248,280
250,280
251,279
252,279
253,278
255,278
256,277
257,277
258,276
260,276
261,275
262,275
264,273
265,273
267,271
268,271
269,270
270,270
271,269
272,269
274,267
275,267
280,262
281,262
292,251
295,251
296,252
296,258
295,259
295,260
294,261
294,263
293,264
293,266
292,267
292,268
291,269
291,271
290,272
290,274
289,275
289,277
288,278
288,281
287,282
287,290
288,291
288,294
289,295
289,296
291,298
291,299
293,301
293,302
294,303
294,304
295,305
295,306
296,307
296,308
308,320
309,320
310,321
311,321
314,324
315,324
318,327
319,327
320,328
321,328
323,330
324,330
326,332
327,332
329,334
330,334
334,338
335,338
339,342
339,345
338,346
338,348
336,350
336,351
335,352
335,355
334,356
334,357
333,358
333,360
332,361
332,362
331,363
331,364
330,365
330,367
329,368
329,371
330,372
330,374
333,377
333,378
335,380
336,380
338,382
339,382
340,383
341,383
342,384
343,384
348,389
349,389
350,390
351,390
354,393
355,393
358,396
359,396
378,415
378,416
385,423
385,424
388,427
388,428
389,429
389,430
395,436
395,437
396,438
396,439
397,440
397,441
399,443
399,444
400,445
400,446
402,448
402,449
403,450
403,451
404,452
404,453
405,454
405,456
406,457
406,459
407,460
407,462
408,463
408,466
409,467
409,472
410,473
410,476
411,477
411,479
412,480
412,483
413,484
413,487
414,488
414,491
415,492
415,494
416,495
416,496
417,497
417,498
420,501
421,501
422,502
424,502
425,503
432,503
433,502
435,502
436,501
437,501
440,498
441,498
442,497
443,497
443,496
444,495
444,494
445,493
445,458
444,457
444,453
443,452
443,449
442,448
442,446
441,445
441,444
440,443
440,442
439,441
439,439
438,438
438,436
437,435
437,433
436,432
436,431
435,430
435,429
434,428
434,426
433,425
433,424
432,423
432,422
427,417
427,416
425,414
424,414
423,413
422,413
415,406
414,406
413,405
412,405
409,402
408,402
402,396
401,396
399,394
398,394
395,391
394,391
393,390
392,390
386,384
386,383
385,382
385,381
386,380
386,379
389,376
392,376
396,380
397,380
398,381
400,381
401,382
402,382
403,383
404,383
405,384
406,384
407,385
408,385
410,387
412,387
413,388
414,388
415,389
416,389
417,390
418,390
419,391
420,391
421,392
423,392
424,393
425,393
426,394
427,394
428,395
429,395
430,396
431,396
432,397
433,397
435,399
436,399
438,401
440,401
441,402
442,402
443,403
444,403
445,404
446,404
447,405
448,405
451,408
452,408
454,410
455,410
457,412
458,412
460,414
461,414
462,415
463,415
470,422
471,422
472,423
473,423
479,429
479,430
481,432
482,432
489,439
489,440
490,441
490,442
495,447
495,448
496,449
496,450
498,452
498,453
500,455
500,456
502,458
502,459
504,461
504,462
506,464
506,465
507,466
507,467
508,468
508,470
509,471
509,472
511,474
511,475
512,476
512,477
514,479
514,480
516,482
516,483
519,486
520,486
521,487
523,487
524,488
528,488
529,487
531,487
532,486
533,486
534,485
536,485
539,482
540,482
540,481
541,480
541,479
544,476
544,474
545,473
545,471
546,470
546,452
545,451
545,449
544,448
544,446
542,444
542,442
541,441
541,440
540,439
540,437
539,436
539,435
538,434
538,433
537,432
537,431
536,430
536,429
535,428
535,426
531,422
531,421
530,420
530,419
528,417
528,415
526,413
526,412
521,407
521,406
520,405
520,404
501,385
500,385
496,381
495,381
494,380
493,380
491,378
490,378
486,374
485,374
484,373
482,373
481,372
480,372
479,371
478,371
477,370
476,370
475,369
473,369
471,367
471,364
473,362
474,362
475,361
476,361
477,360
479,360
481,358
482,358
483,357
484,357
489,352
489,351
490,350
490,349
491,348
491,346
493,344
493,331
494,330
494,323
495,322
495,321
498,318
499,318
500,317
522,317
523,316
529,316
530,315
532,315
533,314
535,314
536,313
539,313
540,312
543,312
544,311
548,311
549,310
552,310
553,309
555,309
556,308
557,308
560,305
560,304
562,302
562,301
564,299
564,298
565,297
565,293
566,292
566,279
565,278
565,272
564,271
564,269
562,267
562,265
561,264
561,262
560,261
560,259
559,258
559,257
558,256
558,255
557,254
557,253
556,252
556,251
551,246
551,245
550,244
550,243
549,242
549,241
547,239
547,238
546,237
546,236
541,231
541,229
538,226
538,225
537,224
537,223
536,222
536,219
537,218
537,217
538,216
538,215
540,213
540,212
547,205
547,204
549,202
549,200
550,199
550,198
551,197
551,196
552,195
552,194
554,192
554,190
555,189
555,187
556,186
556,183
557,182
557,179
558,178
558,174
559,173
559,168
560,167
560,162
561,161
561,157
562,156
562,153
563,152
563,150
564,149
564,146
565,145
565,137
566,136
566,128
567,127
567,117
568,116
568,72
567,71
567,62
566,61
566,55
565,54
565,52
564,51
564,49
562,47
562,45
561,44
561,42
560,41
560,40
559,39
559,37
558,36
558,34
557,33
557,32
548,23
547,23
545,21
544,21
543,20
541,20
540,19
538,19
537,18
531,18
