1096
459,14
458,15
458,16
457,17
457,19
456,20
456,22
455,23
455,38
454,39
454,40
451,43
451,44
446,49
445,49
444,50
443,50
442,51
440,51
439,52
437,52
436,53
435,53
434,54
427,54
426,53
425,53
424,52
423,52
421,50
420,50
417,47
416,47
415,46
414,46
413,45
411,45
410,44
401,44
400,45
396,45
395,46
393,46
392,47
391,47
390,48
389,48
387,50
386,50
384,52
383,52
380,55
379,55
379,56
376,59
376,60
374,62
374,63
372,65
372,66
371,67
371,68
370,69
370,71
369,72
369,76
368,77
368,91
369,92
369,95
370,96
370,98
371,99
371,100
373,102
373,103
374,104
374,105
376,107
376,108
382,114
383,114
385,116
386,116
387,117
388,117
392,121
392,132
391,133
377,133
376,132
365,132
364,133
354,133
353,134
347,134
346,135
343,135
342,136
338,136
337,137
334,137
333,138
325,138
324,139
320,139
319,140
316,140
315,141
313,141
312,142
311,142
310,143
308,143
307,144
306,144
305,145
304,145
303,146
302,146
301,147
299,147
298,148
296,148
295,149
294,149
293,150
292,150
291,151
290,151
289,152
288,152
287,153
286,153
285,154
283,154
282,155
281,155
280,156
279,156
277,158
276,158
275,159
274,159
273,160
272,160
268,164
267,164
266,165
265,165
264,166
263,166
259,170
258,170
257,171
256,171
253,174
252,174
250,176
249,176
245,180
244,180
236,188
235,188
231,192
231,193
223,201
223,202
220,205
219,205
212,212
211,212
210,213
209,213
207,215
206,215
204,217
203,217
202,218
201,218
200,219
199,219
198,220
195,220
194,221
191,221
190,222
188,222
187,223
185,223
184,224
182,224
181,225
179,225
178,226
176,226
175,227
172,227
171,228
167,228
166,229
162,229
161,230
158,230
157,231
154,231
153,232
144,232
143,233
135,233
134,234
129,234
128,235
94,235
93,234
89,234
88,233
84,233
83,232
81,232
80,231
78,231
77,230
75,230
74,229
71,229
70,228
68,228
67,227
66,227
65,226
63,226
62,225
61,225
60,224
59,224
58,223
56,223
55,222
54,222
53,221
51,221
50,220
49,220
48,219
47,219
45,217
44,217
43,216
42,216
41,215
40,215
39,214
38,214
37,213
35,213
34,212
31,212
30,211
23,211
22,212
20,212
19,213
17,213
16,214
15,214
14,215
14,217
13,218
13,226
14,227
14,229
15,229
19,233
19,234
20,235
20,236
24,240
24,241
27,244
28,244
30,246
31,246
34,249
35,249
38,252
40,252
41,253
43,253
45,255
47,255
49,257
51,257
52,258
53,258
54,259
56,259
57,260
60,260
61,261
63,261
64,262
66,262
67,263
69,263
70,264
75,264
76,265
81,265
82,266
87,266
88,267
119,267
120,266
124,266
125,265
130,265
131,264
138,264
139,263
143,263
144,262
148,262
149,261
153,261
154,260
161,260
162,259
167,259
168,258
169,258
170,259
171,259
172,260
172,265
171,266
171,267
169,269
169,270
168,271
168,272
167,273
167,274
166,275
166,276
163,279
151,279
150,278
147,278
146,277
143,277
142,276
135,276
134,277
130,277
129,278
126,278
125,279
124,279
123,280
121,280
120,281
119,281
117,283
116,283
114,285
113,285
110,288
110,289
109,290
109,291
108,292
108,293
107,294
107,295
106,296
106,298
104,300
104,301
103,302
103,303
102,304
102,305
101,306
101,307
100,308
100,310
99,311
99,312
98,313
98,314
94,318
93,318
91,320
85,320
84,319
83,319
82,318
77,318
77,320
76,321
76,322
75,323
73,323
72,324
70,324
70,325
69,326
69,327
66,330
64,330
63,331
62,331
61,332
61,334
60,335
61,336
61,339
62,340
62,341
63,342
63,343
64,344
64,345
66,347
66,348
71,353
72,353
73,354
74,354
75,355
76,355
77,356
80,356
81,357
102,357
103,356
107,356
108,355
110,355
111,354
112,354
113,353
114,353
115,352
116,352
119,349
120,349
121,348
122,348
125,345
125,344
129,340
130,340
133,337
133,336
140,329
143,329
144,330
145,330
147,332
148,332
150,334
151,334
152,335
153,335
155,337
156,337
158,339
159,339
160,340
162,340
163,341
164,341
167,344
169,344
171,346
173,346
174,347
176,347
177,348
179,348
180,349
184,349
185,350
188,350
189,351
199,351
200,350
202,350
203,349
204,349
205,348
207,348
212,343
213,343
227,329
227,328
232,323
232,322
237,317
238,317
239,316
240,316
241,315
243,315
244,314
251,314
252,313
257,313
258,312
264,312
265,311
272,311
273,310
283,310
284,311
285,311
286,312
287,312
292,317
292,318
293,319
293,324
292,325
292,331
291,332
291,334
290,335
290,338
289,339
289,344
288,345
288,356
289,357
289,361
290,362
290,364
291,365
291,366
292,367
292,368
294,370
294,371
297,374
297,375
302,380
333,380
337,376
338,376
339,375
340,375
341,374
342,374
344,372
345,372
346,371
347,371
348,370
349,370
350,369
351,369
353,367
354,367
356,365
358,365
359,364
360,364
362,362
363,362
364,361
366,361
367,362
367,369
368,370
372,370
373,369
374,369
375,370
376,370
378,372
386,372
387,371
396,371
397,370
398,370
399,369
400,369
400,368
404,364
404,363
405,362
405,361
406,360
406,359
407,358
407,348
406,347
406,346
405,345
405,344
404,343
404,342
402,340
401,340
398,337
397,337
395,335
394,335
393,334
392,334
391,333
390,333
389,332
387,332
386,331
383,331
382,330
374,330
373,329
372,329
371,330
362,330
361,331
358,331
357,332
355,332
354,333
351,333
350,334
347,334
346,335
344,335
343,336
337,336
334,333
334,332
333,331
333,330
334,329
334,326
335,325
335,323
336,322
336,321
337,320
337,319
339,317
339,316
340,315
340,314
342,312
342,311
344,309
344,308
346,306
346,305
348,303
348,302
350,300
350,298
351,297
351,285
350,284
350,283
349,282
349,280
348,279
348,277
344,273
344,272
341,269
340,269
333,262
332,262
331,261
330,261
328,259
327,259
326,258
325,258
324,257
323,257
322,256
321,256
319,254
318,254
317,253
314,253
313,252
311,252
310,251
308,251
307,250
304,250
303,249
302,249
299,246
301,244
304,244
305,243
318,243
319,244
343,244
344,245
346,245
349,248
349,267
350,268
350,271
351,272
351,275
352,276
352,278
353,279
353,282
354,283
354,285
355,286
355,287
356,288
356,289
357,290
357,291
362,296
363,296
364,297
366,297
367,298
378,298
379,297
381,297
382,296
383,296
384,295
385,295
387,293
388,293
389,292
390,292
391,291
392,291
394,289
395,289
397,287
398,287
399,286
400,286
401,285
402,285
403,284
405,284
406,283
407,283
408,282
409,282
411,280
413,280
414,279
416,279
417,278
420,278
421,277
424,277
425,276
429,276
430,277
432,277
433,278
435,278
436,279
438,279
439,280
440,280
441,281
442,281
443,282
444,282
446,284
447,284
456,293
456,297
455,298
445,298
444,299
442,299
442,300
441,301
441,302
438,305
436,305
435,306
433,306
433,308
432,309
432,312
433,313
433,315
434,316
434,317
440,323
441,323
442,324
443,324
444,325
445,325
446,326
447,326
449,328
451,328
452,329
455,329
456,330
465,330
466,329
468,329
469,328
471,328
472,327
473,327
474,326
475,326
476,325
477,325
478,324
480,324
481,323
482,323
488,317
489,317
489,316
490,315
490,314
491,313
491,312
496,307
497,307
498,306
500,306
501,305
502,305
504,303
504,298
503,297
503,295
502,294
502,293
501,292
501,291
499,289
499,288
498,287
498,286
496,284
496,283
494,281
494,280
493,279
493,278
492,277
492,276
489,273
489,272
485,268
484,268
481,265
481,264
480,263
479,263
477,261
476,261
474,259
473,259
472,258
471,258
470,257
469,257
468,256
467,256
466,255
465,255
464,254
462,254
461,253
458,253
457,252
455,252
454,251
452,251
451,250
449,250
448,249
445,249
444,248
440,248
439,247
435,247
434,246
422,246
421,247
418,247
417,248
409,248
408,247
408,245
411,242
412,242
414,240
415,240
416,239
417,239
418,238
421,238
422,237
424,237
425,236
427,236
428,235
429,235
430,234
433,234
434,233
435,234
437,234
438,235
439,235
441,237
442,237
444,239
446,239
448,241
450,241
451,242
453,242
454,243
466,243
467,242
468,242
469,241
470,241
472,239
473,239
475,237
475,236
476,235
476,234
477,233
477,232
478,231
478,230
480,228
480,226
481,225
481,223
483,221
483,220
493,210
494,210
497,207
498,207
500,205
501,205
502,204
504,204
505,203
506,203
509,200
510,200
511,199
512,199
513,198
514,198
516,196
517,196
518,195
519,195
521,193
522,193
526,189
527,189
529,187
530,187
541,176
541,175
546,170
546,169
547,168
547,167
548,166
548,165
550,163
550,162
551,161
551,159
552,158
552,157
553,156
553,153
554,152
554,148
555,147
555,136
556,135
556,131
557,130
557,129
562,124
563,124
566,121
567,121
567,120
571,116
571,114
572,113
572,112
573,111
573,109
574,108
574,107
576,105
576,104
578,102
578,74
576,72
576,71
573,68
573,67
572,66
572,65
568,61
567,61
566,60
565,60
563,58
562,58
561,57
560,57
559,56
558,56
557,55
556,55
555,54
553,54
552,53
550,53
549,52
545,52
544,51
543,51
542,52
535,52
534,53
531,53
528,50
528,48
527,47
527,46
526,45
526,43
523,40
523,39
522,38
522,37
521,37
520,36
519,36
518,35
517,35
515,33
514,33
513,32
512,32
511,31
509,31
508,30
505,30
504,29
501,29
500,28
486,28
485,27
482,27
481,26
480,26
479,25
478,25
476,23
475,23
473,21
472,21
471,20
469,20
465,16
465,15
464,14
459,14
