817
205,80
203,82
195,82
194,83
192,83
189,86
187,86
186,87
184,87
182,89
181,89
180,90
178,90
176,92
175,92
173,94
172,94
169,97
168,97
167,98
165,98
162,101
161,101
160,102
159,102
152,109
151,109
147,113
146,113
145,114
144,114
142,116
141,116
137,120
136,120
124,132
123,132
120,135
119,135
119,136
110,145
110,146
100,156
100,157
96,161
96,162
94,164
94,165
90,169
90,170
85,175
85,176
81,180
81,181
78,184
78,185
75,188
75,189
74,190
74,192
73,193
73,194
72,195
72,196
68,200
68,201
67,202
67,203
66,204
66,206
65,207
65,208
63,210
63,212
62,213
62,215
60,217
60,218
59,219
59,221
57,223
57,225
56,226
56,229
55,230
55,231
54,232
54,234
53,235
53,243
52,244
52,245
53,246
53,252
54,253
54,255
55,256
55,257
56,258
56,260
57,261
57,263
62,268
62,269
65,272
65,274
66,275
66,277
67,278
67,280
68,281
68,282
70,284
70,285
71,286
71,288
72,289
72,290
73,291
73,293
74,294
74,302
75,303
75,305
76,306
76,308
77,309
77,328
78,329
78,335
79,336
79,338
80,339
80,362
81,363
81,365
82,366
82,377
83,378
83,383
84,384
84,396
85,397
85,405
86,406
86,409
87,410
87,411
88,412
88,414
89,415
89,417
90,418
90,419
91,420
91,421
92,422
92,423
93,424
93,426
94,427
94,428
95,429
95,431
96,432
96,433
97,434
97,435
98,436
98,438
99,439
99,440
100,441
100,442
101,443
101,444
103,446
103,447
104,448
104,450
105,451
105,452
107,454
107,455
108,456
108,457
109,458
109,459
114,464
114,465
116,467
117,467
121,471
122,471
124,473
125,473
137,485
138,485
140,487
141,487
142,488
143,488
145,490
146,490
147,491
148,491
149,492
150,492
156,498
157,498
158,499
161,499
162,500
165,500
167,502
168,502
169,503
170,503
172,505
173,505
174,506
175,506
176,507
177,507
178,508
180,508
181,509
183,509
184,510
186,510
187,511
189,511
190,512
192,512
193,513
195,513
196,514
198,514
199,515
201,515
202,516
205,516
206,517
208,517
209,518
218,518
219,519
221,519
222,520
230,520
231,519
232,519
233,518
235,518
236,517
237,517
241,513
242,513
243,512
252,512
253,511
254,511
257,508
258,508
258,507
259,506
259,505
260,504
260,503
261,502
261,501
262,500
262,498
263,497
263,495
264,494
264,492
265,491
265,487
264,486
264,485
262,483
262,482
257,477
257,476
254,473
253,473
250,470
249,470
247,468
246,468
241,463
241,462
235,456
235,455
231,451
231,450
225,444
225,443
220,438
220,437
219,436
219,435
217,433
217,431
214,428
214,426
213,425
213,423
212,422
212,418
211,417
211,412
210,411
212,409
214,409
217,412
218,412
219,413
220,413
223,416
224,416
229,421
229,422
232,425
233,425
237,429
238,429
239,430
240,430
243,433
244,433
246,435
247,435
248,436
249,436
250,437
252,437
253,438
255,438
256,439
258,439
259,440
262,440
263,441
264,441
265,442
266,442
267,443
269,443
270,444
272,444
273,445
276,445
277,446
310,446
311,447
316,447
320,443
322,443
323,442
326,442
327,441
332,441
333,440
335,440
336,439
338,439
339,438
340,438
341,437
342,437
343,436
345,436
346,435
348,435
349,434
352,434
353,433
356,433
357,432
359,432
360,431
362,431
363,430
364,430
365,429
366,429
367,428
369,428
370,427
371,427
372,426
373,426
374,425
376,425
379,422
379,421
382,418
382,417
385,414
386,414
387,413
388,413
389,412
390,412
399,403
399,402
400,401
400,400
401,399
401,397
402,396
402,395
403,394
403,393
404,392
404,388
403,387
403,386
400,383
400,382
398,380
398,379
397,378
397,376
396,375
395,375
394,374
392,374
391,373
387,373
386,372
384,372
383,371
380,371
379,370
376,370
375,369
373,369
372,368
364,368
363,367
361,367
360,366
359,366
358,365
355,365
354,364
352,364
351,363
349,363
348,362
345,362
344,361
338,361
337,360
335,360
334,359
331,359
330,358
327,358
326,357
323,357
322,356
319,356
318,355
317,355
315,353
315,352
314,351
314,350
310,346
310,345
307,342
307,341
305,339
305,338
304,337
304,335
303,334
303,332
304,331
304,330
306,328
308,328
309,327
311,327
312,326
313,327
314,327
317,330
319,330
320,331
322,331
324,333
326,333
327,334
328,334
329,335
330,335
332,337
333,337
334,338
336,338
337,339
340,339
341,340
346,340
347,341
349,341
351,343
352,343
353,344
354,344
356,346
365,346
366,347
368,347
369,348
370,348
371,349
373,349
374,350
381,350
382,351
388,351
389,352
392,352
393,353
432,353
433,352
449,352
450,351
451,351
452,350
454,350
455,349
457,349
458,348
459,348
460,347
461,347
463,345
464,345
467,342
468,342
474,336
474,335
476,333
476,332
477,331
477,330
479,328
479,327
480,326
480,325
483,322
483,321
484,320
484,319
486,317
486,315
487,314
487,313
488,312
488,301
487,300
487,299
486,298
485,298
484,297
482,297
481,296
476,296
475,295
471,295
470,294
467,294
466,293
463,293
462,292
460,292
459,291
458,291
457,290
455,290
454,289
453,289
452,288
451,288
450,287
449,287
448,286
447,286
446,285
444,285
443,284
440,284
439,283
437,283
436,282
435,282
434,281
433,281
432,280
431,280
429,278
429,277
428,276
428,274
429,273
429,272
432,269
434,269
436,267
438,267
439,266
440,266
441,267
442,267
443,268
446,268
447,269
456,269
457,268
482,268
483,267
485,267
486,266
490,266
491,265
513,265
514,264
515,264
516,263
518,263
519,262
526,262
527,261
528,261
529,260
530,260
534,256
535,256
537,254
538,254
541,251
542,251
550,243
551,243
559,235
559,234
560,233
560,232
561,231
561,229
562,228
562,226
563,225
563,223
564,222
564,217
563,216
563,214
562,213
562,212
560,210
560,208
559,207
559,206
558,205
558,204
557,203
557,202
556,201
555,201
552,198
552,197
548,193
548,192
543,187
542,187
539,184
537,184
536,183
483,183
482,184
478,184
477,185
434,185
433,184
430,184
429,183
420,183
419,182
413,182
412,181
397,181
396,180
394,180
393,179
389,179
388,178
381,178
380,177
372,177
371,176
367,176
366,175
357,175
356,174
353,174
352,173
350,173
349,172
348,172
347,171
345,171
344,170
342,170
341,169
339,169
338,168
337,168
336,167
334,167
333,166
330,166
329,165
325,165
324,164
322,164
321,163
320,163
318,161
317,161
315,159
314,159
313,158
312,158
311,157
309,157
308,156
305,156
304,155
301,155
300,154
298,154
297,153
295,153
294,152
292,152
291,151
289,151
288,150
287,150
286,149
284,149
283,148
281,148
280,147
279,147
278,146
276,146
275,145
272,145
271,144
269,144
268,143
267,143
266,142
265,142
264,141
263,141
262,140
260,140
259,139
257,139
256,138
255,138
254,137
252,137
251,136
250,136
249,135
247,135
246,134
243,134
242,133
240,133
239,132
238,132
233,127
232,127
231,126
230,126
229,125
228,125
227,124
226,124
225,123
224,123
219,118
219,117
218,116
218,108
217,107
217,91
216,90
216,88
215,87
215,86
210,81
209,81
208,80
205,80
