786
278,30
277,31
272,31
271,32
268,32
267,33
266,33
265,34
263,34
262,35
260,35
256,39
255,39
250,44
250,45
246,49
246,50
244,52
244,53
243,54
243,56
242,57
242,61
241,62
241,64
240,65
240,78
241,79
241,82
242,83
242,86
243,87
243,88
244,89
242,91
241,91
240,92
238,92
237,93
233,93
232,94
230,94
229,95
227,95
226,96
223,96
222,97
220,97
219,98
217,98
216,99
213,99
212,100
210,100
209,101
207,101
206,102
205,102
204,103
202,103
201,104
199,104
197,106
195,106
194,107
192,107
190,109
189,109
188,110
186,110
185,111
184,111
183,112
182,112
180,114
179,114
178,115
177,115
176,116
175,116
174,117
173,117
172,118
171,118
168,121
167,121
164,124
162,124
161,125
160,125
157,128
156,128
154,130
153,130
149,134
148,134
136,146
135,146
126,155
126,156
120,162
117,162
116,161
115,161
114,160
112,160
111,159
110,159
108,157
107,157
106,156
105,156
99,150
98,150
95,147
95,146
92,143
92,142
90,140
90,139
88,137
88,136
87,135
87,133
86,132
86,129
85,128
85,126
84,125
84,124
83,123
83,122
82,121
82,119
80,117
80,115
79,114
79,113
77,111
77,110
76,109
76,108
74,106
74,105
73,104
73,103
71,101
71,100
70,99
69,99
68,98
68,97
67,96
66,96
65,95
65,94
64,93
63,93
60,90
59,90
58,89
57,89
55,87
53,87
52,86
51,86
50,85
47,85
46,84
40,84
39,83
38,83
37,84
32,84
31,85
28,85
26,87
24,87
23,88
21,88
19,90
18,90
17,91
16,91
13,94
12,94
4,102
4,110
5,111
5,112
6,113
6,116
7,117
7,119
8,120
8,122
9,123
9,125
10,126
10,127
11,128
11,129
12,130
12,132
13,133
13,136
14,137
14,138
15,139
15,142
16,143
16,145
17,146
17,147
18,148
18,150
19,151
19,153
20,154
20,155
21,156
21,158
22,159
22,161
23,162
23,163
24,164
24,166
25,167
25,169
26,170
26,171
27,172
27,174
28,175
28,178
29,179
29,180
30,181
30,182
31,183
31,185
32,186
32,188
33,189
33,190
34,191
34,192
35,193
35,195
36,196
36,197
37,198
37,200
38,201
38,202
39,203
39,204
40,205
40,206
41,207
41,209
43,211
43,213
44,214
44,215
46,217
46,218
47,219
47,221
49,223
49,225
51,227
51,228
52,229
52,230
53,231
53,232
55,234
55,235
56,236
56,237
57,238
57,239
58,240
58,241
59,242
59,243
60,244
60,245
63,248
63,249
65,251
65,252
70,257
70,258
73,261
73,262
74,263
74,281
75,282
75,288
76,289
76,291
77,292
77,295
78,296
78,299
79,300
79,301
80,302
80,303
81,304
81,306
82,307
82,308
83,309
83,310
85,312
85,313
86,314
86,315
87,316
87,317
89,319
89,320
93,324
93,325
106,338
107,338
108,339
109,339
111,341
112,341
114,343
115,343
117,345
119,345
120,346
121,346
122,347
123,347
124,348
125,348
126,349
129,349
131,351
133,351
134,352
136,352
137,353
139,353
140,354
141,354
142,355
144,355
145,356
147,356
148,357
150,357
151,358
153,358
154,359
157,359
159,361
161,361
162,362
165,362
166,363
167,363
168,364
171,364
172,365
174,365
175,366
177,366
178,367
181,367
182,368
187,368
188,369
190,369
191,370
193,370
194,371
198,371
199,372
202,372
203,373
207,373
208,374
212,374
213,375
218,375
219,376
225,376
226,377
231,377
232,378
245,378
246,379
253,379
254,380
260,380
261,381
314,381
315,380
320,380
321,379
328,379
329,378
340,378
341,377
348,377
349,376
354,376
355,375
357,375
358,374
363,374
364,373
368,373
369,372
372,372
373,371
376,371
377,370
380,370
381,369
383,369
384,368
387,368
388,367
391,367
392,366
393,366
394,365
397,365
398,364
400,364
401,363
403,363
404,362
406,362
407,361
409,361
410,360
411,360
412,359
414,359
415,358
416,358
417,357
418,357
419,356
421,356
422,355
425,355
427,353
429,353
430,352
432,352
433,351
435,351
437,349
439,349
440,348
441,348
442,347
443,347
444,346
445,346
446,345
447,345
448,344
449,344
450,343
451,343
452,342
453,342
455,340
456,340
459,337
460,337
477,320
477,319
479,317
479,316
481,314
481,313
482,312
482,311
483,310
483,309
484,308
484,306
485,305
485,304
487,302
487,300
488,299
488,296
489,295
489,293
490,292
490,289
491,288
491,283
492,282
492,277
493,276
493,272
492,271
494,269
495,269
496,268
498,268
499,267
502,267
503,266
505,266
506,265
509,265
510,264
513,264
514,263
515,263
516,262
518,262
519,261
522,261
523,260
524,260
525,259
528,259
529,258
531,258
533,256
535,256
536,255
537,255
538,254
539,254
540,253
542,253
543,252
544,252
545,251
547,251
549,249
550,249
551,248
552,248
554,246
555,246
557,244
558,244
559,243
560,243
563,240
564,240
567,237
568,237
572,233
572,232
578,226
578,225
581,222
581,221
583,219
583,218
584,217
584,216
586,214
586,213
587,212
587,210
588,209
588,208
589,207
589,205
590,204
590,202
591,201
591,200
592,199
592,195
593,194
593,187
594,186
594,172
593,171
593,163
592,162
592,156
591,155
591,153
590,152
590,149
589,148
589,146
588,145
588,143
587,142
587,140
586,139
586,138
585,137
585,136
584,135
584,134
583,133
583,132
580,129
580,128
578,126
578,125
564,111
563,111
562,110
561,110
560,109
559,109
557,107
556,107
555,106
554,106
553,105
552,105
551,104
549,104
548,103
546,103
545,102
544,102
543,101
541,101
540,100
535,100
534,99
530,99
529,98
505,98
504,99
500,99
499,100
493,100
492,101
489,101
488,102
487,102
486,103
484,103
483,104
481,104
480,105
478,105
477,106
475,106
474,107
472,107
470,109
468,109
467,110
466,110
465,111
464,111
463,112
462,112
461,113
460,113
459,114
458,114
457,115
456,115
453,118
452,118
449,121
448,121
445,124
444,124
442,126
441,126
436,131
436,132
432,136
432,137
427,142
418,133
417,133
416,132
415,132
411,128
410,128
407,125
405,125
403,123
402,123
399,120
398,120
396,118
395,118
394,117
393,117
391,115
390,115
389,114
388,114
387,113
386,113
385,112
384,112
383,111
382,111
381,110
380,110
379,109
378,109
377,108
376,108
375,107
374,107
373,106
372,106
371,105
370,105
369,104
367,104
366,103
364,103
362,101
359,101
358,100
356,100
355,99
352,99
351,98
350,98
349,97
347,97
346,96
343,96
342,95
341,95
340,94
337,94
336,93
333,93
332,92
330,92
329,91
324,91
323,90
322,90
321,89
321,88
322,87
322,85
323,84
323,80
324,79
324,63
323,62
323,59
322,58
322,56
321,55
321,53
320,52
320,51
316,47
316,46
306,36
305,36
304,35
303,35
302,34
300,34
299,33
298,33
297,32
294,32
293,31
286,31
285,30
278,30
