595
282,47
281,48
266,48
265,49
262,49
261,50
259,50
258,51
255,51
254,52
252,52
251,53
249,53
248,54
246,54
245,55
238,55
237,56
229,56
228,57
224,57
223,58
221,58
220,59
219,59
218,60
217,60
216,61
215,61
212,64
211,64
210,65
210,66
203,73
203,75
202,76
202,78
201,79
201,80
200,81
200,84
199,85
199,88
198,89
198,98
197,99
197,113
196,114
196,156
195,157
195,162
194,163
194,168
192,170
190,168
189,168
187,166
186,166
184,164
183,164
182,163
181,163
180,162
179,162
178,161
176,161
175,160
174,160
173,159
171,159
170,158
169,158
167,156
165,156
164,155
161,155
160,154
159,154
158,153
156,153
155,152
153,152
152,151
149,151
148,150
147,150
146,149
144,149
143,148
141,148
140,147
136,147
135,146
131,146
130,145
128,145
127,144
122,144
121,143
113,143
112,142
110,142
109,143
97,143
96,144
93,144
92,145
89,145
88,146
85,146
84,147
83,147
82,148
80,148
79,149
78,149
76,151
75,151
74,152
73,152
65,160
64,160
60,164
60,166
59,167
59,168
57,170
57,171
56,172
56,174
55,175
55,177
53,179
53,181
52,182
52,184
51,185
51,188
50,189
50,190
49,191
49,195
48,196
48,202
47,203
47,215
46,216
46,225
45,226
45,259
44,260
44,268
43,269
43,276
42,277
42,283
41,284
41,288
40,289
40,292
39,293
39,305
40,306
40,308
41,309
41,310
44,313
45,313
47,315
48,315
49,316
51,316
52,317
54,317
56,319
58,319
59,320
65,320
66,321
80,321
81,320
86,320
87,319
90,319
91,318
94,318
95,317
105,317
106,318
113,318
114,319
116,319
117,320
120,320
121,321
124,321
125,322
127,322
128,323
130,323
131,324
134,324
135,325
138,325
139,326
140,326
141,327
144,327
145,328
149,328
150,329
154,329
155,330
159,330
160,331
162,331
163,332
166,332
167,333
170,333
171,334
174,334
175,335
176,335
177,336
180,336
181,337
184,337
185,338
189,338
190,339
191,339
192,340
195,340
196,341
200,341
201,342
204,342
205,343
208,343
209,344
210,344
211,345
213,345
214,346
217,346
218,347
221,347
222,348
223,348
224,349
226,349
227,350
230,350
231,351
234,351
235,352
236,352
237,353
239,353
240,354
243,354
244,355
248,355
249,356
251,356
252,357
253,357
254,358
257,358
258,359
261,359
262,360
264,360
265,361
266,361
267,362
269,362
270,363
272,363
273,364
274,364
276,366
277,366
278,367
279,367
280,368
282,368
283,369
284,369
288,373
289,373
297,381
298,381
302,385
303,385
307,389
308,389
309,390
310,390
312,392
313,392
314,393
316,393
317,394
318,394
319,395
321,395
322,396
323,396
324,397
326,397
327,398
330,398
331,399
334,399
335,400
339,400
340,401
341,401
342,402
352,402
352,401
353,400
353,394
354,393
354,378
355,377
355,374
354,373
354,365
353,364
353,357
352,356
352,353
351,352
351,348
350,347
350,341
349,340
349,330
348,329
348,317
347,316
347,315
349,313
352,313
353,314
358,314
359,313
372,313
373,314
381,314
382,315
390,315
391,316
398,316
399,317
403,317
404,318
406,318
407,319
410,319
411,320
414,320
415,321
418,321
419,322
421,322
422,323
424,323
425,324
427,324
428,325
430,325
431,326
433,326
434,327
436,327
437,328
441,328
442,329
445,329
446,330
448,330
449,331
449,332
451,334
451,336
452,337
452,339
453,340
453,342
454,343
454,345
455,346
455,347
456,348
456,349
457,350
457,352
458,353
458,355
459,356
459,358
463,362
463,363
467,367
469,367
470,368
492,368
493,367
497,367
498,366
500,366
501,365
502,365
503,364
505,364
506,363
507,363
508,362
509,362
509,358
510,357
510,354
509,353
509,339
508,338
508,329
507,328
507,325
506,324
506,322
505,321
505,317
504,316
504,312
503,311
503,308
502,307
502,305
501,304
501,299
500,298
500,293
499,292
499,289
498,288
498,284
497,283
497,276
496,275
496,261
495,260
495,259
496,258
496,238
495,237
495,222
494,221
494,218
492,216
492,214
491,213
491,211
489,209
489,208
490,207
490,205
491,204
491,202
492,201
492,200
493,199
493,198
494,197
494,196
495,195
495,193
496,192
496,189
497,188
497,187
499,185
499,183
500,182
500,181
501,180
501,179
502,178
502,177
504,175
504,173
505,172
505,171
506,170
506,169
507,168
507,167
508,166
508,164
509,163
509,162
510,161
510,160
511,159
511,158
512,157
512,156
513,155
513,153
514,152
514,150
516,148
516,146
517,145
517,144
518,143
518,140
520,138
520,136
521,135
521,132
522,131
522,128
523,127
523,126
524,125
524,122
525,121
525,115
526,114
526,96
525,95
525,94
524,93
524,91
522,89
522,87
518,83
518,82
517,82
509,74
508,74
507,73
504,73
502,71
500,71
499,70
496,70
495,69
493,69
492,68
490,68
489,67
488,67
487,66
485,66
484,65
483,65
482,64
480,64
478,62
476,62
475,61
473,61
472,60
470,60
469,59
467,59
466,58
463,58
462,57
457,57
456,56
447,56
446,55
435,55
434,54
368,54
367,53
353,53
352,52
343,52
342,51
332,51
331,50
320,50
319,49
303,49
302,48
286,48
285,47
282,47
