1315
217,14
216,15
214,15
213,16
212,16
211,17
211,23
212,24
212,26
213,27
213,28
214,29
214,30
215,31
215,33
216,34
216,36
217,37
217,38
218,39
218,40
219,41
219,43
221,45
221,46
223,48
223,50
224,51
224,53
225,54
225,57
226,58
226,64
227,65
227,71
228,72
228,77
229,78
229,83
230,84
230,89
231,90
231,97
232,98
232,132
231,133
231,148
230,149
230,151
229,152
229,155
228,156
228,165
227,166
227,173
226,174
226,200
225,201
225,207
224,208
224,214
223,215
223,224
222,225
222,232
221,233
221,236
220,237
220,239
219,240
219,246
218,247
218,251
217,252
217,255
216,256
216,259
215,260
215,264
214,265
214,268
213,269
213,271
212,272
212,274
211,275
211,278
210,279
210,282
209,283
209,285
208,286
208,289
207,290
207,293
206,294
206,297
205,298
205,301
204,302
204,304
200,308
199,308
198,309
195,309
194,310
185,310
184,309
180,309
179,308
177,308
176,307
175,307
159,291
158,291
154,287
153,287
148,282
147,282
144,279
143,279
141,277
140,277
137,274
136,274
135,273
134,273
132,271
131,271
129,269
128,269
127,268
126,268
124,266
122,266
120,264
119,264
118,263
117,263
116,262
115,262
114,261
111,261
110,260
107,260
106,259
100,259
99,258
80,258
78,256
78,255
69,246
68,246
66,244
65,244
63,242
62,242
61,241
58,241
56,243
56,245
55,246
55,260
54,261
54,264
48,270
48,282
49,283
49,294
48,295
48,299
49,300
49,317
48,318
48,323
47,324
47,329
46,330
46,335
45,336
45,339
44,340
44,352
45,353
44,354
46,356
46,357
47,358
49,358
50,359
54,359
55,360
61,360
62,361
68,361
70,359
71,359
73,357
73,356
77,352
77,351
80,348
80,347
82,345
82,344
84,342
84,341
88,337
89,337
91,335
95,335
100,340
100,341
101,342
101,343
102,344
102,345
104,347
104,348
105,349
105,350
107,352
107,354
108,355
108,356
110,358
110,360
111,361
111,362
112,363
112,364
113,365
113,366
114,367
114,369
115,370
115,372
116,373
116,376
117,377
117,382
118,383
118,388
119,389
119,396
120,397
120,400
121,401
121,403
122,404
122,407
123,408
123,409
124,410
124,412
126,414
126,416
127,417
127,419
128,420
128,426
127,427
127,428
122,433
122,434
119,437
119,438
118,439
118,440
116,442
116,443
115,444
115,445
113,447
113,448
110,451
110,452
107,455
107,456
106,457
106,458
105,459
105,460
104,461
104,462
102,464
102,465
101,466
101,467
100,468
100,469
98,471
98,472
97,473
97,474
95,476
95,477
94,478
94,479
93,480
93,481
91,483
91,484
90,485
90,486
89,487
89,488
88,489
88,490
87,491
87,492
86,493
86,495
85,496
85,497
84,498
84,499
83,500
83,502
82,503
82,504
81,505
81,506
80,507
80,508
79,509
79,511
78,512
78,513
77,514
77,515
76,516
76,517
75,518
75,519
74,520
74,521
72,523
72,524
71,525
71,526
70,527
70,528
68,530
68,531
66,533
66,534
65,535
65,536
64,537
64,538
62,540
62,541
61,542
61,543
60,544
60,546
59,547
59,548
58,549
58,551
57,552
57,555
56,556
56,562
57,563
57,565
58,566
75,566
76,565
80,565
81,564
81,562
82,561
82,559
83,558
83,556
84,555
84,553
85,552
85,549
86,548
86,545
87,544
87,542
88,541
88,539
89,538
89,536
90,535
90,534
91,533
91,531
92,530
92,529
93,528
93,527
94,526
94,524
95,523
95,522
96,521
96,520
97,519
97,518
99,516
99,515
100,514
100,513
101,512
101,511
103,509
103,508
104,507
104,506
105,505
105,504
107,502
107,501
109,499
109,498
120,487
120,486
136,470
137,470
144,463
145,463
156,452
160,452
163,455
163,456
164,457
164,458
165,459
165,460
166,461
166,462
167,463
167,465
168,466
168,468
169,469
169,471
170,472
170,474
171,475
171,477
172,478
172,481
173,482
173,484
174,485
174,486
175,487
175,488
176,489
176,490
177,491
177,492
179,494
179,495
180,496
180,498
182,500
182,501
183,502
183,503
185,505
185,506
186,507
186,508
188,510
188,511
190,513
190,514
193,517
193,518
195,520
195,521
199,525
199,526
202,529
202,530
205,533
205,534
207,536
207,537
208,538
208,539
210,541
210,543
211,544
211,545
212,546
212,549
213,550
213,553
214,554
214,557
215,558
215,561
216,562
216,564
217,565
217,566
218,567
218,568
220,570
220,571
221,572
226,572
227,571
229,571
230,570
231,570
232,569
233,569
234,568
235,568
240,563
241,563
244,560
244,559
245,558
245,554
244,553
244,552
225,533
225,532
222,529
222,528
220,526
220,525
218,523
218,522
216,520
216,519
215,518
215,517
213,515
213,514
212,513
212,512
211,511
211,510
210,509
210,508
208,506
208,504
206,502
206,499
205,498
205,497
204,496
204,494
203,493
203,491
202,490
202,487
201,486
201,483
200,482
200,481
199,480
199,479
198,478
198,475
197,474
197,454
198,453
198,452
203,447
204,447
205,446
212,446
213,445
219,445
220,444
223,444
224,443
227,443
228,442
231,442
232,441
234,441
235,440
237,440
238,439
240,439
241,438
242,438
243,437
245,437
246,436
248,436
250,434
252,434
253,433
254,433
255,432
257,432
258,431
259,431
260,430
261,430
262,429
263,429
264,428
266,428
267,427
270,427
271,426
272,426
273,425
275,425
276,424
279,424
280,423
281,423
282,424
285,424
286,425
287,425
289,427
289,428
290,429
290,430
291,431
291,432
292,433
292,434
293,435
293,437
294,438
294,440
295,441
295,443
296,444
296,446
297,447
297,450
298,451
298,454
299,455
299,457
300,458
300,462
301,463
301,475
302,476
302,477
301,478
301,486
300,487
300,489
299,490
299,491
298,492
298,493
297,494
297,495
295,497
295,498
294,499
294,500
293,501
293,502
291,504
291,505
289,507
289,508
288,509
288,510
287,511
287,512
286,513
286,515
285,516
285,517
284,518
284,520
283,521
283,523
282,524
282,526
281,527
281,529
280,530
280,531
279,532
279,533
277,535
277,536
274,539
274,540
271,543
271,544
265,550
265,551
262,554
262,555
260,557
260,558
259,559
259,560
257,562
257,564
256,565
256,567
259,570
262,570
263,571
273,571
274,572
283,572
284,573
285,572
289,572
291,570
291,569
292,568
292,564
293,563
293,559
294,558
294,556
295,555
295,553
296,552
296,550
297,549
297,547
298,546
298,545
299,544
299,542
300,541
300,540
301,539
301,538
302,537
302,535
303,534
303,533
304,532
304,530
305,529
305,528
306,527
306,526
307,525
307,524
308,523
308,522
310,520
310,519
311,518
311,517
312,516
312,515
314,513
314,512
317,509
317,508
320,505
320,504
322,502
322,501
323,500
323,499
324,498
324,497
325,496
325,494
326,493
326,470
327,469
327,452
328,451
328,450
332,446
333,446
334,445
337,445
338,446
339,446
354,461
354,462
356,464
356,465
357,466
357,467
358,468
358,469
359,470
359,471
360,472
360,474
361,475
361,476
362,477
362,478
363,479
363,480
365,482
365,483
367,485
367,486
369,488
369,489
373,493
373,494
376,497
376,498
378,500
378,501
379,502
379,504
380,505
380,506
381,507
381,509
382,510
382,512
383,513
383,516
384,517
384,520
385,521
385,524
386,525
386,530
387,531
387,535
388,536
388,540
389,541
389,545
390,546
390,548
391,549
391,551
392,552
392,554
393,555
393,558
394,559
394,560
395,561
395,563
396,564
396,565
397,566
397,567
398,568
398,570
399,571
399,573
400,574
400,575
401,576
401,577
404,577
405,578
411,578
412,577
418,577
419,576
422,576
425,573
425,572
427,570
427,569
430,566
430,559
427,556
426,556
419,549
419,548
417,546
417,545
415,543
415,542
414,541
414,540
413,539
413,538
412,537
412,536
411,535
411,533
410,532
410,531
409,530
409,529
408,528
408,526
407,525
407,523
406,522
406,520
405,519
405,517
404,516
404,514
403,513
403,510
402,509
402,506
401,505
401,502
400,501
400,499
399,498
399,496
398,495
398,493
397,492
397,489
396,488
396,486
395,485
395,483
394,482
394,480
393,479
393,476
392,475
392,474
391,473
391,472
390,471
390,470
389,469
389,468
388,467
388,466
387,465
387,464
386,463
386,462
384,460
384,459
383,458
383,457
382,456
382,455
381,454
381,453
380,452
380,451
379,450
379,448
378,447
378,445
377,444
377,426
378,425
378,421
379,420
379,419
380,418
380,417
382,415
382,414
385,411
386,411
389,414
389,415
390,416
390,417
392,419
392,420
393,421
393,423
394,424
394,426
395,427
395,432
396,433
396,438
397,439
397,441
398,442
398,444
399,445
399,447
402,450
402,451
409,458
409,459
413,463
413,469
414,470
414,483
415,484
415,488
416,489
416,492
417,493
417,494
418,495
418,497
422,497
426,493
426,492
428,490
428,489
430,487
432,487
433,486
435,486
438,483
438,481
439,480
439,472
440,471
440,466
441,465
441,460
442,459
442,454
443,453
443,441
445,439
451,439
451,438
452,437
452,434
451,433
451,429
450,428
450,426
449,425
449,424
448,423
448,421
447,420
447,419
445,417
445,416
444,415
444,414
442,412
442,411
441,410
441,409
440,408
440,407
439,406
439,405
438,404
438,403
437,402
437,401
436,400
436,398
435,397
435,396
434,395
434,394
433,393
433,392
432,391
432,390
431,389
431,388
429,386
429,385
428,384
428,383
427,382
427,380
426,379
426,378
425,377
425,376
424,375
424,374
423,373
423,372
422,371
422,370
421,369
421,368
419,366
419,364
418,363
418,362
416,360
416,359
408,351
408,350
406,348
406,340
405,339
405,335
404,335
403,334
402,334
401,333
399,333
398,332
395,332
394,331
390,331
389,330
383,330
382,329
376,329
375,328
371,328
370,327
365,327
364,326
361,326
360,325
357,325
356,324
354,324
353,323
350,323
349,322
347,322
346,321
344,321
343,320
341,320
340,319
338,319
337,318
335,318
334,317
323,317
322,316
320,316
317,313
317,305
316,304
316,300
317,299
317,296
322,291
323,291
342,272
342,271
344,269
344,267
345,266
345,264
346,263
346,252
337,243
337,241
345,233
345,232
347,230
347,229
349,227
349,226
351,224
351,223
353,221
353,220
355,218
355,217
356,216
356,215
357,214
357,213
358,212
358,211
359,210
359,208
361,206
361,202
362,201
362,181
361,180
361,177
353,177
352,178
350,178
349,179
348,179
346,181
345,181
343,183
342,183
339,186
338,186
336,188
333,188
332,187
332,181
333,180
333,177
334,176
334,174
335,173
335,172
336,171
336,169
337,168
337,166
338,165
338,164
339,163
339,162
340,161
340,159
341,158
341,156
342,155
342,153
343,152
343,146
344,145
344,135
343,134
343,132
342,131
342,128
341,127
341,125
339,123
339,122
330,122
325,127
325,128
316,137
315,137
313,139
312,139
310,137
310,100
309,99
309,95
308,94
308,92
307,91
307,88
306,87
306,82
305,81
305,79
304,78
304,74
303,73
303,72
298,67
297,67
294,64
287,64
285,66
285,67
284,68
284,70
283,71
283,76
282,77
282,86
281,87
281,88
280,89
280,90
279,91
279,92
278,93
278,94
277,95
276,95
275,94
275,91
274,90
274,86
273,85
273,82
272,81
272,78
271,77
271,75
270,74
270,72
269,71
269,69
268,68
268,66
267,65
267,64
266,63
266,62
265,61
265,60
263,58
263,57
262,56
262,55
261,54
261,53
259,51
259,50
256,47
256,46
244,34
244,33
243,32
242,32
228,18
227,18
226,17
225,17
223,15
221,15
220,14
