793
108,43
108,46
107,47
107,57
106,58
106,64
105,65
105,67
104,68
104,69
103,70
103,71
101,73
101,74
100,75
100,77
99,78
99,80
98,81
98,82
97,83
97,84
96,85
96,86
95,87
95,88
94,89
94,90
93,91
93,92
92,93
92,95
90,97
90,98
89,99
89,100
86,103
86,104
84,106
84,107
83,108
83,109
82,110
82,111
80,113
80,114
78,116
78,117
75,120
75,121
74,122
74,123
73,124
73,125
70,128
70,129
68,131
68,132
67,133
67,134
65,136
65,137
64,138
64,139
62,141
62,142
61,143
61,144
57,148
57,150
56,151
56,152
54,154
54,155
52,157
52,158
51,159
51,160
49,162
49,163
48,164
48,165
47,166
47,168
46,169
46,170
44,172
44,173
43,174
43,176
39,180
39,182
38,183
38,185
37,186
37,188
36,189
36,191
35,192
35,194
34,195
34,197
33,198
33,199
32,200
32,203
31,204
31,207
30,208
30,211
29,212
29,214
28,215
28,217
27,218
27,221
26,222
26,225
25,226
25,230
24,231
24,235
23,236
23,245
22,246
22,263
23,264
23,273
24,274
24,278
25,279
25,283
26,284
26,287
27,288
27,291
28,292
28,294
29,295
29,304
31,306
31,308
32,309
32,311
33,312
33,313
35,315
35,316
36,317
36,319
38,321
38,323
39,324
39,326
41,328
41,330
43,332
43,333
45,335
45,336
46,337
46,339
47,340
47,341
49,343
49,344
50,345
50,346
52,348
52,349
55,352
55,353
56,354
56,355
57,356
57,357
59,359
59,360
62,363
62,364
65,367
65,368
66,369
66,370
68,372
68,373
70,375
70,376
73,379
73,380
83,390
83,391
90,398
90,399
98,407
98,408
117,427
118,427
119,428
120,428
129,437
130,437
138,445
139,445
140,446
141,446
142,447
143,447
144,448
148,448
149,447
151,447
152,446
156,446
157,445
161,445
162,446
166,446
167,447
168,447
170,449
171,449
172,450
179,450
180,449
181,449
183,447
184,447
185,446
186,446
187,445
188,445
190,443
192,443
193,442
194,442
195,441
196,441
197,440
200,443
200,445
201,446
201,453
202,454
202,461
203,462
203,467
204,468
204,475
200,479
199,479
191,487
190,487
188,489
187,489
182,494
181,494
176,499
175,499
174,500
173,500
167,506
166,506
165,507
164,507
160,511
159,511
157,513
156,513
152,517
151,517
148,520
147,520
144,523
143,523
141,525
139,525
137,527
136,527
133,530
132,530
130,532
129,532
128,533
127,533
126,534
125,534
124,535
123,535
121,537
120,537
119,538
118,538
115,541
114,541
113,542
112,542
111,543
109,543
108,544
107,544
106,545
105,545
104,546
101,546
100,547
98,547
97,548
97,550
96,551
96,553
97,554
97,557
98,558
98,559
115,576
116,576
119,579
120,579
122,581
123,581
127,585
129,585
130,586
134,586
135,585
135,584
150,569
151,569
153,567
155,567
163,559
164,559
170,553
171,553
174,550
175,550
176,549
177,549
178,548
178,547
181,544
182,544
184,542
185,542
193,534
194,534
198,530
198,529
199,528
200,528
204,524
205,524
205,523
209,519
210,519
221,508
222,508
229,501
232,501
233,500
247,500
248,501
262,501
263,502
326,502
327,501
343,501
344,500
355,500
356,499
358,499
359,498
363,498
364,497
366,497
367,496
369,496
370,495
372,495
373,494
375,494
376,493
379,493
381,491
384,491
385,490
387,490
388,489
391,489
392,488
395,488
396,487
397,487
398,486
400,486
401,485
402,485
403,484
406,484
408,482
410,482
411,481
413,481
414,480
416,480
417,479
419,479
420,478
421,478
422,477
423,477
426,474
427,474
429,472
430,472
437,465
438,465
443,460
444,460
452,452
453,452
464,441
464,440
471,433
471,432
473,430
474,430
477,427
477,426
478,425
478,424
479,423
479,422
483,418
483,417
484,416
484,414
485,413
485,412
487,410
487,409
489,407
489,406
490,405
490,404
491,403
491,402
493,400
493,398
494,397
494,395
495,394
495,393
496,392
496,391
497,390
497,389
498,388
498,386
499,385
499,384
500,383
500,381
501,380
501,377
502,376
502,375
503,374
503,372
504,371
504,370
505,369
505,367
506,366
506,365
507,364
507,361
508,360
508,358
509,357
509,353
510,352
510,348
511,347
511,342
512,341
512,338
513,337
513,333
514,332
514,327
515,326
515,318
516,317
516,306
517,305
517,295
518,294
518,260
517,259
517,248
516,247
516,232
515,231
515,224
514,223
514,217
513,216
513,211
512,210
512,206
511,205
511,199
510,198
510,191
509,190
509,185
508,184
508,181
507,180
507,178
506,177
506,174
505,173
505,170
504,169
504,166
503,165
503,162
502,161
502,158
501,157
501,153
500,152
500,149
499,148
499,146
498,145
498,143
497,142
497,139
496,138
496,136
495,135
495,132
494,131
494,127
493,126
493,123
492,122
492,120
491,119
491,117
490,116
490,114
489,113
489,110
488,109
488,108
487,107
487,104
486,103
486,101
485,100
485,97
484,96
484,95
481,95
480,96
479,96
478,97
476,97
474,99
473,99
471,101
469,101
468,102
467,102
464,105
463,105
462,106
461,106
459,108
458,108
456,110
455,110
454,111
452,111
451,112
450,112
448,114
447,114
446,115
445,115
443,117
441,117
439,119
437,119
436,120
434,120
433,121
432,121
431,122
430,122
429,123
428,123
427,124
425,124
424,125
423,125
422,126
421,126
420,127
417,127
416,128
412,128
411,129
408,129
407,130
405,130
404,131
402,131
401,132
399,132
398,133
396,133
395,134
392,134
391,135
388,135
387,136
386,136
385,137
380,137
379,138
377,138
376,139
373,139
372,140
370,140
369,141
367,141
366,142
364,142
363,143
362,143
361,144
358,144
357,145
355,145
354,146
351,146
350,147
347,147
346,148
345,148
344,149
342,149
341,150
340,150
339,151
337,151
336,152
335,152
334,153
331,153
330,154
328,154
327,155
326,155
325,156
324,156
323,157
322,157
321,158
320,158
319,159
318,159
317,160
316,160
315,161
314,161
313,162
311,162
310,163
309,163
308,164
307,164
306,165
305,165
304,166
303,166
302,167
301,167
299,169
298,169
296,171
294,171
293,172
292,172
291,173
290,173
288,175
287,175
286,176
285,176
281,180
279,180
278,181
268,181
267,180
266,180
264,178
263,178
262,177
262,176
260,174
260,173
259,172
259,171
257,169
257,166
249,158
249,157
248,156
248,155
237,144
237,143
232,138
232,137
231,136
230,136
225,131
225,130
221,126
220,126
216,122
216,121
213,118
212,118
204,110
203,110
194,101
193,101
192,100
191,100
184,93
183,93
182,92
181,92
173,84
172,84
171,83
170,83
167,80
166,80
164,78
163,78
160,75
159,75
158,74
157,74
156,73
155,73
151,69
150,69
148,67
147,67
146,66
145,66
143,64
142,64
141,63
140,63
137,60
136,60
133,57
132,57
131,56
129,56
127,54
126,54
124,52
123,52
122,51
121,51
119,49
118,49
116,47
115,47
111,43
108,43
