1159
461,11
460,12
457,12
456,13
454,13
453,14
451,14
450,15
449,15
448,16
447,16
446,17
444,17
443,18
429,18
428,19
425,19
424,20
423,20
422,21
421,21
420,22
418,22
417,23
415,23
414,24
412,24
411,25
410,25
408,27
406,27
405,28
404,28
400,32
399,32
398,33
397,33
393,37
392,37
391,38
390,38
390,39
387,42
386,42
368,60
368,61
363,66
363,67
361,69
361,70
356,75
356,76
353,79
353,80
351,82
351,83
349,85
349,86
344,91
344,92
335,101
334,101
331,104
331,105
329,107
329,108
326,111
326,112
325,113
325,114
319,120
318,120
316,118
316,116
315,115
315,113
314,112
314,111
312,109
312,108
311,107
311,106
310,105
310,104
309,103
309,102
306,99
306,98
302,94
302,93
300,91
296,91
295,92
294,92
293,93
292,93
290,95
289,95
282,102
282,103
278,107
278,108
276,110
276,111
275,112
275,113
272,116
269,113
269,111
268,110
268,109
267,108
267,107
264,104
264,103
263,102
263,101
261,99
261,98
259,96
259,94
255,90
255,89
254,88
253,88
250,85
250,84
249,84
246,81
246,80
245,79
244,79
241,76
240,76
237,73
236,73
233,70
232,70
231,69
230,69
227,66
226,66
225,65
223,65
221,63
220,63
219,62
217,62
216,61
212,61
211,60
208,60
207,59
202,59
201,58
194,58
194,59
193,60
193,62
192,63
192,66
191,67
191,71
190,72
190,77
189,78
189,85
188,86
188,97
189,98
189,104
190,105
190,107
191,108
191,109
192,110
192,111
194,113
194,114
195,115
195,117
196,118
196,119
197,120
197,121
198,122
198,124
199,125
199,128
198,129
195,129
194,128
193,128
180,115
179,115
175,111
174,111
171,108
170,108
169,107
168,107
167,106
166,106
163,103
162,103
161,102
160,102
159,101
158,101
156,99
155,99
153,97
151,97
150,96
148,96
146,94
145,94
144,93
143,93
142,92
141,92
138,89
137,89
136,88
134,88
133,87
132,87
130,85
129,85
128,84
127,84
126,83
125,83
124,82
123,82
122,81
121,81
120,80
119,80
118,79
116,79
115,78
113,78
112,77
111,77
110,76
108,76
107,75
104,75
103,74
100,74
99,73
95,73
94,72
92,72
91,71
89,71
88,70
74,70
73,71
71,71
70,72
65,72
64,73
58,73
57,74
53,74
52,75
47,75
46,76
43,76
42,77
40,77
39,78
38,78
37,79
36,79
35,80
34,80
33,81
32,81
30,83
29,83
28,84
27,84
26,85
25,85
18,92
18,93
17,94
17,96
16,97
16,98
15,99
15,100
14,101
14,104
13,105
13,110
12,111
12,117
13,118
13,120
14,121
14,123
15,124
15,125
16,126
16,127
17,128
17,129
18,130
18,132
19,133
19,134
22,137
22,138
23,139
23,140
31,148
31,149
34,152
34,153
37,156
37,157
38,158
38,159
41,162
41,163
43,165
43,166
46,169
46,170
47,171
47,174
45,176
44,176
43,177
42,177
41,178
40,178
38,180
37,180
34,183
33,183
29,187
28,187
23,192
23,193
19,197
19,198
18,199
18,200
17,201
17,205
20,208
20,209
23,212
23,213
24,214
25,214
28,217
28,218
29,218
33,222
33,223
34,223
37,226
37,227
38,227
40,229
41,229
43,231
44,231
46,233
47,233
49,235
50,235
52,237
53,237
54,238
55,238
57,240
58,240
59,241
60,241
61,242
62,242
63,243
65,243
67,245
68,245
69,246
78,246
79,247
84,247
85,248
89,248
90,249
92,249
93,250
97,250
98,251
108,251
109,252
133,252
134,251
145,251
146,250
160,250
161,249
164,249
165,248
168,248
169,247
172,247
173,246
175,246
176,245
177,245
178,244
179,244
180,243
182,243
183,242
186,242
187,241
189,241
190,240
192,240
193,239
194,239
195,238
197,238
198,237
201,237
202,236
204,236
205,235
206,235
207,234
210,234
211,233
214,233
215,232
217,232
218,231
220,231
221,230
223,230
224,229
228,229
229,228
241,228
242,227
245,227
246,226
248,226
249,225
252,225
253,224
257,224
258,225
258,226
256,228
256,229
252,233
251,233
243,241
242,241
239,244
238,244
229,253
228,253
223,258
223,259
220,262
219,262
219,263
215,267
215,268
209,274
209,275
205,279
205,280
204,281
204,282
201,285
201,287
200,288
200,290
199,291
199,292
197,294
197,295
196,296
196,297
195,298
195,299
194,300
194,302
193,303
193,304
192,305
192,306
191,307
191,308
190,309
190,312
189,313
189,315
188,316
188,317
187,318
187,320
186,321
186,328
185,329
185,338
184,339
184,345
185,346
185,350
186,351
186,355
187,356
187,358
188,359
188,361
189,362
189,364
190,365
190,367
191,368
191,369
193,371
193,372
194,373
194,382
193,383
193,391
192,392
192,396
191,397
191,414
192,415
192,419
193,420
193,426
194,427
194,430
195,431
195,434
196,435
196,436
197,437
197,438
198,439
198,440
199,441
199,442
200,443
200,444
201,445
201,446
204,449
205,449
207,451
208,451
210,453
212,453
213,454
224,454
225,453
228,453
229,452
231,452
232,451
233,451
235,449
236,449
237,448
238,448
239,447
240,447
241,446
242,446
245,443
246,443
255,434
255,433
259,429
259,428
260,427
260,426
262,424
262,423
264,421
264,420
265,419
265,417
267,415
267,413
268,412
268,410
269,409
269,406
270,405
270,404
271,403
271,402
272,401
272,400
273,399
273,397
274,396
274,394
275,393
275,391
276,390
276,389
277,388
277,386
278,385
278,383
279,382
279,380
281,378
281,377
282,376
282,374
283,373
283,372
284,371
284,370
286,368
286,367
287,366
287,365
288,364
288,362
289,361
289,359
290,358
290,357
291,356
291,354
292,353
292,351
293,350
293,346
294,345
294,342
295,341
295,337
296,336
296,328
297,327
297,307
298,306
298,291
297,290
297,287
298,286
298,285
299,284
300,284
301,285
301,286
302,287
302,292
303,293
303,299
304,300
304,303
305,304
305,308
306,309
306,316
307,317
307,323
308,324
308,327
309,328
309,332
310,333
310,338
311,339
311,344
312,345
312,349
313,350
313,353
314,354
314,358
315,359
315,363
316,364
316,368
317,369
317,372
318,373
318,375
319,376
319,378
320,379
320,383
321,384
321,387
322,388
322,390
323,391
323,393
324,394
324,396
325,397
325,400
326,401
326,403
327,404
327,405
329,407
329,409
330,410
330,411
331,412
331,413
332,414
332,415
334,417
334,418
335,419
335,420
338,423
338,424
340,426
340,427
342,429
342,430
345,433
345,434
353,442
353,443
358,448
359,448
363,452
364,452
367,455
367,456
368,456
369,457
370,457
374,461
375,461
376,462
377,462
378,463
379,463
382,466
383,466
384,467
385,467
387,469
388,469
389,470
391,470
392,471
393,471
394,472
395,472
396,473
397,473
398,474
399,474
400,475
402,475
403,476
406,476
407,477
409,477
410,478
413,478
414,479
417,479
419,477
419,476
420,475
420,474
421,473
421,472
422,471
422,470
423,469
423,467
424,466
424,465
425,464
425,463
426,462
426,460
427,459
427,457
428,456
428,454
429,453
429,452
430,451
430,449
431,448
431,443
432,442
432,436
433,435
433,425
434,424
434,408
433,407
433,402
432,401
432,399
431,398
431,395
430,394
430,392
429,391
429,388
428,387
428,383
427,382
427,377
426,376
426,374
425,373
425,372
424,371
424,368
423,367
423,365
422,364
422,362
421,361
421,360
420,359
420,358
419,357
419,356
418,355
418,353
417,352
417,350
415,348
415,347
414,346
414,343
415,342
416,342
418,344
420,344
421,345
424,345
425,346
427,346
428,347
430,347
431,348
433,348
434,349
437,349
438,350
443,350
444,351
451,351
452,352
455,352
456,353
465,353
466,354
486,354
487,353
494,353
495,352
498,352
499,351
502,351
503,350
506,350
507,349
507,339
506,338
506,335
505,334
505,332
504,331
504,330
503,329
503,326
502,325
502,323
501,322
501,320
500,319
500,317
498,315
498,314
497,313
497,311
496,310
496,309
495,308
495,307
493,305
493,304
492,303
492,302
490,300
490,299
488,297
488,295
486,293
486,292
484,290
484,289
483,288
483,287
482,286
482,285
480,283
480,282
478,280
478,279
476,277
476,276
473,273
473,272
472,271
472,270
470,268
470,267
468,265
468,264
466,262
466,261
463,258
463,257
460,254
460,253
459,252
458,252
455,249
455,248
445,238
445,237
442,234
441,234
436,229
434,229
433,228
431,228
430,227
429,227
427,225
426,225
424,223
423,223
421,221
420,221
418,219
417,219
414,216
414,215
415,214
416,214
417,213
421,213
422,212
429,212
430,211
434,211
435,210
447,210
448,209
475,209
476,208
480,208
481,207
484,207
485,206
490,206
491,205
495,205
496,204
500,204
501,203
503,203
504,202
505,202
506,201
509,201
510,200
513,200
514,199
516,199
517,198
518,198
519,197
520,197
521,196
522,196
523,195
525,195
526,194
528,194
530,192
531,192
532,191
534,191
535,190
537,190
538,189
539,189
541,187
543,187
545,185
546,185
548,183
549,183
551,181
552,181
555,178
556,178
557,177
558,177
560,175
561,175
565,171
566,171
566,170
569,167
570,167
570,166
571,165
571,164
575,160
575,159
577,157
577,156
579,154
579,153
580,152
580,150
581,149
581,147
582,146
582,137
581,136
581,134
580,133
580,131
576,127
576,126
571,121
570,121
566,117
565,117
564,116
563,116
562,115
561,115
560,114
559,114
558,113
557,113
556,112
555,112
554,111
552,111
551,110
550,110
549,109
547,109
546,108
541,108
540,107
534,107
533,106
500,106
499,107
493,107
492,108
488,108
487,109
484,109
483,110
481,110
480,111
476,111
475,110
478,107
478,106
482,102
482,101
483,100
483,99
485,97
485,96
487,94
487,93
488,92
488,91
489,90
489,89
491,87
491,85
492,84
492,82
493,81
493,80
494,79
494,78
495,77
495,75
496,74
496,71
497,70
497,66
498,65
498,62
499,61
499,58
500,57
500,54
501,53
501,44
500,43
500,35
499,34
499,32
498,31
498,30
497,29
497,28
496,27
496,25
494,23
493,23
488,18
487,18
486,17
485,17
483,15
482,15
481,14
479,14
478,13
475,13
474,12
469,12
468,11
461,11
