831
479,19
478,20
475,20
474,21
473,21
473,22
471,24
471,25
470,26
470,27
469,28
469,29
464,34
463,34
460,37
459,37
455,41
454,41
453,42
452,42
450,44
449,44
447,46
446,46
445,47
444,47
443,48
442,48
441,49
439,49
438,50
436,50
435,51
429,51
428,52
422,52
421,53
418,53
417,54
415,54
414,55
412,55
411,56
410,56
409,57
408,57
405,60
404,60
400,64
399,64
394,69
393,69
392,70
392,71
378,85
377,85
375,87
374,87
371,90
370,90
369,91
367,91
366,92
328,92
327,91
315,91
314,90
307,90
306,89
294,89
293,88
287,88
286,87
284,87
283,86
281,86
280,85
279,85
277,83
276,83
275,82
273,82
272,81
203,81
202,82
198,82
197,83
194,83
193,84
191,84
190,85
188,85
187,86
185,86
184,87
181,87
180,88
178,88
177,89
176,89
175,90
174,90
173,91
171,91
170,92
166,92
165,93
162,93
161,94
158,94
157,95
156,95
155,96
154,96
153,97
151,97
150,98
149,98
148,99
147,99
146,100
145,100
139,106
139,107
136,110
136,111
131,116
130,116
130,117
129,118
129,120
128,121
128,122
127,123
127,124
126,125
126,127
125,128
125,132
124,133
124,161
123,162
123,164
122,165
122,170
121,171
121,183
120,184
120,197
119,198
119,200
118,201
118,202
117,203
117,204
116,205
116,207
113,210
113,211
112,212
112,213
111,214
111,217
110,218
110,220
109,221
109,222
108,223
108,225
107,226
107,227
106,228
106,229
105,230
105,231
104,232
104,233
103,234
103,235
98,240
98,241
97,242
97,243
96,244
96,245
95,246
95,248
94,249
94,251
89,256
88,256
87,257
87,258
85,260
85,261
79,267
75,267
74,268
71,268
70,269
69,269
68,270
67,270
66,271
65,271
63,273
62,273
61,274
60,274
59,275
58,275
56,277
55,277
52,280
44,280
43,281
37,281
36,282
33,282
32,283
24,283
23,284
20,284
19,285
18,285
17,286
16,286
16,288
15,289
15,292
16,293
16,295
17,296
17,297
19,299
19,300
22,303
41,303
42,302
44,302
45,301
47,301
48,300
49,300
52,297
53,297
54,296
56,296
58,294
59,294
60,293
61,293
62,292
63,292
64,291
65,291
66,290
67,290
73,284
74,284
75,283
76,283
77,282
78,282
80,280
81,280
82,279
83,279
85,277
85,276
87,274
87,273
89,271
90,271
92,273
92,274
93,275
93,277
94,278
94,300
95,301
95,303
96,304
96,305
97,306
97,308
98,309
98,310
99,311
99,312
100,313
100,314
101,315
101,316
102,317
102,318
103,319
103,328
104,329
104,333
105,334
105,336
107,336
108,337
110,337
111,338
118,338
119,339
125,339
126,340
134,340
135,339
137,339
139,337
140,337
143,334
144,334
144,333
145,332
145,330
147,328
147,327
148,326
148,317
147,316
147,314
146,313
145,313
144,312
143,312
142,311
140,311
139,310
136,310
135,309
133,309
132,308
131,308
128,305
128,304
126,302
126,299
125,298
126,297
126,293
127,292
127,290
128,289
128,288
130,286
130,285
131,284
131,282
132,281
132,279
139,272
140,272
145,267
146,267
149,264
149,263
155,257
155,256
156,255
156,253
157,252
157,251
158,250
158,249
172,235
173,235
174,234
175,234
177,232
178,232
179,231
181,231
183,229
186,229
187,230
187,232
188,233
188,235
189,236
189,237
190,238
190,239
191,240
191,242
192,243
192,245
193,246
193,249
194,250
194,253
195,254
195,256
196,257
196,258
197,259
197,276
196,277
197,278
197,288
196,289
196,290
193,293
193,294
192,295
192,297
191,298
191,301
192,302
192,305
193,306
193,307
194,308
194,309
208,323
209,323
213,327
214,327
222,335
223,335
225,337
226,337
227,338
228,338
229,339
231,339
232,340
233,340
234,341
236,341
237,342
240,342
241,343
243,343
244,344
246,344
247,345
250,345
251,346
252,346
253,347
254,347
255,348
257,348
258,349
259,349
261,351
262,351
263,352
265,352
266,353
272,353
273,352
278,352
279,351
282,351
283,350
284,350
285,349
286,349
287,348
288,348
288,347
289,346
289,345
290,344
290,339
289,338
289,335
288,334
288,333
287,332
287,331
286,330
286,329
283,326
281,326
280,325
275,325
274,324
271,324
270,323
268,323
267,322
264,322
263,321
260,321
259,320
256,320
255,319
253,319
252,318
251,318
248,315
247,315
241,309
241,308
240,307
240,306
239,305
239,301
238,300
238,293
239,292
239,288
240,287
240,284
241,283
241,281
242,280
242,278
243,277
243,275
244,274
244,273
245,272
245,270
246,269
246,267
247,266
247,265
248,264
248,262
249,261
249,252
250,251
250,248
251,247
251,245
255,241
256,241
257,240
275,240
276,241
280,241
281,242
287,242
288,243
294,243
295,244
298,244
301,247
302,247
305,250
306,250
308,252
309,252
311,254
313,254
314,255
329,255
330,254
333,254
334,253
336,253
337,252
340,252
341,251
342,251
343,250
344,250
345,249
347,249
348,248
351,248
352,247
359,247
360,246
371,246
372,247
380,247
381,248
384,248
385,249
393,249
394,250
404,250
405,251
408,251
409,252
410,252
411,253
412,253
422,263
422,280
423,281
423,283
425,285
425,286
426,287
426,291
427,292
427,295
428,296
428,300
429,301
429,304
430,305
430,311
429,312
429,316
430,317
430,319
433,322
433,324
434,325
434,327
435,328
437,328
441,332
442,332
443,333
451,333
456,338
457,338
458,339
460,339
461,340
480,340
481,339
485,339
485,332
484,331
484,330
483,329
483,327
482,326
482,325
481,324
481,323
480,322
480,321
479,320
479,318
478,317
478,316
477,315
477,314
476,313
476,312
472,308
472,307
470,305
470,304
469,303
469,302
468,301
468,300
467,299
467,297
466,296
466,290
465,289
465,288
464,287
464,286
463,285
463,284
462,283
462,280
461,279
461,272
462,271
462,268
463,267
463,265
464,264
464,262
466,260
466,258
467,257
467,255
468,254
468,252
470,250
484,250
485,249
487,249
488,248
489,248
490,247
491,247
492,246
493,246
498,241
498,240
501,237
501,236
506,231
506,230
508,228
508,227
510,225
510,224
511,223
511,221
512,220
512,218
513,217
513,216
514,215
514,213
515,212
515,209
516,208
516,205
517,204
517,201
518,200
518,198
519,197
519,195
520,194
520,192
521,191
521,190
522,189
522,188
523,187
523,186
524,185
524,184
526,182
526,181
527,180
527,179
529,177
529,176
531,174
531,173
533,171
533,170
536,167
536,165
537,164
537,162
538,161
538,160
539,159
539,158
541,156
541,155
554,142
554,141
556,139
556,138
557,137
557,136
558,135
558,134
568,124
568,123
569,122
569,121
570,120
570,119
571,118
571,116
572,115
572,113
573,112
573,99
572,98
572,93
571,92
571,89
570,88
570,85
569,84
569,80
568,79
568,76
567,75
567,73
566,72
566,69
565,68
565,65
564,64
564,56
563,55
563,53
562,52
562,50
561,49
561,47
560,46
560,45
559,44
559,43
556,40
556,39
554,37
553,37
552,36
551,36
549,34
549,28
548,27
548,25
546,23
543,23
542,24
539,24
538,23
533,23
528,28
527,28
526,29
520,29
519,28
513,28
512,27
507,27
506,26
503,26
502,25
499,25
498,24
496,24
495,23
494,23
492,21
492,20
490,20
489,19
479,19
