1090
494,37
494,38
492,40
492,42
491,43
491,44
490,45
490,47
489,48
489,49
488,50
488,52
487,53
487,54
486,55
486,56
485,57
485,59
484,60
484,61
483,62
483,63
482,64
482,66
481,67
481,68
480,69
480,70
479,71
479,72
478,73
478,74
477,75
477,76
476,77
476,78
475,79
475,80
474,81
474,82
473,83
473,84
471,86
471,87
470,88
470,89
468,91
468,92
467,93
467,94
465,96
465,97
463,99
463,100
462,101
462,102
461,103
461,104
459,106
459,107
457,109
457,110
455,112
455,113
453,115
453,116
451,118
451,119
448,122
448,123
447,124
447,125
445,127
445,128
444,129
444,130
440,134
440,135
438,137
438,138
437,139
437,140
435,142
435,143
434,144
434,145
432,147
432,148
431,149
431,150
429,152
429,153
428,154
428,155
426,157
426,158
425,159
425,160
424,161
424,162
422,164
422,165
421,166
421,167
419,169
419,170
418,171
418,172
416,174
416,175
415,176
415,177
414,178
414,179
412,181
412,182
411,183
411,184
408,187
408,188
405,191
405,192
402,195
402,196
398,200
398,201
396,203
396,204
393,207
393,208
390,211
390,212
388,214
388,215
385,218
385,219
382,222
382,223
380,225
380,226
378,228
378,229
376,231
376,232
374,234
374,235
373,236
373,237
372,238
372,239
371,240
371,241
370,242
370,243
369,244
369,245
368,246
368,247
367,248
367,249
366,250
366,251
364,253
364,254
363,255
363,256
362,257
362,258
360,260
360,261
359,262
359,263
356,266
356,267
355,268
355,269
353,271
353,272
352,273
352,274
349,277
349,278
347,280
347,281
345,283
345,284
342,287
342,288
340,290
340,291
339,292
339,293
336,296
336,297
333,300
333,301
331,303
331,304
329,306
329,307
326,310
326,311
324,313
324,314
322,316
322,317
319,320
319,321
317,323
317,324
316,325
316,326
314,328
314,329
310,333
309,333
306,336
305,336
303,338
303,339
302,340
302,341
295,348
294,348
287,355
286,355
285,356
284,356
283,357
281,357
280,358
277,358
276,359
274,359
273,360
272,360
271,361
270,361
269,362
267,362
266,363
265,363
263,365
262,365
261,366
260,366
259,367
257,367
256,368
255,368
254,369
253,369
252,370
250,370
249,371
247,371
246,372
244,372
243,373
231,373
230,372
228,372
227,371
226,371
225,370
223,370
222,369
221,369
220,368
219,368
218,367
217,367
216,366
215,366
213,364
212,364
210,362
209,362
208,361
207,361
205,359
204,359
202,357
201,357
200,356
199,356
198,355
197,355
196,354
195,354
194,353
193,353
192,352
191,352
190,351
189,351
188,350
187,350
186,349
185,349
184,348
183,348
182,347
181,347
180,346
178,346
177,345
175,345
174,344
173,344
172,343
170,343
169,342
168,342
167,341
165,341
164,340
163,340
162,339
161,339
160,338
159,338
158,337
157,337
156,336
155,336
154,335
153,335
152,334
151,334
149,332
148,332
146,330
145,330
144,329
143,329
142,328
141,328
140,327
139,327
138,326
137,326
135,324
134,324
132,322
131,322
130,321
127,321
126,320
112,320
111,321
108,321
107,322
106,322
105,323
104,323
102,325
101,325
98,328
97,328
96,329
95,329
94,330
93,330
92,331
90,331
89,332
85,332
84,333
81,333
80,334
78,334
78,336
80,336
81,337
85,337
86,338
89,338
90,339
93,339
94,340
97,340
98,341
101,341
102,342
105,342
106,343
110,343
111,344
115,344
116,345
121,345
122,346
132,346
133,347
138,347
139,348
143,348
144,349
148,349
149,350
152,350
153,351
155,351
156,352
158,352
159,353
161,353
162,354
163,354
164,355
166,355
167,356
168,356
169,357
170,357
171,358
172,358
173,359
174,359
175,360
176,360
177,361
178,361
179,362
180,362
181,363
182,363
183,364
184,364
186,366
187,366
188,367
189,367
191,369
192,369
193,370
194,370
197,373
198,373
200,375
201,375
204,378
205,378
209,382
210,382
211,383
212,383
218,389
218,390
219,391
219,392
221,394
222,394
223,395
224,395
225,396
226,396
233,403
233,406
227,412
226,412
224,414
223,414
222,415
221,415
217,419
216,419
215,420
214,420
213,421
212,421
211,422
210,422
209,423
208,423
207,424
205,424
204,425
203,425
202,426
200,426
199,427
197,427
196,428
194,428
193,429
190,429
189,430
187,430
186,431
185,431
184,432
183,432
181,434
180,434
179,435
178,435
176,437
175,437
173,439
172,439
170,441
169,441
168,442
167,442
166,443
165,443
164,444
163,444
162,445
161,445
160,446
158,446
157,447
155,447
154,448
152,448
151,449
148,449
147,450
145,450
144,451
143,451
142,452
140,452
139,453
138,453
137,454
136,454
135,455
134,455
133,456
133,458
132,459
132,461
133,462
133,463
136,463
137,462
138,462
139,461
141,461
142,460
143,460
144,459
146,459
150,463
158,463
159,462
162,462
163,461
166,461
167,460
182,460
183,459
189,459
190,458
193,458
194,457
195,457
196,458
211,458
212,459
216,459
217,460
226,460
227,461
231,461
232,462
235,462
236,463
249,463
250,464
256,464
257,465
263,465
264,466
278,466
279,465
284,465
285,464
289,464
290,463
294,463
295,462
299,462
300,461
307,461
308,462
311,462
312,463
315,463
316,464
318,464
319,465
320,465
321,466
323,466
324,467
326,467
327,468
330,468
331,469
334,469
335,470
340,470
341,471
346,471
347,472
350,472
351,473
372,473
373,474
376,474
377,475
381,475
382,476
387,476
388,477
390,477
391,478
392,478
393,479
394,479
397,482
397,483
398,484
398,485
399,486
399,487
401,489
401,490
402,491
402,492
404,494
404,495
406,497
407,497
408,498
412,498
413,499
416,499
417,500
419,500
420,501
421,501
422,502
423,502
424,503
425,503
426,504
427,504
428,505
429,505
430,506
431,506
432,507
433,507
434,508
435,508
436,509
437,509
438,510
440,510
441,511
443,511
444,512
464,512
465,511
470,511
472,509
473,509
474,508
475,508
477,506
478,506
481,503
482,503
490,495
490,494
492,492
492,491
495,488
495,486
496,485
496,483
497,482
497,481
501,477
501,452
499,450
499,448
498,447
499,446
499,444
501,442
501,432
500,431
500,430
498,428
498,427
493,422
492,422
489,419
489,417
488,416
488,414
487,414
486,413
484,413
483,412
482,412
479,409
479,408
477,408
476,407
475,408
473,408
472,409
471,409
470,410
469,410
468,411
466,411
465,412
463,412
462,413
460,413
459,414
458,414
457,415
456,415
455,416
453,416
452,417
451,417
450,418
449,418
448,419
447,419
446,420
445,420
444,421
443,421
442,422
441,422
440,423
439,423
438,424
437,424
435,426
434,426
433,427
430,427
429,426
428,426
427,425
426,425
425,424
424,424
423,423
421,423
420,422
418,422
417,421
416,421
415,420
414,420
410,416
410,415
407,412
407,407
415,399
415,397
416,396
416,395
417,394
417,393
418,392
418,391
419,390
419,389
421,387
421,386
422,385
422,384
424,382
424,381
426,379
426,378
429,375
429,374
431,372
431,371
433,369
433,368
437,364
437,363
440,360
440,359
443,356
443,355
444,354
444,353
445,352
445,351
446,350
446,349
447,348
447,347
450,344
450,343
451,342
451,341
453,339
453,338
454,337
454,336
456,334
456,331
457,330
457,328
458,327
458,326
459,325
459,324
464,319
464,318
465,317
465,316
466,315
466,314
467,313
467,311
468,310
468,309
469,308
469,307
470,306
470,305
471,304
471,303
472,302
472,301
473,300
473,298
474,297
474,294
475,293
475,291
476,290
476,289
477,288
477,287
478,286
478,284
479,283
479,281
480,280
480,279
481,278
481,277
482,276
482,275
485,272
485,271
486,270
486,268
487,267
487,266
488,265
488,264
489,263
489,262
490,261
490,260
491,259
491,255
492,254
492,251
493,250
493,249
494,248
494,247
495,246
495,245
496,244
496,243
498,241
498,239
499,238
499,236
500,235
500,233
501,232
501,230
502,229
502,225
503,224
503,222
504,221
504,220
507,217
508,217
510,215
511,215
514,212
514,199
515,198
515,197
520,192
520,191
521,190
521,183
519,181
519,177
526,170
526,168
527,167
527,159
525,157
525,153
528,150
528,149
529,148
529,147
530,146
530,145
531,144
531,136
530,135
529,135
527,133
527,132
526,131
527,130
527,128
528,127
528,126
529,125
529,124
530,123
530,122
531,121
531,118
532,117
532,109
531,109
530,108
529,108
526,105
526,100
532,94
532,93
533,92
533,90
534,89
534,86
531,86
527,90
523,90
522,89
522,85
523,84
523,83
525,81
525,80
528,77
528,76
530,74
530,73
533,70
533,66
531,66
528,69
527,69
521,75
520,75
515,80
514,80
513,81
510,81
509,80
509,77
511,75
511,74
514,71
514,70
516,68
516,67
522,61
522,60
523,59
523,58
524,57
524,56
525,55
525,54
527,52
527,51
528,50
528,46
526,46
524,48
524,49
523,50
523,51
511,63
511,64
506,69
506,70
501,75
497,75
496,74
496,71
499,68
499,67
502,64
502,63
503,62
503,61
505,59
505,58
506,57
506,56
507,55
507,54
508,53
508,52
509,51
509,50
510,49
510,48
511,47
511,44
512,43
512,38
510,38
509,39
509,40
507,42
507,43
506,44
506,45
504,47
504,48
503,49
503,50
501,52
501,53
500,54
500,55
498,57
498,58
496,60
496,61
495,62
495,63
494,64
494,65
491,68
491,69
488,72
485,72
484,71
484,69
485,68
485,67
486,66
486,65
487,64
487,63
488,62
488,61
489,60
489,58
490,57
490,56
491,55
491,53
492,52
492,48
493,47
493,46
494,45
494,43
496,41
496,37
494,37
