1051
230,52
228,54
227,54
226,55
226,57
225,58
225,59
226,60
226,72
225,73
225,76
224,77
224,79
223,80
223,82
222,83
222,84
221,85
221,86
220,87
220,88
219,89
219,90
218,91
218,92
215,95
212,95
210,93
210,92
209,91
209,89
208,88
208,81
207,80
207,79
204,79
204,80
203,81
203,83
200,86
199,86
198,87
197,87
197,89
196,90
196,91
197,92
197,103
196,104
196,106
195,107
195,108
194,109
194,110
192,112
192,113
191,114
191,115
190,116
190,117
189,118
189,119
175,133
174,133
173,134
172,134
171,135
166,135
165,134
164,134
160,130
160,129
158,127
158,126
157,125
157,123
156,122
156,121
157,120
157,118
158,117
158,110
146,110
145,111
145,113
144,114
144,127
145,128
145,130
146,131
146,132
147,133
147,134
150,137
150,138
151,139
151,140
152,141
152,150
151,151
151,153
150,154
150,155
146,159
145,159
144,160
136,160
135,159
132,159
131,158
119,158
118,159
115,159
114,160
110,160
109,161
107,161
106,162
105,162
104,163
103,163
100,166
99,166
93,172
93,173
86,180
85,180
78,187
77,187
73,191
72,191
68,195
67,195
65,197
64,197
58,203
57,203
53,207
52,207
49,210
48,210
47,211
46,211
44,213
43,213
37,219
36,219
31,224
31,226
30,227
30,230
31,231
31,233
34,236
34,237
37,240
39,240
40,241
41,241
42,242
44,242
45,243
59,243
61,241
62,241
63,240
65,240
66,239
70,239
71,240
79,240
80,241
90,241
91,242
99,242
100,243
102,243
103,244
104,244
105,245
106,245
107,246
108,246
109,247
110,247
116,253
116,254
117,255
117,256
118,257
118,258
120,260
120,261
123,264
123,265
126,268
126,269
127,270
127,271
130,274
130,275
134,279
134,280
136,282
136,283
139,286
139,287
144,292
144,293
156,305
156,306
158,308
159,308
162,311
163,311
169,317
170,317
175,322
176,322
181,327
182,327
186,331
187,331
194,338
194,339
198,343
198,344
199,345
199,346
200,347
200,350
201,351
201,353
202,354
202,355
204,357
204,358
206,360
206,361
213,368
214,368
216,370
217,370
218,371
221,371
222,372
224,372
225,373
226,373
231,378
231,379
232,380
232,382
233,383
233,384
234,385
234,386
235,387
235,389
236,390
236,391
237,392
237,393
238,394
238,396
239,397
239,399
240,400
240,402
241,403
241,408
242,409
242,414
243,415
243,422
244,423
244,428
245,429
245,433
246,434
246,436
247,437
247,438
248,439
248,441
249,442
249,444
250,445
250,447
251,448
251,450
252,451
252,453
253,454
253,456
254,457
254,458
255,459
255,499
254,500
254,502
253,503
253,504
252,505
252,506
251,507
251,509
250,510
250,514
249,515
249,519
248,520
248,523
247,524
247,526
246,527
246,529
245,530
245,532
244,533
244,534
243,535
243,536
242,537
242,538
241,539
241,540
240,541
240,544
244,544
245,545
247,545
248,546
249,546
253,550
253,551
254,552
275,552
276,551
280,551
281,550
282,550
283,549
284,549
284,543
283,542
283,541
282,540
282,539
281,538
281,535
285,531
285,530
286,529
286,507
285,506
285,502
284,501
284,497
283,496
283,490
282,489
282,485
281,484
281,481
280,480
280,478
279,477
279,474
278,473
278,470
277,469
277,466
276,465
276,462
275,461
275,458
274,457
274,436
273,435
273,424
272,423
272,404
271,403
271,390
270,389
270,381
269,380
269,378
270,377
270,375
273,372
274,372
275,371
277,371
278,370
285,370
286,371
289,371
290,372
292,372
293,373
294,373
295,374
296,374
297,375
299,375
300,376
301,376
302,377
305,377
306,378
309,378
310,379
315,379
316,380
339,380
340,379
348,379
349,380
350,380
352,382
362,382
363,381
364,381
365,380
366,380
367,379
368,379
370,377
371,377
376,372
377,372
379,370
380,370
381,369
382,369
384,367
385,367
386,366
387,366
388,365
389,365
390,364
392,364
393,363
394,364
395,364
401,370
401,371
402,372
402,373
403,374
403,376
404,377
404,378
405,379
405,381
406,382
406,385
407,386
407,387
408,388
408,390
409,391
409,394
410,395
410,397
411,398
411,401
412,402
412,403
413,404
413,405
414,406
414,407
415,408
415,409
417,411
417,412
418,413
418,414
419,415
419,416
420,417
420,418
422,420
422,421
424,423
424,424
426,426
426,427
427,428
427,429
428,430
428,431
429,432
429,434
430,435
430,436
431,437
431,438
433,440
433,441
434,442
434,443
435,444
435,445
436,446
436,451
437,452
437,458
438,459
438,462
439,463
439,473
438,474
438,478
437,479
437,481
436,482
436,485
435,486
435,489
434,490
434,492
433,493
433,495
432,496
432,498
431,499
431,501
430,502
430,503
429,504
429,505
427,507
427,508
426,509
426,511
425,512
425,513
424,514
424,515
421,518
421,519
419,521
419,522
416,525
415,525
413,527
412,527
411,528
410,528
409,529
408,529
407,530
406,530
399,537
398,537
393,542
393,545
394,546
420,546
420,545
421,544
421,543
422,542
422,541
426,537
428,537
429,536
431,536
436,531
436,530
437,529
437,526
438,525
438,522
439,521
439,518
440,517
440,515
441,514
441,512
442,511
442,509
443,508
443,507
444,506
444,504
445,503
445,501
446,500
446,499
447,498
447,497
448,496
448,493
449,492
449,490
450,489
450,487
451,486
451,484
452,483
452,481
453,480
453,477
454,476
454,475
455,474
455,473
456,472
456,471
457,470
457,469
458,468
458,445
459,444
459,441
460,440
460,433
461,432
461,430
462,429
462,428
464,426
466,426
470,430
470,431
471,432
471,433
472,434
472,435
473,436
473,437
474,438
474,439
475,440
475,441
476,442
476,443
477,444
477,445
478,446
478,447
480,449
480,450
482,452
482,453
483,454
483,455
484,456
484,457
485,458
485,459
487,461
487,462
488,463
488,464
489,465
489,466
490,467
490,469
491,470
491,473
492,474
492,480
493,481
493,485
494,486
494,491
495,492
495,496
496,497
496,516
495,517
495,519
494,520
494,521
493,522
493,523
492,524
492,525
489,528
489,530
488,531
488,534
487,535
487,538
486,539
486,540
487,541
487,543
495,543
496,542
503,542
504,541
506,541
507,540
509,540
510,539
512,539
512,534
511,533
511,532
510,531
510,530
509,529
509,527
513,523
514,523
514,514
513,513
513,510
512,509
512,507
511,506
511,505
510,504
510,503
509,502
509,501
508,500
508,498
507,497
507,494
506,493
506,490
505,489
505,487
504,486
504,484
503,483
503,480
502,479
502,472
501,471
501,450
500,449
500,439
499,438
499,435
498,434
498,429
497,428
497,424
496,423
496,422
494,420
494,419
493,418
493,417
489,413
489,412
488,411
488,410
487,409
487,408
486,407
486,406
484,404
484,403
483,402
483,401
482,400
482,399
481,398
481,396
480,395
480,393
479,392
479,391
478,390
478,388
477,387
477,386
476,385
476,383
475,382
475,380
474,379
474,375
475,374
475,371
476,370
476,367
477,366
477,364
478,363
478,361
479,360
479,358
480,357
480,355
481,354
481,349
482,348
482,342
483,341
483,335
484,334
484,317
483,316
483,315
484,314
484,311
485,310
485,308
486,307
486,304
487,303
487,301
488,300
488,279
487,278
487,277
486,276
486,275
485,274
485,273
479,267
478,267
475,264
474,264
472,262
470,262
469,261
462,261
461,260
460,260
459,259
458,259
455,256
454,256
452,254
451,254
450,253
449,253
448,252
447,252
446,251
445,251
443,249
442,249
441,248
440,248
439,247
437,247
436,246
434,246
433,245
431,245
430,244
428,244
427,243
425,243
424,242
423,242
422,241
419,241
418,240
414,240
413,239
405,239
404,240
398,240
397,241
394,241
393,242
383,242
382,243
374,243
373,244
356,244
355,243
346,243
345,242
339,242
338,241
335,241
334,240
330,240
329,239
326,239
325,238
321,238
320,237
319,237
318,236
317,236
316,235
315,235
314,234
313,234
312,233
311,233
310,232
309,232
308,231
307,231
306,230
305,230
304,229
303,229
302,228
301,228
300,227
298,227
297,226
296,226
295,225
294,225
293,224
292,224
289,221
288,221
287,220
286,220
285,219
284,219
283,218
282,218
281,217
280,217
279,216
277,216
276,215
274,215
273,214
272,214
271,213
269,213
268,212
265,212
264,211
260,211
259,210
250,210
249,209
232,209
231,210
222,210
221,211
207,211
206,210
204,210
203,209
201,209
200,208
198,208
197,207
194,207
193,206
191,206
190,205
189,205
188,204
187,204
185,202
184,202
182,200
181,200
167,186
167,185
166,184
167,183
167,182
169,180
170,180
174,176
174,175
175,174
175,173
176,172
176,171
177,170
177,168
178,167
178,162
179,161
179,157
180,156
180,154
181,153
181,152
182,151
182,150
183,149
183,148
191,140
191,139
194,136
194,135
203,126
203,125
206,122
206,121
209,118
209,117
210,116
210,115
211,114
211,113
212,112
212,111
216,107
216,106
222,100
222,99
226,95
226,94
232,88
233,88
234,87
235,87
237,85
238,85
239,84
240,84
241,83
242,83
243,82
244,82
245,81
246,81
247,80
248,80
249,79
249,77
250,76
250,75
251,74
251,69
246,69
245,70
244,70
243,71
240,71
237,68
237,67
236,66
236,65
235,64
235,61
234,60
234,57
233,56
233,52
230,52
