812
470,41
465,46
465,47
464,48
464,49
463,50
455,50
448,43
443,43
443,45
442,46
442,53
441,54
442,55
442,59
441,60
434,60
433,59
432,60
430,60
430,78
429,79
427,79
426,80
424,80
424,82
423,83
423,91
422,92
422,99
421,100
420,100
419,101
417,101
414,104
414,106
413,107
413,119
410,122
409,122
407,124
406,124
406,125
405,126
405,128
404,129
404,131
403,132
403,135
402,136
402,137
399,140
398,140
397,141
397,142
396,143
396,145
395,146
395,151
393,153
393,154
392,155
392,157
391,158
391,162
389,164
388,164
387,165
387,166
386,167
386,169
385,170
385,172
384,173
384,183
380,187
380,189
379,190
379,203
378,204
378,205
377,206
377,208
376,209
376,210
375,211
375,213
374,214
374,226
373,227
373,229
372,230
372,234
371,235
371,238
369,240
369,241
366,244
366,246
365,247
365,249
363,251
363,252
361,254
361,256
360,257
360,260
356,264
356,271
355,272
355,274
354,275
354,277
351,280
351,281
349,283
349,285
348,286
348,287
344,291
344,292
343,293
343,294
339,298
339,300
338,301
338,304
337,305
337,306
336,307
336,309
335,310
335,315
333,317
331,317
326,312
324,312
323,311
321,311
317,307
315,307
314,306
311,306
310,307
196,307
195,306
164,306
163,305
161,305
160,304
143,304
142,303
140,303
139,302
124,302
123,301
107,301
106,300
104,300
103,299
90,299
89,298
87,298
86,297
80,297
79,296
77,296
76,295
66,295
65,294
63,294
62,295
48,295
48,297
47,298
47,302
48,303
48,305
50,307
62,307
63,308
64,308
67,311
67,312
68,313
68,314
76,314
77,315
79,315
80,316
86,316
87,317
88,317
90,319
109,319
110,320
112,320
113,321
115,321
116,322
118,322
119,323
132,323
133,322
135,322
136,321
139,321
140,320
142,320
143,319
148,319
149,320
151,320
152,321
165,321
166,322
168,322
169,323
170,323
171,324
177,324
178,325
180,325
181,326
184,326
185,327
187,327
188,328
191,328
192,329
193,329
194,330
195,330
201,336
206,336
207,337
208,337
211,340
213,340
214,341
215,341
217,343
218,343
220,345
222,345
223,346
224,346
226,348
228,348
229,349
230,349
231,350
232,350
234,352
235,352
237,354
238,354
239,355
241,355
242,356
243,356
244,357
246,357
247,358
248,358
252,362
253,362
256,365
262,365
263,366
264,366
265,367
266,367
268,369
269,369
270,370
272,370
273,371
274,371
275,372
276,372
278,374
280,374
281,375
283,375
284,376
285,376
286,377
287,377
291,381
293,381
294,382
301,382
302,381
304,381
308,377
308,376
314,370
315,370
317,372
318,372
319,373
320,373
321,374
323,374
324,375
326,375
329,378
329,379
311,397
310,397
305,402
304,402
301,405
301,406
300,407
300,408
299,409
299,410
298,411
298,412
296,414
296,415
294,417
294,418
292,420
292,421
291,422
291,423
290,424
290,425
289,426
289,427
287,429
287,430
283,434
283,435
282,436
282,437
281,438
281,439
280,440
280,441
279,442
279,444
277,446
277,447
275,449
275,450
267,458
266,458
265,459
264,459
261,462
261,463
260,464
260,465
259,466
258,466
257,467
256,467
255,468
254,468
249,473
248,473
247,474
246,474
244,476
243,476
240,479
240,481
239,482
239,486
240,487
240,489
244,489
245,488
248,488
249,487
250,487
251,486
251,484
256,479
257,479
258,478
260,478
261,477
262,477
264,475
265,475
267,473
268,473
270,471
271,471
274,468
275,468
277,466
279,466
285,460
286,460
288,458
289,458
290,457
291,457
294,454
295,454
298,451
300,451
301,450
304,450
305,449
313,449
314,448
316,448
317,447
322,447
323,448
324,448
326,450
326,451
327,452
327,454
328,455
328,459
326,461
326,463
325,464
325,479
326,480
326,482
328,484
328,485
330,487
330,489
331,490
331,492
332,493
332,495
334,497
334,500
333,501
334,502
334,504
335,505
335,507
334,508
334,510
333,511
333,514
332,515
333,516
333,518
334,519
334,523
333,524
333,534
334,535
334,537
335,537
340,542
343,542
343,531
344,530
344,528
345,527
345,508
344,507
344,505
343,504
343,499
342,498
342,496
341,495
341,494
340,493
340,491
339,490
339,488
338,487
338,483
337,482
337,480
336,479
336,477
335,476
335,474
334,473
334,471
333,470
333,464
334,463
334,462
335,461
339,461
345,467
345,468
347,470
347,471
349,473
349,474
355,480
355,481
356,482
356,483
357,484
357,485
359,487
359,489
360,490
360,495
361,496
361,498
362,499
362,512
361,513
361,515
360,516
360,527
362,527
365,530
365,531
368,534
368,535
371,535
371,530
372,529
372,502
371,501
371,499
370,498
370,497
369,496
369,494
368,493
368,492
366,490
366,489
365,488
365,486
364,485
364,484
363,483
363,482
362,481
362,480
359,477
359,475
358,474
358,473
356,471
356,470
355,469
355,467
354,466
354,465
353,464
353,463
352,462
352,460
351,459
351,457
350,456
350,450
349,449
349,446
353,442
355,442
356,441
358,441
359,440
367,440
368,439
374,439
375,438
376,438
378,436
380,436
381,435
384,435
385,434
387,434
388,433
393,433
394,432
396,432
398,430
399,430
400,429
401,429
402,428
404,428
405,427
406,427
407,426
409,426
410,425
412,425
415,422
416,422
417,421
421,421
422,420
423,420
425,418
426,418
427,417
428,417
429,416
431,416
432,415
434,415
435,414
436,414
438,412
439,412
440,411
441,411
442,410
444,410
449,405
450,405
451,404
453,404
454,403
456,403
457,402
458,402
460,400
461,400
462,399
464,399
465,398
466,398
473,391
474,391
476,389
478,389
479,388
480,388
481,387
482,387
483,386
496,386
497,387
501,387
502,388
504,388
506,390
507,390
508,391
517,391
517,388
507,378
507,377
504,374
504,373
503,372
503,371
502,370
502,368
501,367
501,365
500,364
500,359
497,356
497,354
487,344
486,344
485,343
484,343
483,342
481,342
480,341
477,341
476,340
450,340
448,338
447,338
446,337
444,337
443,336
441,336
438,333
438,330
439,329
439,321
440,320
440,310
441,309
441,307
442,306
442,305
443,304
443,303
444,302
444,296
445,295
445,293
446,292
446,290
447,289
447,286
448,285
448,283
449,282
449,281
450,280
450,279
451,278
451,276
452,275
452,273
453,272
453,271
454,270
454,268
456,266
456,265
458,263
458,262
459,261
459,259
460,258
460,256
461,255
461,253
462,252
462,251
464,249
464,247
465,246
465,244
466,243
466,240
467,239
467,237
482,222
482,221
485,218
485,217
487,215
487,214
488,213
488,212
489,211
489,210
490,209
490,208
491,207
491,206
492,205
492,194
490,194
489,193
488,194
486,194
485,195
483,195
482,194
482,192
484,190
484,189
486,187
486,186
487,185
487,183
488,182
488,177
489,176
489,174
490,173
490,171
491,170
491,169
492,168
492,152
491,151
491,147
492,146
492,142
493,141
493,90
492,89
492,82
491,81
491,79
490,78
490,75
489,74
489,72
488,71
488,66
487,65
487,63
486,62
486,61
485,60
485,58
484,57
484,56
482,54
482,53
481,52
481,51
480,50
480,48
478,46
478,45
476,43
476,42
475,41
470,41
