523
270,106
269,107
257,107
256,108
251,108
250,109
248,109
247,110
247,112
246,113
246,118
247,119
247,129
248,130
248,139
249,140
249,143
250,144
250,146
251,147
251,148
252,149
252,150
253,151
253,152
255,154
255,155
257,157
257,164
253,168
252,168
251,169
250,169
248,171
247,171
245,173
245,174
240,179
240,180
237,183
236,183
235,184
234,184
232,186
231,186
230,187
229,187
228,188
227,188
226,189
225,189
224,190
223,190
222,191
220,191
219,192
218,192
217,193
215,193
214,194
210,194
209,195
206,195
205,196
202,196
201,197
200,197
199,198
197,198
196,199
195,199
194,200
193,200
192,201
191,201
189,203
188,203
185,206
184,206
183,207
182,207
181,208
180,208
179,209
178,209
177,210
175,210
174,211
171,211
170,212
165,212
164,213
161,213
160,214
158,214
157,215
154,215
153,216
151,216
150,217
149,217
147,219
145,219
144,220
142,220
141,221
140,221
139,222
137,222
136,223
134,223
133,224
131,224
130,225
129,225
128,226
127,226
126,227
125,227
124,228
123,228
122,229
121,229
120,230
118,230
117,231
115,231
114,232
112,232
111,233
109,233
108,234
106,234
105,235
104,235
103,236
101,236
100,237
90,237
89,238
82,238
81,239
78,239
77,240
75,240
74,241
73,241
72,242
71,242
70,243
69,243
68,244
67,244
66,245
65,245
64,246
63,246
60,249
59,249
52,256
52,257
50,259
50,260
45,265
45,266
42,269
42,270
41,271
41,272
40,273
40,275
39,276
39,277
38,278
38,280
37,281
37,282
36,283
36,285
35,286
35,289
34,290
34,302
35,303
35,305
36,306
36,307
37,308
37,309
42,314
44,314
45,315
51,315
52,314
66,314
67,315
67,319
68,320
68,323
69,324
69,325
70,326
70,327
73,330
74,330
75,331
76,331
77,332
101,332
102,331
116,331
117,330
131,330
132,329
136,329
137,328
146,328
147,327
151,327
152,326
155,326
156,325
158,325
159,324
162,324
163,323
167,323
168,322
171,322
172,321
175,321
176,320
183,320
184,319
221,319
222,318
226,318
227,317
229,317
232,314
232,313
233,312
233,306
232,305
231,305
230,304
229,304
228,303
227,303
226,302
225,302
224,301
223,301
221,299
221,297
222,296
223,296
224,295
227,295
228,294
263,294
264,293
269,293
270,292
273,292
274,291
277,291
278,292
279,292
282,295
282,296
284,298
285,298
288,301
289,301
290,302
291,302
293,304
294,304
295,305
296,305
297,306
298,306
299,307
301,307
302,308
333,308
334,307
339,307
340,306
343,306
344,305
411,305
412,306
415,306
416,307
419,307
420,308
422,308
423,309
426,309
427,310
428,310
429,311
430,311
431,312
432,312
433,313
446,313
447,312
449,312
450,311
451,311
452,310
454,310
455,309
457,309
458,308
461,308
462,307
464,307
465,306
466,306
469,303
469,294
470,293
471,293
472,292
480,292
481,291
483,291
484,290
487,290
488,289
491,289
492,288
501,288
502,287
510,287
511,286
512,286
512,282
511,281
511,279
510,278
510,277
509,276
509,275
506,272
505,272
504,271
503,271
502,270
501,270
500,269
499,269
498,268
497,268
496,267
493,267
492,266
490,266
489,265
486,265
485,264
468,264
467,265
465,265
464,266
461,266
460,265
459,265
458,264
457,264
456,263
455,263
454,262
452,262
451,261
448,261
447,260
444,260
443,259
438,259
437,258
431,258
430,257
428,257
427,256
426,256
425,255
424,255
423,254
422,254
421,253
418,253
417,252
414,252
413,251
411,251
410,250
408,250
407,249
405,249
404,248
401,248
400,247
398,247
397,246
395,246
394,245
393,245
392,244
391,244
390,243
389,243
388,242
387,242
385,240
384,240
381,237
380,237
373,230
372,230
368,226
367,226
360,219
360,218
357,215
357,212
356,211
356,204
357,203
357,195
358,194
358,191
359,190
359,180
358,179
358,176
357,175
357,166
358,165
358,164
360,162
360,161
361,160
361,159
362,158
362,156
363,155
363,154
364,153
364,152
365,151
365,149
366,148
366,146
367,145
367,144
368,143
368,141
369,140
369,139
370,138
370,136
371,135
371,132
372,131
372,118
371,117
371,114
370,113
370,112
369,111
369,110
368,110
367,109
365,109
364,108
363,108
362,109
358,109
357,110
354,110
353,111
349,111
348,112
345,112
344,113
343,113
341,115
340,115
336,119
334,119
328,113
326,113
325,112
314,112
313,113
310,113
309,114
308,114
307,115
306,115
305,116
304,116
302,118
300,118
299,119
296,119
295,120
291,120
290,119
289,119
280,110
280,109
279,108
278,108
277,107
275,107
274,106
270,106
