733
434,45
433,46
426,46
425,47
424,47
423,48
419,48
418,47
410,47
409,48
407,48
407,49
403,53
396,53
395,52
393,52
392,53
390,53
389,54
387,54
386,55
385,55
384,56
383,56
382,57
373,57
373,61
372,62
366,62
365,61
359,61
358,62
356,62
356,63
355,64
355,65
354,66
353,66
352,67
351,67
350,68
350,69
349,70
349,71
348,72
347,72
346,73
344,73
342,75
336,75
335,76
333,76
332,77
332,78
329,81
328,81
325,84
324,84
323,85
322,85
318,89
317,89
316,90
316,91
312,95
310,95
309,96
306,96
305,97
304,97
298,103
297,103
295,105
295,106
294,107
294,108
292,110
288,110
287,111
285,111
284,112
283,112
282,113
282,115
281,116
281,123
280,124
280,125
275,130
274,130
269,135
268,135
267,136
267,137
265,139
265,140
264,141
264,143
263,144
263,145
261,147
252,147
251,148
243,148
242,149
222,149
221,150
177,150
176,149
173,149
172,148
140,148
139,149
136,149
135,150
132,150
131,151
130,151
128,153
127,153
126,154
125,154
124,155
123,155
122,156
121,156
119,158
118,158
116,160
115,160
101,174
101,175
97,179
97,180
91,186
91,187
89,189
89,190
84,195
84,196
83,197
83,198
82,199
82,200
81,201
81,203
77,207
77,208
76,209
76,211
75,212
75,214
74,215
74,217
73,218
73,221
72,222
72,226
71,227
71,267
72,268
72,301
71,302
71,357
70,358
70,363
69,364
69,366
68,367
68,368
67,369
67,371
64,374
63,374
61,376
61,377
60,378
60,379
57,382
57,384
56,385
56,389
57,390
57,394
58,395
58,404
59,405
59,419
60,420
60,423
61,424
61,426
62,427
62,432
63,433
63,453
64,454
64,456
65,457
65,458
66,459
66,460
67,461
67,462
68,463
107,463
108,462
110,462
111,461
111,460
112,459
112,456
113,455
113,449
112,448
112,447
107,442
105,442
104,441
100,441
96,437
96,435
95,434
95,432
94,431
94,430
93,429
93,428
92,427
92,424
91,423
91,421
90,420
90,397
91,396
91,390
92,389
92,387
93,386
93,385
96,382
96,381
98,379
98,377
99,376
99,374
100,373
100,371
104,367
104,366
105,365
105,363
106,362
106,360
107,359
107,356
110,353
110,352
113,349
114,349
122,357
122,358
129,365
129,366
143,380
145,380
152,387
152,390
151,391
151,392
150,393
150,400
151,401
151,402
154,405
154,406
155,407
155,409
157,411
157,414
158,415
158,418
159,419
159,420
160,421
160,422
163,425
163,426
165,428
165,429
166,430
167,430
168,431
170,431
175,436
175,437
176,438
176,439
180,443
181,443
182,444
183,444
184,445
185,445
186,446
187,446
188,447
189,447
190,448
191,448
195,452
195,454
196,455
196,456
198,458
198,459
200,461
216,461
217,462
221,462
222,463
227,463
228,464
232,464
233,463
235,463
236,462
238,462
239,461
243,461
245,459
245,457
246,456
246,447
241,442
240,442
239,441
237,441
236,440
234,440
233,439
228,439
227,440
216,440
211,435
211,434
208,431
208,430
205,427
205,425
204,424
203,424
200,421
200,419
199,418
199,416
198,415
198,414
197,413
197,412
196,411
196,409
195,408
195,404
194,403
194,400
193,399
194,398
194,382
195,381
195,380
196,379
196,378
197,377
197,375
198,374
198,372
199,371
199,368
200,367
200,364
201,363
201,358
202,357
202,333
203,332
203,330
204,329
204,327
205,326
205,323
207,321
216,321
217,322
218,322
219,323
220,323
223,326
224,326
225,327
226,327
228,329
229,329
230,330
231,330
232,331
234,331
235,332
238,332
239,333
240,333
242,335
244,335
245,336
258,336
259,335
260,335
261,334
263,334
264,333
266,333
267,332
270,332
271,333
272,333
273,334
273,335
274,336
274,337
279,342
279,343
281,345
281,346
282,347
282,348
286,352
286,354
287,355
287,357
290,360
295,360
297,358
298,358
299,357
301,357
302,358
304,358
308,362
308,363
309,364
309,368
310,369
310,371
311,372
311,377
312,378
312,380
313,381
313,382
315,384
315,389
316,390
316,392
317,393
317,395
318,396
318,399
319,400
319,402
321,404
321,406
322,407
322,410
323,411
323,414
324,415
324,417
325,418
325,421
326,422
326,426
327,427
327,429
328,430
328,440
329,441
329,444
330,445
330,447
331,448
331,451
332,452
332,454
333,455
333,457
334,458
334,460
335,461
335,463
336,464
336,474
337,475
337,478
338,479
338,480
339,481
339,482
340,482
341,483
414,483
415,482
417,482
419,480
419,479
422,476
422,473
421,472
421,470
416,465
415,465
413,463
412,463
410,461
408,461
407,460
401,460
397,456
397,453
396,452
396,444
395,443
395,424
396,423
396,414
397,413
397,404
398,403
398,401
399,400
399,388
400,387
400,385
401,384
401,381
402,380
402,376
403,375
403,373
404,372
404,370
405,369
405,366
406,365
406,363
407,362
407,361
409,359
411,359
413,361
414,361
415,362
420,362
420,352
421,351
421,350
424,347
425,347
426,346
428,346
429,345
431,345
433,343
433,339
434,338
434,334
435,333
435,330
436,329
436,328
438,326
441,326
442,325
445,325
447,323
451,323
453,321
454,321
456,319
456,309
459,306
460,306
460,299
459,298
459,297
458,296
458,293
457,292
457,287
458,286
458,284
461,281
461,280
464,277
464,270
465,269
465,268
469,264
469,262
474,257
477,257
478,256
482,256
482,255
485,252
486,252
487,251
489,251
490,250
490,248
493,245
495,245
497,243
497,238
498,237
498,235
499,234
499,233
500,232
500,230
501,229
501,226
502,225
502,224
503,223
503,220
504,219
504,218
505,217
505,214
506,213
506,211
507,210
507,209
511,205
511,200
512,199
512,195
513,194
513,191
514,190
514,184
515,183
515,173
516,172
516,170
518,168
518,161
519,160
519,150
520,149
520,148
522,146
522,144
523,143
523,142
524,141
524,137
523,136
524,135
524,133
525,132
525,123
526,122
526,118
525,117
525,114
521,110
521,109
520,108
520,97
517,94
517,92
516,91
516,85
518,83
518,76
517,75
517,74
515,72
514,72
513,71
512,71
511,70
510,70
509,69
507,69
506,68
505,68
503,66
502,66
500,64
499,64
498,63
497,63
493,59
493,58
490,55
485,55
484,56
483,56
482,57
481,57
480,58
477,58
475,56
475,54
474,53
474,51
471,51
470,52
466,52
463,49
461,49
460,48
457,48
456,49
451,49
450,48
443,48
441,46
439,46
438,45
434,45
