1076
231,32
230,33
228,33
227,34
226,34
225,35
224,35
222,37
221,37
220,38
218,38
217,39
216,39
215,40
214,40
211,43
211,45
210,46
210,49
208,51
205,51
204,52
198,52
197,53
189,53
188,54
186,54
185,55
168,55
167,54
165,54
164,53
155,53
154,54
152,54
151,55
149,55
148,56
146,56
145,57
144,57
143,58
142,58
139,61
138,61
137,62
133,62
132,63
129,63
128,64
127,64
126,65
125,65
124,66
124,67
123,68
123,73
124,74
124,75
125,76
125,77
126,78
126,79
127,80
127,82
128,83
128,86
129,87
129,88
130,89
130,90
131,91
131,92
132,93
132,94
133,95
133,96
134,97
134,98
135,99
135,100
139,104
140,104
142,106
144,106
145,107
146,107
147,108
148,108
149,109
157,109
158,110
169,110
170,109
173,109
174,108
176,108
177,107
178,107
180,105
181,105
182,104
183,104
184,103
185,103
186,102
188,102
189,101
190,101
191,100
192,100
194,98
195,98
196,97
197,97
198,96
201,96
202,95
205,95
206,96
207,96
208,97
208,106
207,107
207,109
206,110
206,115
205,116
205,122
204,123
204,126
203,127
203,129
202,130
202,135
201,136
201,140
200,141
200,143
199,144
199,149
198,150
198,156
197,157
197,162
196,163
196,165
195,166
195,171
194,172
194,176
193,177
193,179
192,180
192,186
191,187
191,199
190,200
190,214
191,215
191,229
192,230
192,238
193,239
193,241
194,242
194,257
192,259
192,260
191,261
191,262
188,265
188,266
183,271
183,272
182,273
182,274
181,275
181,276
180,277
180,279
179,280
179,281
178,282
178,284
177,285
177,288
176,289
176,293
175,294
175,296
174,297
174,303
173,304
173,306
164,315
158,315
157,316
133,316
132,315
131,315
130,314
129,314
127,312
125,312
124,311
118,311
117,312
116,312
113,315
113,316
111,318
108,318
107,319
105,319
104,320
103,320
102,321
101,321
100,322
98,322
97,323
96,323
96,324
93,327
93,335
92,336
92,338
91,339
91,341
92,342
92,344
95,347
99,347
100,346
101,346
102,345
103,345
104,344
105,344
106,343
111,343
112,344
115,344
116,345
117,345
118,346
121,346
122,345
123,345
124,344
125,344
127,342
128,342
130,340
131,340
133,338
134,338
135,337
136,338
138,338
139,339
140,339
141,340
143,340
144,341
147,341
148,342
149,342
150,343
151,343
152,344
154,344
155,345
156,345
157,346
170,346
171,345
172,345
173,344
175,344
176,343
177,343
180,340
180,339
181,338
181,337
182,336
182,335
184,333
184,331
187,328
187,327
189,325
189,324
191,322
191,320
192,319
192,318
195,315
195,314
196,313
196,312
197,311
197,310
199,308
199,307
200,306
200,305
204,301
205,301
205,300
208,297
209,297
211,295
212,295
215,292
218,295
218,296
221,299
221,300
225,304
225,305
226,306
226,307
227,308
228,308
230,310
229,311
227,311
226,310
224,310
223,309
220,309
219,310
217,310
214,313
214,318
215,319
215,321
214,322
214,326
217,329
224,329
225,330
225,334
226,335
226,336
227,337
234,337
235,336
240,336
241,337
245,337
246,336
247,336
248,335
250,335
251,336
251,341
252,342
252,347
253,348
253,350
254,351
254,355
255,356
255,359
256,360
256,361
258,363
258,365
259,366
259,368
261,370
261,371
262,372
262,374
263,375
263,376
264,377
264,378
265,379
265,380
269,384
269,385
270,386
270,387
280,397
281,397
284,400
285,400
288,403
289,403
294,408
295,408
298,411
299,411
302,414
302,415
305,418
306,418
309,421
309,422
314,427
314,428
333,447
333,451
334,452
334,460
333,461
333,465
332,466
332,468
331,469
331,470
330,471
330,473
329,474
329,476
328,477
328,478
327,479
327,480
325,482
325,483
324,484
324,485
323,486
323,487
320,490
319,490
318,491
317,491
316,492
315,492
314,493
313,493
311,495
310,495
308,497
304,497
303,498
301,498
300,499
299,499
298,500
297,500
296,501
295,501
293,503
293,504
292,505
292,507
291,508
291,515
294,518
298,518
299,519
300,519
301,520
301,521
299,523
298,523
297,524
296,524
292,528
291,528
290,529
268,529
267,528
262,528
261,527
257,527
256,526
252,526
251,527
250,527
249,528
247,528
246,529
245,529
244,530
243,530
242,531
242,532
241,533
241,534
240,535
240,536
235,541
230,541
229,542
226,542
225,543
224,543
224,544
221,547
221,548
220,549
220,550
219,551
219,552
217,554
217,555
216,556
216,558
215,559
216,560
216,562
217,563
218,563
219,564
224,564
225,565
227,565
228,566
242,566
243,567
285,567
286,568
292,568
293,569
295,569
296,570
307,570
308,569
309,569
310,568
312,568
313,567
314,567
316,565
316,564
317,563
317,562
319,560
319,557
320,556
320,553
321,552
321,551
322,550
322,549
324,547
324,546
325,545
325,544
335,534
336,534
337,533
338,533
339,532
340,532
341,531
343,531
349,525
350,525
351,524
352,524
353,525
360,525
361,524
369,524
370,523
371,523
372,522
373,522
376,519
376,517
377,516
377,514
378,513
378,512
379,511
379,509
380,508
380,506
381,505
381,504
382,503
382,502
387,497
388,497
389,496
391,496
392,495
393,495
394,494
395,494
396,493
397,493
397,491
398,490
398,489
399,488
399,487
400,486
400,485
401,484
401,482
402,481
402,479
403,478
403,474
404,473
404,468
405,467
405,464
406,463
406,462
407,461
407,459
408,458
408,456
409,455
409,452
410,451
410,450
411,449
411,447
412,446
412,443
413,442
413,441
415,439
415,436
416,435
416,432
417,431
417,430
418,429
418,428
420,426
420,425
421,424
421,423
422,422
422,417
421,416
421,415
420,414
420,413
417,410
417,409
408,400
408,399
407,398
407,397
406,396
406,395
405,394
405,392
404,391
404,389
403,388
403,387
402,386
402,385
401,384
401,382
400,381
400,380
397,377
397,375
395,373
395,372
392,369
391,369
390,368
389,368
388,367
387,367
386,366
385,366
384,365
383,365
380,362
379,362
377,360
377,359
376,358
376,353
377,352
377,351
382,346
384,346
385,345
387,345
388,344
391,344
392,343
394,343
395,342
396,342
397,341
400,341
401,340
407,340
408,339
412,339
413,338
415,338
416,337
422,337
423,338
425,338
426,339
431,339
432,340
435,340
436,341
439,341
440,342
441,342
442,343
443,343
444,344
445,344
446,345
447,345
448,346
449,346
450,347
452,347
454,349
455,349
457,351
458,351
459,352
460,352
462,354
463,354
464,355
465,355
468,358
469,358
472,361
474,361
479,366
480,366
483,369
484,369
487,372
488,372
491,375
492,375
498,381
499,381
509,391
510,391
512,393
513,393
518,398
519,398
522,401
523,401
524,402
525,402
526,403
528,403
529,404
534,404
535,403
536,403
539,400
540,400
540,399
541,398
541,397
542,396
542,393
541,392
541,390
540,389
540,387
538,385
538,384
537,383
537,382
536,381
536,379
535,378
535,376
534,375
534,374
533,373
533,372
532,371
532,369
530,367
530,366
529,365
529,364
528,363
528,362
527,361
527,360
526,359
526,358
525,357
525,355
523,353
523,352
522,351
522,350
521,349
521,348
520,347
520,346
519,345
519,343
518,342
518,340
517,339
517,338
516,337
516,336
515,335
515,334
513,332
513,331
512,330
512,328
511,327
511,325
510,324
510,323
509,322
509,321
508,320
508,319
507,318
507,317
506,316
506,315
505,314
505,313
504,312
504,309
502,307
502,306
501,305
501,304
500,303
500,301
499,300
499,299
498,298
498,297
496,295
496,294
495,293
495,292
494,291
494,290
493,289
493,287
492,286
492,285
491,284
491,283
489,281
489,280
488,279
488,278
487,277
487,276
486,275
486,273
485,272
485,271
484,270
484,269
482,267
482,266
481,265
481,264
480,263
480,262
479,261
479,259
477,257
477,256
476,255
476,254
472,250
472,248
469,245
469,244
467,242
467,241
466,240
466,239
463,236
463,235
461,233
461,231
460,231
443,214
442,214
440,212
439,212
436,209
435,209
434,208
433,208
431,206
430,206
426,202
425,202
424,201
423,201
422,200
421,200
420,199
419,199
418,198
416,198
415,197
413,197
412,196
411,196
410,195
409,195
408,194
407,194
406,193
405,193
404,192
403,192
402,191
399,191
398,190
394,190
393,189
391,189
390,188
385,188
384,187
378,187
377,186
350,186
349,187
340,187
339,188
333,188
332,189
330,189
329,190
323,190
322,191
319,191
318,192
317,192
316,193
314,193
313,194
310,194
309,195
306,195
305,196
303,196
302,197
300,197
299,198
297,198
296,199
293,199
292,200
291,200
290,201
287,201
286,202
283,202
282,203
281,203
280,204
277,204
276,205
272,205
271,206
266,206
265,207
263,207
262,208
258,208
257,209
247,209
245,207
245,205
244,204
244,202
243,201
243,199
242,198
242,193
241,192
241,186
240,185
240,180
239,179
239,177
238,176
238,161
237,160
237,159
238,158
238,137
239,136
239,134
240,133
240,127
241,126
241,122
242,121
242,118
243,117
243,116
244,115
244,113
245,112
245,109
246,108
246,107
247,106
247,104
248,103
248,101
254,95
255,95
257,93
258,93
260,91
260,90
262,88
262,87
264,85
264,84
265,83
265,82
266,81
266,80
267,79
267,78
268,77
268,63
267,62
267,60
266,59
266,55
265,54
265,52
264,51
264,49
263,48
263,46
262,45
262,44
261,43
261,42
260,41
260,40
259,39
258,39
256,37
255,37
254,36
253,36
252,35
250,35
249,34
237,34
236,33
234,33
233,32
