860
236,25
235,26
231,26
230,27
226,27
225,28
222,28
221,29
220,29
219,30
218,30
217,31
216,31
215,32
214,32
213,33
212,33
211,34
210,34
209,35
208,35
206,37
205,37
203,39
202,39
200,41
199,41
195,45
195,46
192,49
192,50
191,51
191,52
190,53
190,54
189,55
189,57
188,58
188,59
187,60
187,62
186,63
186,66
185,67
185,70
184,71
184,87
183,88
183,89
181,91
181,92
180,93
180,96
181,97
181,98
182,99
182,102
183,103
183,105
184,106
184,107
185,108
185,121
184,122
184,165
183,166
183,180
182,181
182,185
181,186
181,191
180,192
180,193
179,194
178,194
177,193
177,192
176,191
176,188
175,187
175,184
174,183
174,181
173,180
173,178
172,177
172,176
171,175
171,173
170,172
170,170
168,168
168,167
166,165
166,164
165,163
165,162
163,160
163,159
161,157
161,156
159,154
159,153
157,151
157,150
154,147
154,146
152,144
152,143
151,142
151,141
148,138
148,137
145,134
145,133
144,132
144,131
142,129
142,128
139,125
139,124
137,122
137,121
132,116
132,115
130,113
130,112
127,109
127,108
124,105
124,104
121,101
121,99
119,97
119,96
118,95
118,94
117,93
117,92
115,90
115,89
113,87
113,86
110,83
110,82
109,81
109,80
107,78
107,77
106,76
106,75
103,72
103,71
102,70
102,69
97,64
97,63
92,58
92,56
91,55
88,55
88,57
87,58
87,84
88,85
88,90
89,91
89,94
90,95
90,98
91,99
91,101
92,102
92,105
93,106
93,107
94,108
94,110
95,111
95,112
96,113
96,115
97,116
97,117
98,118
98,119
99,120
99,121
100,122
100,123
101,124
101,125
102,126
102,127
103,128
103,129
104,130
104,131
105,132
105,133
107,135
107,136
108,137
108,138
110,140
110,141
111,142
111,143
113,145
113,146
114,147
114,148
116,150
116,151
118,153
118,154
120,156
120,157
122,159
122,160
123,161
123,162
126,165
126,166
128,168
128,169
132,173
132,174
136,178
136,179
153,196
154,196
156,198
157,198
159,200
160,200
162,202
163,202
165,204
166,204
169,207
170,207
171,208
172,208
176,212
176,213
177,214
177,223
176,224
176,237
175,238
175,241
174,242
174,252
173,253
173,257
172,258
172,267
171,268
171,291
172,292
172,297
173,298
173,302
174,303
174,306
175,307
175,310
176,311
176,314
177,315
177,317
178,318
178,319
179,320
179,322
180,323
180,325
181,326
181,327
182,328
182,329
183,330
183,331
184,332
184,333
185,334
185,335
186,336
186,337
187,338
187,339
188,340
188,341
189,342
189,343
190,344
190,345
191,346
191,347
193,349
193,350
194,351
194,352
196,354
196,355
198,357
198,358
200,360
200,361
202,363
202,364
205,367
205,368
212,375
212,376
221,385
222,385
226,389
227,389
229,391
230,391
232,393
233,393
235,395
236,395
238,397
239,397
240,398
241,398
243,400
244,400
245,401
246,401
247,402
248,402
250,404
251,404
252,405
253,405
255,407
257,407
258,408
260,408
261,409
262,409
263,410
264,410
265,411
266,411
267,412
268,412
269,413
271,413
272,414
273,414
274,415
275,415
276,416
277,416
278,417
280,417
281,418
282,418
283,419
284,419
285,420
286,420
287,421
289,421
290,422
292,422
293,423
294,423
296,425
297,425
299,427
299,430
296,433
295,433
294,434
293,434
292,435
291,435
290,436
289,436
288,437
287,437
286,438
284,438
283,439
282,439
281,440
277,440
276,441
273,441
272,442
270,442
269,443
268,443
267,444
266,444
264,446
263,446
262,447
262,450
267,450
268,451
269,451
271,453
271,454
272,455
272,456
287,456
288,455
295,455
296,454
303,454
304,453
307,453
310,456
310,457
319,457
320,456
323,456
324,455
326,455
327,454
328,454
334,448
334,446
335,445
335,433
334,432
334,431
333,430
333,429
330,426
330,425
322,417
322,415
321,414
322,413
322,410
324,408
324,407
332,399
334,399
335,398
338,398
339,397
346,397
347,396
351,396
352,395
358,395
359,394
362,394
363,393
369,393
370,392
376,392
377,391
382,391
383,390
400,390
401,389
408,389
414,395
414,396
415,397
416,397
417,398
418,398
419,399
425,399
426,398
427,398
429,396
430,396
433,393
434,393
436,391
437,391
444,384
444,383
447,380
447,379
449,377
449,376
451,374
451,373
453,371
453,370
454,369
454,368
455,367
455,366
456,365
456,364
457,363
457,361
458,360
458,357
459,356
459,339
460,338
460,333
457,333
452,338
451,338
449,336
449,321
448,320
448,318
445,318
439,324
439,325
437,327
437,328
436,329
436,330
435,331
435,332
434,333
434,335
433,336
433,337
432,338
431,338
430,339
428,339
427,340
424,340
423,339
423,338
422,337
422,274
421,273
421,266
420,265
420,261
419,260
419,258
417,256
417,253
416,252
416,250
415,249
415,241
414,240
414,239
413,238
413,237
410,234
410,233
409,232
409,230
408,229
408,228
407,227
407,225
406,224
406,223
405,222
405,221
404,220
404,219
403,218
403,216
402,215
402,212
401,211
401,210
400,209
400,208
399,207
399,206
398,205
398,204
397,203
397,202
396,201
396,200
394,198
394,197
393,196
393,195
392,194
392,193
390,191
390,190
389,189
389,188
388,187
388,186
387,185
387,184
385,182
385,181
383,179
383,178
381,176
381,175
380,174
380,173
379,172
379,170
380,169
381,170
382,170
384,172
385,172
388,175
389,175
391,177
392,177
395,180
396,180
397,181
399,181
400,182
401,182
403,184
404,184
408,188
409,188
412,191
413,191
415,193
416,193
419,196
420,196
422,198
423,198
426,201
428,201
429,202
430,202
433,205
434,205
435,206
436,206
438,208
439,208
442,211
444,211
446,213
447,213
448,214
449,214
451,216
452,216
454,218
456,218
457,219
458,219
460,221
461,221
462,222
463,222
465,224
466,224
467,225
468,225
470,227
471,227
472,228
473,228
474,229
475,229
476,230
477,230
478,231
479,231
480,232
481,232
484,235
485,235
487,237
488,237
490,239
493,239
494,240
495,240
498,243
500,243
503,246
504,246
505,247
508,247
508,243
507,242
507,241
506,240
506,239
505,238
505,237
504,236
504,235
503,234
503,233
502,232
502,231
501,230
501,229
500,228
500,227
498,225
498,224
496,222
496,221
494,219
494,218
492,216
492,215
489,212
489,211
482,204
482,203
475,196
474,196
470,192
469,192
465,188
464,188
462,186
461,186
459,184
458,184
456,182
455,182
453,180
452,180
449,177
448,177
447,176
446,176
444,174
443,174
441,172
440,172
438,170
437,170
436,169
435,169
433,167
432,167
431,166
430,166
428,164
427,164
426,163
425,163
424,162
423,162
422,161
421,161
420,160
419,160
418,159
417,159
416,158
415,158
414,157
412,157
411,156
410,156
409,155
408,155
407,154
405,154
404,153
402,153
401,152
399,152
398,151
396,151
395,150
393,150
392,149
389,149
388,148
380,148
379,147
375,147
374,146
368,146
367,145
363,145
357,139
357,138
351,132
351,131
347,127
347,126
345,124
345,123
343,121
343,120
341,118
341,117
338,114
338,113
336,111
336,110
334,108
334,107
332,105
332,104
330,102
330,101
328,99
328,98
326,96
326,95
324,93
324,92
322,90
322,89
319,86
319,85
316,82
316,81
314,79
314,78
311,75
311,74
309,72
309,71
307,69
307,68
303,64
303,63
298,58
298,57
294,53
294,52
292,50
292,49
287,44
286,44
283,41
282,41
276,35
275,35
273,33
272,33
270,31
269,31
267,29
266,29
265,28
264,28
263,27
260,27
259,26
256,26
255,25
236,25
