832
102,57
101,58
101,59
100,60
100,62
98,64
95,64
94,63
91,63
90,62
85,62
84,61
83,61
82,60
80,60
79,59
77,59
76,60
74,60
74,64
75,64
76,65
77,65
79,67
81,67
82,68
83,68
86,71
87,71
92,76
92,77
93,78
93,80
94,81
94,83
97,86
97,88
92,93
90,93
89,94
87,94
86,95
86,98
89,101
89,103
88,104
87,104
86,105
85,105
83,107
83,110
90,117
90,120
89,121
89,126
90,127
91,127
94,130
94,131
95,132
97,132
100,135
102,135
103,136
104,136
105,137
107,137
108,138
111,138
112,139
113,139
114,140
115,140
116,141
118,141
119,142
122,142
123,143
124,143
125,144
125,145
124,146
119,146
118,147
115,147
114,148
112,148
112,152
114,152
121,159
122,159
126,163
128,163
131,166
132,166
133,167
134,167
135,168
137,168
138,169
141,169
142,170
148,170
149,171
151,171
152,172
154,172
155,173
157,173
160,176
160,178
157,181
157,182
153,186
153,187
152,188
152,191
151,192
152,193
152,195
153,196
154,196
157,199
158,199
159,200
165,200
166,201
167,201
171,205
172,205
177,210
178,210
183,215
184,215
185,216
186,216
190,220
191,220
201,230
201,231
202,231
204,233
206,233
207,234
208,234
209,235
211,235
212,236
216,236
217,237
220,237
221,238
222,238
224,240
224,243
223,244
223,249
224,250
224,251
225,252
226,252
227,253
229,253
230,254
233,254
234,255
235,255
237,257
237,258
239,260
239,261
240,262
240,263
241,264
241,266
242,267
242,268
257,268
259,270
261,270
262,271
263,271
264,272
265,272
266,273
267,273
268,274
270,274
271,275
272,275
273,276
274,276
275,277
276,277
278,279
278,281
275,284
273,284
272,285
269,285
268,286
263,286
262,287
260,287
259,288
257,288
256,289
251,289
250,290
244,290
243,291
235,291
234,292
231,292
230,293
228,293
227,294
225,294
224,295
221,295
220,296
217,296
216,297
213,297
212,298
210,298
209,299
206,299
205,300
201,300
200,301
196,301
195,302
192,302
191,303
189,303
188,304
186,304
185,305
182,305
181,306
175,306
174,307
171,307
170,308
169,308
168,309
166,309
165,310
163,310
162,311
161,311
160,312
159,312
158,313
158,314
155,317
155,321
156,322
156,324
157,325
157,326
161,330
161,331
162,332
162,333
163,334
163,336
164,337
164,338
170,338
171,337
173,337
174,336
176,336
177,335
178,335
179,334
181,334
182,333
186,333
187,332
191,332
192,331
194,331
195,330
197,330
198,329
202,329
203,328
211,328
212,327
213,328
216,328
217,329
226,329
227,330
229,330
230,331
240,331
241,330
243,330
244,329
248,329
249,328
261,328
262,329
265,329
266,330
268,330
269,331
270,331
271,332
273,332
274,333
291,333
292,334
297,334
298,335
300,335
301,336
302,336
305,339
305,341
306,342
306,360
305,361
305,367
304,368
304,372
303,373
303,376
304,377
304,380
305,381
305,383
306,384
306,386
305,387
305,388
304,389
304,395
305,396
305,398
306,399
307,399
308,400
310,400
315,405
315,406
316,407
322,407
323,408
328,408
329,409
331,409
332,410
333,410
335,412
341,412
342,411
345,411
346,410
354,410
355,411
356,411
359,414
359,424
360,425
360,427
363,430
364,430
365,431
367,431
368,432
375,432
377,430
379,430
380,431
384,431
387,428
388,428
388,426
389,425
389,420
388,419
388,413
387,412
387,411
386,410
386,409
377,400
377,399
365,387
364,387
359,382
359,381
358,380
358,378
357,377
357,372
356,371
356,363
357,362
357,356
358,355
358,350
359,349
359,342
360,341
360,339
361,338
361,332
360,331
360,329
359,328
359,321
358,320
358,319
359,318
359,317
361,315
361,314
367,308
368,308
371,305
372,305
375,302
376,302
377,301
379,301
383,297
384,297
386,295
388,295
388,294
391,291
393,291
395,289
396,289
400,285
401,285
402,284
404,284
408,280
410,280
411,279
412,279
413,278
414,278
415,277
416,277
418,275
420,275
421,274
424,274
425,273
428,273
429,274
438,274
439,275
443,275
444,276
445,276
448,279
452,279
452,273
451,272
451,270
450,270
447,267
447,266
446,265
447,264
447,259
445,257
445,256
444,255
444,254
440,250
440,249
439,249
438,248
437,248
434,245
433,245
431,243
430,243
429,242
428,242
427,241
426,241
425,240
424,240
423,239
421,239
420,238
415,238
414,237
399,237
398,236
398,235
397,234
397,231
398,230
398,220
399,219
399,213
400,212
400,207
401,206
401,203
402,202
402,200
403,199
403,197
404,196
404,193
405,192
405,190
406,189
406,187
407,186
407,185
408,184
408,183
409,182
409,180
410,179
410,177
411,176
411,163
410,162
410,161
409,160
409,158
407,156
407,155
405,153
405,152
394,141
393,141
392,140
391,140
389,138
388,138
387,137
385,137
384,136
383,136
382,135
381,135
380,134
379,134
378,133
376,133
375,132
366,132
362,128
361,128
360,127
358,127
356,125
355,125
352,122
351,122
350,121
349,121
347,119
346,119
345,118
344,118
343,117
342,117
341,116
340,116
339,115
338,115
335,112
334,112
333,111
332,111
331,110
330,110
329,109
328,109
327,108
326,108
325,107
324,107
322,105
321,105
320,104
318,104
317,103
315,103
314,102
313,102
312,101
311,101
310,100
309,100
308,99
307,99
304,96
303,96
302,95
301,95
298,92
293,92
292,93
290,93
289,94
289,97
290,98
292,98
293,99
295,99
296,100
298,100
300,102
301,102
302,103
303,103
305,105
307,105
311,109
313,109
314,110
315,110
316,111
318,111
322,115
324,115
325,116
326,116
328,118
328,119
327,120
325,120
324,119
323,119
321,117
319,117
318,116
316,116
315,115
314,115
313,114
311,114
309,112
308,112
307,111
304,111
303,110
301,110
299,108
298,108
297,107
295,107
294,106
292,106
291,105
289,105
288,104
286,104
285,103
284,103
283,102
282,102
281,101
279,101
278,100
276,100
275,99
272,99
271,100
269,100
268,101
268,105
270,105
271,106
272,106
273,107
274,107
275,108
276,108
277,109
278,109
279,110
281,110
282,111
283,111
286,114
287,114
289,116
292,116
293,117
294,117
295,118
295,120
294,121
289,121
288,120
284,120
283,119
280,119
279,118
278,118
277,117
258,117
257,116
249,116
248,117
243,117
242,118
240,118
239,119
232,119
231,118
230,118
229,117
227,117
226,116
225,116
224,115
223,115
220,112
219,112
218,111
217,111
216,110
215,110
213,108
212,108
210,106
209,106
208,105
206,105
203,102
202,102
201,101
200,101
198,99
197,99
196,98
195,98
193,96
192,96
189,93
188,93
186,91
185,91
183,89
182,89
181,88
180,88
177,85
176,85
175,84
174,84
171,81
170,81
168,79
167,79
166,78
165,78
162,75
161,75
160,74
159,74
157,72
156,72
152,68
151,68
150,67
149,67
147,65
147,64
146,64
145,63
144,63
143,62
141,62
141,63
140,64
141,65
141,67
148,74
149,74
153,78
151,80
149,78
148,78
147,77
146,77
145,76
144,76
143,75
142,75
141,74
140,74
139,73
137,73
136,72
135,72
134,71
133,71
131,69
130,69
129,68
127,68
126,67
125,67
124,66
123,66
121,64
120,64
119,63
117,63
116,62
114,62
113,61
112,61
111,60
110,60
109,59
108,59
107,58
106,58
105,57
102,57
