466
289,113
288,114
286,114
285,115
269,115
268,116
266,116
264,118
261,118
260,119
258,119
257,120
251,120
250,121
248,121
246,123
244,123
243,124
241,124
240,125
236,125
235,126
233,126
231,128
228,128
227,129
225,129
224,130
222,130
221,131
220,131
218,133
217,133
216,134
215,134
213,136
212,136
211,137
210,137
209,138
206,138
205,139
203,139
199,143
197,143
196,144
195,144
191,148
189,148
188,149
187,149
171,165
171,166
170,167
170,168
169,169
169,170
162,177
162,178
161,179
161,180
153,188
153,189
152,190
152,191
151,192
151,193
145,199
144,199
143,200
142,200
141,201
140,201
130,211
129,211
128,212
127,212
123,216
121,216
120,217
119,217
117,219
116,219
115,220
114,220
113,221
111,221
110,222
109,222
107,224
104,224
103,225
101,225
95,231
95,232
94,233
94,235
93,236
93,239
94,240
94,242
99,247
101,247
102,248
103,248
104,249
106,249
108,251
108,252
109,253
109,254
110,255
110,264
106,268
106,269
105,270
105,272
104,273
104,274
103,275
103,276
101,278
101,279
100,280
100,282
99,283
99,284
98,285
98,286
73,311
73,312
72,313
72,315
71,316
71,317
70,318
70,319
68,321
68,322
67,323
67,325
66,326
66,328
65,329
65,332
63,334
63,336
62,337
62,342
63,343
63,345
66,348
85,348
86,349
88,349
89,350
103,350
104,349
106,349
107,348
115,348
119,344
120,344
121,343
121,339
122,338
122,336
123,335
123,322
124,321
124,320
126,318
126,316
127,315
127,314
134,307
136,307
137,306
138,306
139,305
141,305
144,302
146,302
147,301
148,301
149,300
151,300
153,298
154,298
155,297
158,297
159,298
160,298
163,301
164,301
165,302
167,302
172,307
174,307
177,310
181,310
182,311
184,311
185,312
191,312
192,313
193,313
195,315
204,315
205,316
206,316
208,318
219,318
220,319
222,319
223,320
247,320
248,321
249,321
251,323
280,323
281,324
282,324
290,332
290,335
291,336
291,338
296,343
298,343
299,344
300,344
301,345
303,345
306,348
315,348
316,349
318,349
319,350
321,350
323,352
323,353
324,354
324,355
326,357
326,375
327,376
327,378
328,379
328,383
329,384
329,386
334,391
350,391
351,392
353,392
354,393
361,393
362,392
363,392
365,390
365,389
366,388
366,372
367,371
367,370
369,368
369,359
370,358
370,356
371,355
371,352
372,351
372,350
374,348
374,334
375,333
375,331
376,330
376,324
377,323
377,322
383,316
384,316
385,315
389,315
391,313
392,313
393,312
414,312
415,313
416,313
418,315
420,315
424,319
424,321
425,322
425,323
427,325
427,339
425,341
425,342
424,343
424,345
421,348
420,348
419,349
418,349
417,350
416,350
410,356
410,358
409,359
409,363
408,364
408,366
407,367
407,368
408,369
408,371
413,376
455,376
458,373
460,373
461,372
462,372
463,371
465,371
476,360
476,359
480,355
480,353
483,350
483,348
484,347
484,346
485,345
485,342
486,341
486,340
488,338
488,334
489,333
489,331
490,330
490,308
489,307
489,305
488,304
488,301
477,290
477,288
458,269
458,268
457,267
457,261
458,260
458,259
460,257
460,255
461,254
461,253
470,244
472,244
473,243
474,243
478,239
480,239
481,238
482,238
483,237
485,237
485,235
488,232
488,222
486,220
486,219
485,218
485,212
484,211
484,210
483,209
483,207
482,206
481,206
475,200
473,200
472,199
464,199
463,200
461,200
460,201
441,201
440,200
438,200
437,199
436,199
429,192
429,190
428,189
428,187
427,186
427,182
424,179
424,177
423,176
423,175
422,174
422,172
414,164
414,162
413,161
413,160
406,153
405,153
404,152
403,152
402,151
401,151
394,144
393,144
392,143
390,143
386,139
385,139
384,138
382,138
381,137
380,137
379,136
378,136
376,134
375,134
374,133
373,133
371,131
370,131
369,130
367,130
366,129
364,129
363,128
360,128
358,126
356,126
355,125
352,125
351,124
349,124
348,123
343,123
341,121
339,121
338,120
332,120
331,119
329,119
328,118
320,118
318,116
316,116
315,115
299,115
298,114
296,114
295,113
289,113
