789
226,21
225,22
223,22
222,23
221,23
218,26
217,26
214,29
214,30
213,31
213,32
210,35
209,35
209,36
208,37
208,38
205,41
205,42
204,43
204,44
203,45
203,46
200,49
200,50
199,51
199,52
198,53
198,54
196,56
196,57
195,58
195,60
194,61
194,62
193,63
193,65
192,66
192,74
191,75
191,77
190,78
190,79
189,80
189,81
187,83
187,84
186,85
186,86
185,87
185,88
184,89
184,91
183,92
183,93
182,94
182,95
181,96
181,98
180,99
180,101
179,102
179,104
178,105
178,110
177,111
177,130
178,131
178,148
176,150
175,150
174,151
172,151
171,152
170,152
169,153
168,153
167,154
166,154
164,156
163,156
162,157
161,157
160,158
158,158
157,159
147,159
146,158
144,158
143,157
140,157
139,158
137,158
136,159
135,159
134,160
133,160
132,161
131,161
123,169
122,169
121,170
119,170
118,171
117,171
116,172
115,172
114,173
113,173
112,174
110,174
109,175
108,175
105,178
104,178
100,182
99,182
84,197
84,198
79,203
79,204
78,205
78,206
75,209
75,210
73,212
73,213
72,214
72,215
71,216
71,217
70,218
70,221
69,222
69,225
70,226
70,228
71,229
71,230
72,231
72,243
73,244
73,246
74,247
74,248
75,249
75,250
76,251
76,252
81,257
82,257
83,258
84,258
86,260
87,260
91,264
93,264
94,265
96,265
100,269
101,269
104,272
105,272
108,275
108,276
111,279
112,279
115,282
117,282
118,283
120,283
121,284
123,284
124,285
125,285
126,286
127,286
128,287
129,287
130,288
131,288
132,289
133,289
137,293
139,293
140,294
143,294
144,295
145,295
146,296
148,296
149,297
151,297
156,302
156,303
157,304
157,306
158,307
158,308
159,309
159,310
160,311
160,312
161,313
161,314
164,317
164,318
166,320
166,321
168,323
168,324
170,326
170,327
171,328
171,329
174,332
174,333
175,334
175,335
178,338
178,339
179,339
184,344
185,344
191,350
191,351
192,352
192,353
194,353
196,355
197,355
204,362
204,363
207,366
207,367
208,368
208,376
206,378
206,379
204,381
202,381
201,382
199,382
197,384
196,384
188,392
188,393
187,394
187,395
186,396
186,401
187,402
189,402
192,405
193,405
196,408
198,408
199,409
220,409
221,408
223,408
224,407
226,407
227,406
229,406
230,405
232,405
233,404
234,404
235,403
236,403
237,402
239,402
240,401
247,401
248,402
252,402
253,403
258,403
259,404
261,404
262,405
263,405
264,406
265,406
266,407
267,407
268,408
269,408
270,409
272,409
273,410
274,410
276,412
277,412
278,413
280,413
281,414
282,414
283,415
285,415
286,416
287,416
291,420
291,421
292,422
292,423
293,424
293,425
295,427
295,428
296,429
296,430
299,433
299,436
300,437
300,449
301,450
301,452
302,453
302,485
301,486
301,487
300,488
300,491
299,492
299,499
298,500
298,518
299,519
299,523
300,524
300,527
301,528
301,529
302,530
302,531
303,532
311,532
312,531
316,531
317,530
318,530
319,529
321,529
322,528
324,528
325,527
326,527
329,524
330,524
333,521
334,521
334,519
335,518
335,517
336,516
336,515
337,514
337,513
338,512
338,511
339,510
339,509
340,508
340,506
341,505
341,499
342,498
342,481
341,480
341,474
340,473
340,464
341,463
341,413
342,412
342,403
343,402
343,400
344,399
344,397
345,396
345,395
346,394
346,393
351,388
352,388
355,385
355,384
357,382
357,381
363,375
364,375
365,374
367,374
368,373
370,373
371,372
373,372
374,371
375,371
376,372
377,372
379,374
381,374
382,375
383,375
384,376
385,376
386,377
394,377
395,378
398,378
403,383
403,387
401,389
401,390
396,395
396,396
390,402
390,403
389,404
389,405
388,406
388,407
386,409
386,410
385,411
385,412
384,413
384,415
383,416
383,419
384,420
384,422
385,423
385,428
386,429
386,432
387,433
387,434
388,435
389,435
390,436
403,436
404,435
406,435
407,434
409,434
410,433
411,433
412,432
413,432
414,431
415,431
417,429
418,429
419,428
421,428
422,427
428,427
430,425
431,425
432,424
433,424
434,423
435,423
435,422
438,419
438,418
441,415
441,414
442,413
442,411
443,410
443,409
444,408
444,407
445,406
445,404
446,403
446,402
447,401
447,400
448,399
448,398
450,396
450,395
454,391
454,390
456,388
456,387
460,383
461,383
462,382
463,382
464,381
465,381
466,380
467,380
468,379
469,379
470,378
471,378
472,377
473,377
476,374
477,374
477,373
483,367
483,366
486,363
486,362
488,360
488,359
489,358
489,357
490,356
490,355
491,354
491,352
492,351
492,350
493,349
493,348
495,346
495,344
496,343
496,341
498,339
498,336
499,335
499,334
500,333
500,332
501,331
501,330
502,329
502,328
503,327
503,326
504,325
504,324
505,323
505,321
506,320
506,318
507,317
507,316
508,315
508,314
510,312
510,311
511,310
511,309
512,308
512,306
513,305
513,303
514,302
514,301
515,300
515,297
516,296
516,272
515,271
515,255
514,254
514,252
513,251
513,247
512,246
512,240
511,239
511,232
510,231
510,230
508,228
508,227
507,226
507,225
505,223
505,222
504,221
504,220
503,219
503,218
500,215
500,214
498,212
498,210
495,207
495,206
490,201
490,200
486,196
485,196
478,189
477,189
476,188
475,188
473,186
472,186
471,185
470,185
467,182
466,182
465,181
463,181
462,180
461,180
460,179
459,179
456,176
455,176
453,174
452,174
451,173
450,173
449,172
448,172
447,171
446,171
445,170
444,170
443,169
442,169
441,168
439,168
438,167
435,167
434,166
432,166
431,165
429,165
428,164
424,164
423,163
421,163
420,162
418,162
417,161
414,161
413,160
411,160
410,159
409,159
408,158
407,158
406,157
403,157
402,156
386,156
385,157
377,157
376,158
374,158
373,159
371,159
370,160
366,160
365,161
363,161
361,163
359,163
358,164
355,164
354,165
353,165
352,166
350,166
349,167
346,167
345,168
344,168
343,169
342,169
341,170
340,170
339,171
338,171
337,172
336,172
335,173
334,173
333,174
332,174
331,175
330,175
328,177
327,177
326,178
325,178
324,179
322,179
321,180
319,180
318,181
315,181
314,182
313,182
312,183
311,183
310,184
308,184
307,185
305,185
304,186
303,186
302,187
273,187
272,188
247,188
245,186
245,185
244,184
244,181
243,181
242,180
241,180
240,179
239,179
238,178
237,178
236,177
236,176
235,175
235,173
236,172
236,169
237,168
237,166
238,165
238,164
239,163
239,162
240,161
240,158
241,157
241,155
242,154
242,150
243,149
243,129
244,128
244,127
245,126
245,125
246,124
246,122
247,121
247,118
248,117
248,116
249,115
249,113
250,112
250,108
251,107
251,83
250,82
250,74
249,73
249,63
248,62
248,60
247,59
247,54
246,53
246,42
245,41
245,39
244,38
244,34
242,32
242,31
241,30
241,29
240,28
239,28
236,25
236,24
235,24
234,23
233,23
232,22
230,22
229,21
226,21
