1122
419,22
418,23
414,23
413,24
411,24
410,25
409,25
408,26
407,26
406,27
397,27
396,28
394,28
393,29
392,29
388,33
388,34
382,40
381,40
379,42
378,42
377,43
376,43
375,44
374,44
373,45
373,46
370,49
369,49
367,51
366,51
365,52
364,52
354,62
353,62
349,66
349,67
343,73
342,73
338,77
338,78
337,79
337,80
333,84
332,84
329,87
329,88
328,89
328,90
325,93
325,94
322,97
321,97
320,98
320,99
318,101
318,102
316,104
316,105
312,109
311,109
311,110
310,111
310,112
308,114
308,115
305,118
305,119
304,120
304,122
296,130
296,131
295,132
295,133
290,138
289,138
289,139
288,140
288,141
285,144
285,145
279,151
279,152
276,155
276,156
274,158
274,159
272,161
272,162
271,163
271,164
269,166
268,166
268,167
266,169
266,170
264,172
264,173
263,174
263,175
262,176
262,177
257,182
257,183
256,184
256,186
253,189
253,190
251,192
251,194
250,195
250,196
248,198
247,198
247,199
245,201
245,202
244,203
244,204
243,205
243,207
241,209
241,210
240,211
240,212
237,215
237,216
236,217
236,218
235,219
235,220
234,221
234,222
232,224
232,226
231,227
231,229
230,230
230,231
229,232
229,233
228,234
228,235
227,236
227,237
226,238
226,239
225,240
225,241
224,242
224,243
223,244
223,246
222,247
222,249
221,250
221,252
220,253
220,256
219,257
219,260
218,261
218,263
217,264
217,265
216,266
216,267
215,268
215,271
214,272
214,275
213,276
213,279
212,280
212,285
211,286
211,289
210,290
210,293
209,294
209,297
208,298
208,301
207,302
207,304
206,305
206,306
205,307
205,309
204,310
204,314
203,315
203,318
202,319
202,323
201,324
201,327
200,328
200,331
199,332
199,335
198,336
198,339
197,340
197,343
196,344
196,345
195,346
195,347
194,348
194,350
193,351
192,351
191,350
191,347
190,346
190,344
189,343
189,342
188,341
188,339
185,336
185,334
186,333
186,323
185,322
185,321
184,320
185,319
185,314
181,310
181,309
175,303
175,295
174,294
174,293
172,291
172,290
171,289
171,288
170,287
170,283
165,278
164,278
162,276
161,276
159,274
159,263
158,262
157,262
155,260
153,260
152,259
150,259
149,258
148,258
147,257
148,256
149,256
150,255
152,255
154,253
154,249
151,246
151,245
150,245
149,244
148,244
147,243
146,243
144,241
144,232
143,232
137,226
137,225
136,224
136,218
135,217
135,216
134,215
134,214
133,213
132,213
130,211
129,211
127,209
127,208
126,207
126,199
125,198
125,197
121,193
120,193
118,191
117,191
116,190
115,190
113,188
113,177
112,176
112,175
109,172
108,172
107,171
106,171
105,170
103,170
102,169
98,169
97,168
96,168
95,167
95,166
94,165
94,156
93,155
93,154
91,152
91,151
90,151
88,149
87,149
85,147
84,147
83,146
82,146
81,145
80,145
78,143
78,142
77,141
77,139
76,138
76,137
75,136
75,135
74,134
74,133
72,131
72,130
71,129
70,129
69,128
68,128
67,127
66,127
63,124
63,123
61,121
61,119
60,118
60,117
59,116
59,115
57,113
57,112
56,111
56,109
50,103
50,102
49,101
49,100
48,99
48,98
44,94
40,94
40,99
41,100
41,101
42,102
42,103
43,104
43,106
44,107
44,108
45,109
45,111
46,112
46,113
48,115
48,116
49,117
49,118
50,119
50,121
51,122
51,124
52,125
52,128
53,129
53,131
54,132
54,134
55,135
55,138
56,139
56,141
57,142
57,144
58,145
58,146
59,147
59,149
60,150
60,158
61,159
61,163
62,164
62,170
63,171
63,177
64,178
64,184
65,185
65,194
66,195
66,200
67,201
67,207
68,208
68,210
69,211
69,213
70,214
70,221
71,222
71,228
72,229
72,235
73,236
73,243
74,244
74,250
75,251
75,254
76,255
76,260
77,261
77,264
78,265
78,266
79,267
79,271
80,272
80,277
81,278
81,281
82,282
82,284
83,285
83,289
84,290
84,293
85,294
85,296
86,297
86,302
87,303
87,305
88,306
88,309
89,310
89,313
88,314
83,314
82,315
78,315
77,316
74,316
73,317
72,317
70,319
69,319
68,320
67,320
63,324
63,325
62,326
62,327
61,328
61,330
60,331
60,343
58,345
58,346
57,347
57,348
56,349
56,350
55,351
55,353
54,354
54,357
53,358
53,363
54,364
54,366
57,366
58,365
59,365
61,363
62,363
63,362
64,362
65,361
65,359
67,357
68,357
69,356
70,357
71,357
73,359
73,370
72,371
72,379
71,380
71,428
72,429
72,437
73,438
73,441
74,442
74,446
75,447
75,449
76,450
76,452
77,453
77,454
79,456
79,457
80,458
80,459
81,460
81,461
82,462
82,463
83,464
83,465
84,466
84,467
85,468
85,469
88,472
88,473
89,473
95,479
95,480
99,484
100,484
105,489
105,490
109,494
110,494
113,497
114,497
120,503
121,503
122,504
123,504
124,505
125,505
127,507
128,507
129,508
131,508
133,510
134,510
136,512
138,512
139,513
142,513
143,514
148,514
149,515
164,515
165,516
173,516
174,517
175,517
177,519
177,521
178,522
178,523
179,524
179,525
180,526
180,527
182,529
182,530
183,531
183,533
184,534
184,536
185,537
185,538
188,541
188,542
189,543
189,544
192,547
192,548
193,549
193,550
195,550
196,551
197,551
202,556
202,557
203,557
204,558
210,558
211,557
212,557
216,553
218,553
221,556
223,556
224,557
233,557
233,556
238,551
238,545
236,545
235,544
233,544
230,541
230,540
229,539
229,538
228,538
226,536
226,535
225,534
225,525
224,525
223,524
222,524
218,520
218,518
217,518
214,515
214,514
213,513
213,512
212,511
212,507
214,505
217,505
218,504
221,504
222,503
224,503
225,502
226,502
227,501
229,501
230,500
231,500
232,499
233,499
234,498
236,498
237,497
241,497
242,496
245,496
246,495
251,495
252,494
254,494
256,492
257,492
258,491
259,491
260,492
262,492
263,493
264,493
267,496
269,496
270,497
271,497
276,502
277,502
279,504
281,504
282,505
283,505
284,506
285,506
287,508
288,508
289,509
290,509
293,512
294,512
295,513
296,513
297,514
298,514
299,515
301,515
302,516
303,516
304,517
305,517
306,518
307,518
309,520
310,520
311,521
312,521
313,522
314,522
315,523
317,523
318,524
319,524
320,525
322,525
323,526
326,526
327,527
328,527
329,528
332,528
333,529
336,529
337,530
339,530
340,531
341,531
342,532
344,532
345,533
347,533
348,534
351,534
352,535
370,535
370,531
373,528
376,528
376,524
373,521
372,521
371,520
370,520
369,519
367,519
366,518
362,518
361,517
358,517
357,516
353,516
352,515
349,515
348,514
347,514
346,513
347,512
352,512
353,513
357,513
358,514
371,514
371,504
370,504
369,503
366,503
365,502
360,502
359,501
357,501
355,499
353,499
352,498
345,498
344,497
336,497
335,496
330,496
329,495
326,495
325,494
322,494
321,493
319,493
318,492
315,492
314,491
310,491
309,490
308,490
307,489
305,489
304,488
303,488
302,487
301,487
300,486
300,485
299,484
299,482
298,482
297,481
295,481
294,480
289,480
288,479
287,479
286,478
285,478
284,477
281,477
280,476
278,476
277,475
276,475
275,474
272,474
271,473
268,473
267,472
265,472
263,470
263,467
266,464
267,464
268,463
275,463
276,462
277,462
280,459
281,459
282,458
285,458
286,457
287,457
288,456
290,456
291,455
292,455
292,453
294,451
295,451
296,450
300,450
301,449
303,449
304,448
305,448
305,447
307,445
307,443
309,441
310,441
311,440
314,440
315,439
316,439
317,438
318,438
323,433
323,432
325,430
326,430
327,429
329,429
330,428
333,428
334,427
336,427
336,426
338,424
338,422
341,419
343,419
344,418
346,418
347,417
348,417
348,416
351,413
351,408
352,407
352,406
354,404
355,404
357,402
359,402
361,400
362,400
364,398
365,398
366,397
367,397
367,385
369,383
370,383
372,381
373,381
374,380
375,380
376,379
378,379
380,377
381,377
383,375
383,370
384,369
384,368
387,365
389,365
390,364
390,363
395,358
395,351
394,350
394,349
393,348
393,346
395,344
396,344
397,343
399,343
399,342
403,338
403,330
401,328
401,327
403,325
404,325
411,318
411,311
410,310
410,309
409,308
414,303
415,303
418,300
418,299
419,298
419,294
417,292
417,291
423,285
423,279
422,278
422,277
421,277
419,275
419,274
421,272
422,272
423,271
424,271
425,270
426,270
427,269
428,269
431,266
431,260
427,256
426,256
424,254
428,250
430,250
431,249
432,249
433,248
434,248
437,245
437,238
435,236
435,235
434,234
434,233
436,231
437,231
438,230
439,230
440,229
441,229
443,227
443,218
442,217
441,217
440,216
439,216
438,215
438,213
440,211
442,211
444,209
445,209
448,206
448,199
446,197
446,196
444,194
444,193
443,192
443,190
452,181
452,180
454,178
454,169
451,166
450,166
449,165
447,165
446,164
445,164
443,162
443,161
450,154
451,154
451,153
457,147
457,146
458,145
458,144
459,143
459,135
458,135
457,134
455,134
454,133
451,133
450,132
446,132
445,131
445,130
448,127
449,127
450,126
451,126
455,122
455,121
461,115
462,115
464,113
464,111
465,110
465,109
466,108
466,102
462,98
460,98
459,97
456,97
455,96
448,96
447,95
447,94
449,92
451,92
453,90
453,89
461,81
462,81
463,80
463,78
464,77
464,69
462,69
461,68
459,68
458,67
456,67
455,66
452,66
451,67
449,67
448,68
444,68
443,69
439,69
438,68
438,67
442,63
442,62
444,60
444,58
445,57
445,56
447,54
447,52
449,50
449,49
450,48
450,39
448,39
447,38
444,38
443,39
439,39
438,40
435,40
434,41
432,41
431,42
429,42
428,43
426,43
425,44
421,44
420,43
420,42
422,40
422,39
423,38
423,36
424,35
424,33
425,32
425,23
423,23
422,22
