1206
404,23
401,26
400,26
395,31
395,33
394,34
394,36
393,37
393,38
392,39
392,40
391,41
391,43
389,45
389,46
388,47
388,48
387,49
387,50
386,51
386,53
385,54
385,55
384,56
384,58
383,59
383,60
382,61
382,63
381,64
381,66
380,67
380,69
379,70
379,71
378,72
378,73
377,74
376,74
373,71
373,70
372,69
372,59
373,58
373,57
374,56
374,54
377,51
378,51
379,50
379,44
377,44
376,43
375,43
374,44
372,44
369,47
368,47
368,48
363,53
363,54
361,56
361,58
360,59
360,64
359,65
359,66
360,67
360,71
361,72
361,74
362,75
362,77
363,78
363,79
364,80
364,82
365,83
365,94
364,95
361,95
360,94
359,94
358,93
357,93
352,88
351,88
347,84
347,83
346,82
346,80
342,76
342,74
338,70
338,68
336,66
336,65
335,64
335,58
332,58
331,59
331,60
330,61
330,62
329,63
329,65
328,66
328,74
329,75
329,77
330,78
330,79
331,80
331,81
334,84
334,86
335,87
335,88
336,89
336,90
337,91
337,92
338,93
338,94
339,95
339,96
340,96
347,103
349,103
350,104
351,104
356,109
356,111
357,112
357,113
358,114
358,127
357,128
357,129
356,130
356,131
353,134
353,136
352,137
352,142
351,143
351,146
350,147
350,153
349,154
349,185
350,186
350,188
351,189
351,190
352,191
352,192
355,195
355,196
357,198
357,199
359,201
359,202
361,204
361,205
359,207
359,209
358,210
358,212
359,213
359,215
360,216
364,216
365,217
366,217
367,218
370,218
371,219
372,219
373,220
375,220
376,221
377,221
378,222
378,223
379,224
379,226
380,227
393,227
394,226
395,226
396,225
401,225
402,226
403,226
404,227
406,227
408,229
411,229
412,230
413,230
416,233
416,234
417,235
417,244
414,247
398,247
397,248
395,248
394,249
390,249
389,250
387,250
385,252
369,252
365,248
363,248
362,247
359,247
358,246
357,246
356,245
355,245
354,244
353,244
352,243
351,243
347,239
346,239
345,238
344,238
343,237
340,237
339,236
333,236
332,235
330,235
329,234
303,234
302,235
300,235
299,236
240,236
239,235
237,235
236,234
170,234
169,233
167,233
166,232
159,232
158,231
156,231
155,230
139,230
138,231
136,231
135,232
131,232
130,233
123,233
122,234
119,234
118,235
117,235
116,236
104,236
103,235
96,235
95,234
88,234
87,235
85,235
77,243
76,243
75,244
74,244
71,247
71,249
70,250
71,251
71,253
75,253
76,254
77,254
78,255
78,257
79,258
79,271
80,272
80,289
81,290
81,292
82,293
82,294
83,295
83,296
84,297
84,299
85,300
85,302
86,303
86,305
87,306
87,309
88,310
88,311
89,312
89,314
90,315
90,318
91,319
91,340
88,343
88,344
87,345
87,346
82,351
81,351
81,353
80,354
80,355
75,360
75,361
74,362
74,363
72,365
72,366
69,369
68,369
64,373
64,374
63,375
63,376
61,378
61,379
60,380
60,381
59,382
59,383
58,384
58,386
57,387
57,397
56,398
56,415
55,416
55,421
54,422
54,425
53,426
53,436
52,437
52,450
51,451
51,452
50,453
50,456
49,457
49,468
48,469
48,485
47,486
47,487
46,488
46,490
45,491
45,493
46,494
46,496
47,497
47,498
56,498
57,499
58,499
59,500
64,500
65,501
66,501
67,502
77,502
77,486
76,485
76,483
75,483
74,482
73,482
72,481
72,480
71,479
71,430
72,429
72,428
73,427
73,417
74,416
74,415
75,414
75,412
77,410
77,408
78,407
78,406
79,405
79,403
83,399
84,399
86,397
86,395
90,391
91,391
93,389
95,389
98,392
98,394
99,395
99,397
114,412
114,413
115,414
115,415
124,424
124,425
125,426
125,427
130,432
130,433
133,436
133,437
139,443
139,444
140,445
140,447
147,454
147,455
149,457
149,458
150,459
150,460
154,464
154,472
155,473
155,475
157,477
157,483
154,486
154,490
155,490
158,493
158,494
164,494
165,495
169,495
170,494
171,494
172,493
188,493
188,489
187,488
187,480
179,472
179,471
178,470
178,469
177,468
177,460
174,457
174,456
173,455
173,453
172,453
167,448
167,446
166,445
166,444
164,442
164,441
161,438
161,437
155,431
155,430
151,426
151,425
147,421
147,420
146,419
146,418
145,418
143,416
142,416
136,410
136,409
132,405
132,404
131,403
131,396
132,395
132,394
155,371
155,369
156,368
156,367
159,364
160,364
161,363
162,363
163,364
164,364
165,365
166,365
169,368
171,368
172,369
174,369
175,370
177,370
178,371
179,371
180,372
182,372
183,373
185,373
186,374
194,374
195,375
197,375
198,376
234,376
235,375
236,375
237,374
252,374
253,373
254,373
255,372
265,372
266,373
267,373
268,374
268,376
267,377
267,378
266,379
266,381
265,382
265,392
263,394
263,396
262,397
262,400
261,401
261,404
260,405
260,409
259,410
259,412
258,413
258,417
257,418
257,420
256,421
256,424
255,425
255,427
253,429
253,431
252,432
252,433
251,434
251,436
250,437
250,438
244,444
244,445
241,448
241,449
239,451
239,452
238,453
238,454
230,462
230,463
229,464
229,465
228,466
228,467
225,470
225,471
224,472
224,474
222,476
222,477
220,479
220,481
219,482
219,487
218,488
218,489
216,491
216,492
214,494
214,495
213,496
213,498
212,499
212,501
213,502
213,504
217,504
218,505
231,505
232,504
240,504
241,503
241,494
242,493
242,487
243,486
243,485
244,484
244,480
245,479
245,478
246,477
246,474
247,473
247,472
249,470
249,468
253,464
253,462
255,460
255,458
256,457
256,456
262,450
263,450
264,449
264,447
266,445
266,444
270,440
270,438
274,434
275,434
275,430
276,429
276,428
277,427
277,425
278,424
278,422
279,421
279,419
280,418
280,417
281,416
281,414
282,413
282,412
283,411
283,410
284,409
284,408
285,407
285,406
287,404
287,402
288,401
288,399
292,395
292,393
293,392
293,391
297,387
297,385
300,382
301,382
302,381
302,380
305,377
307,377
310,380
310,394
311,395
311,399
312,400
312,403
313,404
313,415
314,416
314,418
315,419
315,421
316,422
316,424
317,425
317,427
318,428
318,429
319,430
319,432
320,433
320,435
321,436
321,437
323,439
323,442
324,443
324,445
327,448
327,449
328,450
328,454
329,455
329,457
330,458
330,473
329,474
329,489
328,490
328,493
326,495
326,497
325,498
326,499
326,501
327,502
327,503
328,504
328,505
332,509
340,509
341,510
349,510
350,509
351,510
356,510
358,508
358,507
359,506
359,496
358,495
358,494
357,493
356,493
351,488
351,486
350,485
350,484
349,483
349,481
348,480
348,477
347,476
347,474
346,473
346,467
345,466
345,432
344,431
344,429
343,428
343,427
342,426
342,414
341,413
341,412
340,411
340,383
341,382
341,380
342,379
342,377
345,374
346,374
346,373
349,370
350,370
352,368
354,368
359,363
360,363
363,360
364,360
365,359
366,359
367,358
368,358
369,357
370,357
371,356
373,356
375,354
376,354
377,353
378,353
380,351
381,351
384,348
386,348
388,346
389,346
390,345
392,345
394,343
396,343
397,342
398,342
399,341
400,341
403,338
405,338
407,336
408,336
411,333
413,333
414,332
415,332
416,331
417,331
418,330
420,330
421,329
422,329
423,328
424,328
425,327
427,327
429,325
431,325
432,324
434,324
437,321
438,321
439,320
440,320
441,319
442,319
443,318
447,318
449,316
450,316
451,315
452,315
454,313
457,313
458,312
463,312
464,311
466,311
467,310
469,310
470,309
473,309
474,308
477,308
478,307
492,307
493,308
494,308
495,309
498,309
499,310
500,310
502,312
502,313
504,313
507,316
511,316
514,313
516,313
517,312
518,312
521,309
522,309
522,308
526,304
526,302
527,301
527,300
528,299
528,286
521,279
519,279
518,278
515,278
513,276
513,275
512,274
511,274
510,273
509,273
508,272
507,272
506,271
504,271
503,270
502,270
501,269
500,269
497,266
496,266
495,265
494,265
492,263
491,263
490,262
489,262
488,261
487,261
486,260
485,260
484,259
483,259
482,258
481,258
480,257
479,257
477,255
476,255
475,254
474,254
470,250
470,248
471,247
472,247
473,246
482,246
486,242
488,242
491,239
492,239
492,238
498,232
498,230
514,214
516,214
518,212
520,212
521,211
523,211
524,210
531,210
531,208
534,205
535,205
535,200
534,199
534,198
531,195
530,195
527,192
527,191
526,190
526,183
521,183
519,185
519,186
518,187
518,189
517,190
517,193
515,195
513,195
512,194
511,194
510,193
509,193
505,189
504,189
501,186
501,185
499,185
498,184
496,184
495,185
493,185
493,186
490,189
487,189
486,188
486,187
485,186
485,185
486,184
486,183
487,182
487,175
483,175
483,176
479,180
478,180
475,177
475,176
474,175
474,170
475,169
475,164
474,163
474,162
469,162
468,163
468,164
467,165
467,166
465,168
465,170
464,171
464,188
463,189
463,190
462,191
462,192
459,195
459,196
458,197
458,198
454,202
453,202
452,203
451,203
450,204
449,204
448,205
447,205
444,208
443,208
442,209
441,209
440,210
433,210
429,206
428,206
425,203
425,202
424,201
424,200
425,199
425,198
426,197
426,195
427,194
427,193
429,191
429,189
430,188
430,187
431,186
431,184
433,182
433,180
437,176
437,174
438,173
438,172
440,170
440,169
444,165
444,163
445,162
445,161
453,153
454,153
457,150
457,148
458,147
458,146
466,138
467,138
468,137
468,135
469,134
469,133
474,128
474,126
481,119
481,117
487,111
487,109
488,108
488,107
489,106
489,105
494,100
494,98
495,97
495,96
496,95
496,93
498,91
498,79
497,79
493,75
493,74
492,73
492,72
493,71
493,70
494,69
494,65
492,63
492,61
489,58
489,56
484,51
481,51
481,53
480,54
480,58
481,59
481,61
482,62
482,75
479,78
474,78
473,77
473,76
472,75
472,46
473,45
473,44
474,43
474,37
473,36
469,36
468,37
468,38
467,39
467,40
465,42
465,43
464,44
464,45
463,46
463,48
462,49
462,55
461,56
461,58
460,59
460,74
459,75
459,76
458,77
458,78
456,80
454,80
453,79
452,79
451,78
450,78
448,76
448,74
447,73
447,72
446,71
446,69
437,60
437,59
436,58
436,57
435,56
435,54
433,52
433,50
431,48
431,46
430,45
430,44
429,43
429,40
425,40
424,41
423,41
422,42
421,42
419,44
419,45
414,50
413,50
407,56
407,58
406,59
406,60
405,61
403,61
401,59
401,58
400,57
400,50
401,49
401,48
403,46
403,44
404,43
404,42
405,41
405,39
407,37
407,33
408,32
408,31
409,30
409,23
404,23
