1110
40,24
39,25
38,25
37,26
37,28
36,29
36,36
37,37
37,60
38,61
38,65
39,66
39,67
40,68
40,69
41,70
41,73
42,74
42,76
43,77
43,78
44,79
44,81
46,83
46,84
47,85
47,86
48,87
48,89
50,91
50,92
51,93
51,95
53,97
53,98
55,100
55,102
57,104
57,105
59,107
59,108
60,109
60,110
61,110
63,112
63,113
67,117
67,118
84,135
82,137
81,136
80,136
78,134
77,134
75,132
73,132
72,131
71,131
70,130
69,130
67,128
66,128
64,126
63,126
61,124
60,124
58,122
58,121
47,110
46,110
42,106
41,106
40,105
38,105
37,106
36,106
35,107
35,108
34,109
34,111
33,112
33,117
34,118
34,121
35,122
35,127
36,128
36,129
37,130
37,133
38,134
38,135
39,136
39,137
40,138
40,139
41,140
41,141
42,142
42,143
43,144
43,145
44,145
46,147
46,148
49,151
49,152
58,161
59,161
68,170
70,170
71,171
72,171
76,175
77,175
78,176
79,176
80,177
80,178
81,179
82,179
86,183
87,183
90,186
93,186
94,187
95,187
97,189
98,189
100,191
102,191
103,192
104,192
106,194
108,194
109,195
110,195
111,196
112,196
113,197
114,197
117,200
115,202
114,202
113,201
107,201
106,200
99,200
98,199
95,199
94,198
93,198
92,197
90,197
89,196
87,196
86,195
79,195
78,196
77,196
75,198
75,200
74,201
74,202
75,203
75,206
76,207
76,210
77,211
77,212
80,215
80,216
82,218
82,219
90,227
91,227
92,228
92,229
93,230
94,230
98,234
99,234
100,235
101,235
104,238
106,238
107,239
109,239
110,240
113,240
114,241
115,241
116,242
117,242
118,243
120,243
121,244
125,244
126,245
130,245
131,246
133,246
134,247
141,247
142,248
152,248
153,249
154,248
167,248
168,247
169,248
172,248
173,249
173,250
172,251
171,251
170,252
169,252
168,253
166,253
165,254
164,254
162,256
161,256
160,257
157,257
156,258
155,258
154,259
153,259
152,260
148,260
147,261
145,261
144,262
144,264
143,265
143,266
144,267
144,270
148,274
149,274
150,275
151,275
153,277
155,277
156,278
158,278
159,279
160,279
161,280
163,280
164,281
169,281
170,282
183,282
185,284
185,285
184,286
182,286
181,287
178,287
177,288
175,288
174,289
174,290
173,291
173,292
172,293
172,298
174,300
174,302
175,303
175,305
179,309
179,310
183,314
184,314
185,315
186,315
187,316
189,316
190,317
191,317
193,319
194,319
195,320
198,320
199,321
201,321
203,323
205,323
206,324
207,324
208,325
209,325
210,326
212,326
213,327
215,327
216,328
218,328
219,329
220,329
222,331
222,336
223,337
223,338
224,339
224,342
225,343
225,346
226,347
226,348
227,349
227,350
229,352
229,353
231,355
231,357
223,365
222,365
219,368
217,368
214,371
212,371
211,372
209,372
208,373
207,373
206,374
205,374
204,375
202,375
201,376
197,376
196,377
194,377
193,378
190,378
189,379
188,379
187,380
183,380
182,381
177,381
176,382
173,382
172,383
168,383
167,384
162,384
161,385
157,385
156,386
154,386
153,387
150,387
149,388
144,388
143,389
138,389
137,390
133,390
132,391
129,391
128,392
123,392
122,393
117,393
116,394
111,394
110,395
108,395
106,397
105,397
104,398
102,398
101,399
99,399
98,400
98,401
97,402
97,403
96,404
97,405
97,407
98,408
98,409
99,409
101,411
102,411
104,413
108,413
109,414
111,414
114,417
114,418
118,422
120,422
121,423
122,423
123,424
129,424
135,430
136,430
137,431
138,431
139,432
142,432
143,433
151,433
152,434
154,434
155,433
157,433
162,438
162,439
164,441
165,441
169,445
175,445
176,446
179,446
180,445
184,445
185,444
188,444
189,443
194,443
195,442
196,442
197,441
204,441
205,440
212,440
213,439
216,439
217,438
219,438
220,437
221,437
222,436
227,436
228,435
232,435
233,434
236,434
237,433
239,433
240,432
243,432
244,431
247,431
249,429
252,429
253,428
256,428
257,427
259,427
260,426
261,426
263,424
265,424
266,423
268,423
271,420
272,420
273,419
275,419
276,420
281,420
282,421
287,421
288,422
297,422
298,423
311,423
312,422
327,422
328,421
344,421
345,420
347,420
348,421
349,420
350,421
351,420
357,420
358,419
362,419
363,418
370,418
371,417
375,417
376,416
377,416
378,415
385,415
386,414
389,414
390,413
392,413
393,412
394,412
396,410
398,410
399,409
401,409
402,408
403,408
404,407
407,407
408,406
411,406
412,405
415,405
416,404
417,404
419,402
421,402
422,401
424,401
425,400
427,400
428,399
429,399
430,398
432,398
433,397
434,397
436,395
437,395
438,394
439,394
441,392
442,392
443,391
445,391
448,388
449,388
450,387
451,387
455,383
456,383
458,381
459,381
461,379
462,379
464,377
465,377
466,376
467,376
471,372
472,372
473,371
474,371
478,367
480,367
484,363
485,363
507,341
507,340
513,334
514,334
518,330
519,330
520,329
521,329
524,326
525,326
526,325
527,325
528,324
529,324
530,323
531,323
533,321
535,321
536,320
537,320
538,319
541,319
542,318
545,318
546,317
551,317
552,316
559,316
560,315
561,316
562,316
563,315
566,315
568,313
568,303
567,302
567,301
566,300
566,298
563,295
561,295
560,294
558,294
557,293
556,293
555,292
554,292
553,291
550,291
549,290
547,290
545,288
544,288
543,287
542,287
541,286
541,285
540,284
540,283
537,280
537,279
529,271
527,271
526,270
525,270
524,269
522,269
521,268
520,268
517,265
515,265
514,264
513,264
511,262
507,262
505,260
507,258
508,258
509,257
510,257
514,253
516,253
517,252
518,252
519,251
520,251
522,249
523,249
530,242
531,242
534,239
535,239
540,234
541,234
556,219
556,218
558,216
558,215
559,214
559,213
561,211
561,210
562,209
562,208
564,206
564,205
565,204
565,202
566,201
566,200
567,199
567,198
569,196
569,194
570,193
570,192
571,191
571,190
573,188
573,186
574,185
574,182
575,181
575,178
576,177
576,171
577,170
577,165
578,164
578,135
577,134
577,121
576,120
576,114
575,113
575,108
574,107
574,101
573,100
573,97
572,96
572,94
571,93
571,92
570,91
570,88
569,87
569,84
568,83
568,81
567,80
567,79
566,78
566,77
565,76
565,75
564,74
564,72
562,70
562,69
561,68
561,67
558,64
558,63
556,61
555,62
552,62
551,63
550,63
549,64
549,74
550,75
550,78
547,81
545,79
545,78
543,76
542,76
540,74
540,73
539,72
538,72
535,69
530,69
529,70
529,71
528,72
528,77
529,78
529,82
530,83
530,85
531,86
531,89
532,90
532,92
531,93
530,93
528,91
528,90
519,81
518,81
517,80
514,80
513,79
512,80
510,80
508,82
508,88
509,89
509,90
510,91
510,94
512,96
510,98
509,98
507,96
506,96
505,95
504,95
503,94
500,94
499,93
498,93
497,94
494,94
494,102
495,103
495,105
496,106
496,107
498,109
498,111
499,112
499,114
500,115
500,116
501,117
501,120
499,122
498,121
496,121
495,120
493,120
492,119
490,119
488,117
487,118
486,117
485,117
484,116
477,116
477,117
475,119
475,126
474,127
474,134
475,135
475,138
476,139
476,141
471,146
470,146
467,149
467,150
465,152
465,153
463,155
463,156
462,157
462,158
461,159
461,160
460,161
460,163
459,164
459,165
458,166
458,168
456,170
456,172
455,173
455,175
454,176
454,181
453,182
453,183
452,184
452,186
451,187
451,189
450,190
450,191
449,192
448,192
446,194
446,195
445,196
444,196
442,198
442,199
437,204
437,205
430,212
430,213
429,214
429,215
426,218
426,219
425,220
425,221
422,224
422,225
420,227
420,228
417,231
417,232
416,233
416,234
411,239
410,239
408,241
408,242
407,243
406,243
404,245
403,245
401,247
400,247
399,248
398,248
395,251
394,251
393,252
392,252
391,253
390,253
383,260
383,261
381,263
379,263
378,262
377,262
376,261
375,261
374,260
373,260
370,257
369,257
364,252
363,252
356,245
355,245
342,232
341,232
340,231
340,230
335,225
335,224
334,224
332,222
332,221
325,214
325,213
324,212
324,211
322,209
322,208
319,205
319,204
318,203
318,201
311,194
311,192
307,188
307,187
306,186
306,185
304,183
304,182
302,180
302,178
301,177
301,176
298,173
298,172
296,170
296,168
293,165
293,164
292,163
292,162
291,161
290,161
289,160
289,159
288,158
288,156
284,152
284,150
280,146
280,145
279,144
278,144
277,143
277,142
273,138
272,138
270,136
269,136
266,133
262,133
261,132
254,132
253,131
249,131
248,130
244,130
243,129
240,129
239,128
236,128
235,127
229,127
228,126
222,126
221,125
218,125
217,124
211,124
210,123
201,123
200,122
195,122
193,120
192,120
191,119
189,119
188,118
187,118
186,117
184,117
183,116
181,116
180,115
177,115
176,114
174,114
173,113
172,113
171,112
169,112
168,111
165,111
164,110
163,110
162,109
161,109
160,108
157,108
156,107
154,107
153,106
151,106
150,105
149,105
148,104
147,104
146,103
144,103
143,102
142,102
141,101
140,101
139,100
138,100
137,99
135,99
134,98
132,98
131,97
130,97
129,96
128,96
127,95
126,95
125,94
124,94
123,93
121,93
120,92
119,92
118,91
116,91
115,90
113,90
112,89
110,89
108,87
106,87
105,86
104,86
103,85
101,85
100,84
99,84
97,82
96,82
95,81
94,81
93,80
92,80
90,78
89,78
87,76
86,76
84,74
83,74
81,72
80,72
77,69
76,69
74,67
73,67
69,63
68,63
60,55
60,54
59,53
59,52
56,49
56,48
54,46
54,44
51,41
51,40
50,39
50,38
49,37
49,35
47,33
47,32
46,31
46,29
45,28
45,27
43,25
41,25
40,24
