807
214,45
213,46
211,46
210,47
209,47
208,48
207,48
202,53
201,53
191,63
191,64
185,70
185,71
182,74
182,75
179,78
179,79
176,82
176,83
174,85
174,86
172,88
172,89
170,91
170,92
168,94
168,95
166,97
166,98
164,100
164,101
162,103
162,104
160,106
160,107
158,109
158,110
155,113
155,114
153,116
153,117
150,120
150,121
145,126
145,127
144,128
144,130
143,131
143,134
142,135
142,139
141,140
141,142
140,143
140,145
139,146
139,147
138,148
138,149
137,150
137,151
134,154
133,154
132,155
131,155
130,156
120,156
119,157
114,157
113,158
110,158
109,159
108,159
107,160
106,160
105,161
104,161
103,162
102,162
99,165
98,165
93,170
92,170
78,184
78,185
72,191
72,192
68,196
68,197
65,200
65,201
63,203
63,204
60,207
60,208
58,210
58,211
56,213
56,214
54,216
54,217
52,219
52,220
50,222
50,223
49,224
49,225
47,227
47,228
46,229
46,230
45,231
45,232
44,233
44,234
43,235
43,236
42,237
42,238
41,239
41,240
40,241
40,243
39,244
39,245
38,246
38,248
37,249
37,252
36,253
36,256
35,257
35,260
34,261
34,266
33,267
33,287
34,288
34,291
35,292
35,293
36,294
36,295
39,298
39,299
48,308
49,308
53,312
54,312
56,314
57,314
59,316
60,316
62,318
63,318
64,319
65,319
66,320
67,320
68,321
69,321
70,322
72,322
73,323
74,323
75,324
77,324
78,325
81,325
82,326
85,326
86,327
101,327
102,328
104,328
105,329
106,329
107,330
108,330
112,334
112,335
113,336
113,337
114,338
114,344
115,345
115,351
116,352
116,355
117,356
117,359
118,360
118,363
119,364
119,366
120,367
120,368
121,369
121,371
122,372
122,373
124,375
124,376
125,377
125,378
127,380
127,381
129,383
129,384
131,386
131,387
134,390
134,391
137,394
137,395
142,400
142,401
162,421
163,421
167,425
168,425
171,428
172,428
174,430
175,430
177,432
178,432
179,433
180,433
186,439
186,440
187,441
187,442
188,443
188,448
187,449
187,451
186,452
186,453
185,454
185,455
184,456
184,457
183,458
183,459
182,460
182,461
175,468
174,468
168,474
167,474
162,479
161,479
155,485
154,485
144,495
144,497
143,498
143,504
144,505
144,507
146,509
166,509
167,508
171,508
172,507
175,507
176,506
178,506
179,505
181,505
182,504
184,504
185,503
187,503
199,491
199,490
201,488
201,486
202,485
202,484
203,483
203,482
204,481
204,480
205,479
205,478
206,477
206,476
207,475
207,474
208,473
208,472
211,469
212,469
213,468
216,468
217,469
218,469
219,470
220,470
222,472
223,472
224,473
225,473
227,475
239,475
241,473
242,473
244,471
245,471
247,469
248,469
253,464
254,464
260,458
260,457
267,450
268,450
269,449
275,449
276,450
278,450
279,451
281,451
282,452
284,452
285,453
287,453
288,454
290,454
291,455
293,455
294,456
297,456
298,457
315,457
316,458
319,458
320,459
323,459
324,460
326,460
327,461
328,461
329,462
331,462
332,463
333,463
334,464
335,464
336,465
337,465
341,469
341,474
340,475
340,476
335,481
334,481
332,483
331,483
328,486
327,486
324,489
323,489
316,496
316,498
315,499
315,505
316,506
316,508
321,513
323,513
324,514
360,514
361,513
362,513
363,512
364,512
365,511
367,511
368,510
371,510
372,509
376,509
377,508
380,508
381,507
385,507
386,506
391,506
392,505
398,505
399,504
405,504
406,503
412,503
413,502
420,502
421,501
427,501
428,500
433,500
434,499
438,499
439,498
442,498
443,497
445,497
446,496
448,496
462,482
462,481
472,471
473,471
475,469
476,469
479,466
480,466
482,464
483,464
486,461
487,461
490,458
491,458
503,446
504,446
505,445
506,445
507,444
508,444
509,443
514,443
515,444
516,444
517,445
518,445
519,446
533,446
535,444
536,444
539,441
540,441
546,435
547,435
554,428
554,427
559,422
559,421
561,419
561,418
562,417
562,415
563,414
563,392
562,391
562,389
560,389
559,388
555,388
554,389
551,389
550,390
549,390
547,392
546,392
544,394
543,394
540,397
539,397
537,399
536,399
535,400
529,400
528,399
527,399
523,395
523,394
522,393
522,392
521,391
521,390
520,389
520,387
519,386
519,382
518,381
518,366
517,365
517,353
516,352
516,344
515,343
515,336
514,335
514,328
513,327
513,320
512,319
512,312
511,311
511,306
510,305
510,301
509,300
509,298
508,297
508,295
507,294
507,292
506,291
506,289
504,287
504,286
501,283
501,282
497,278
497,277
482,262
481,262
475,256
474,256
470,252
469,252
466,249
465,249
462,246
461,246
459,244
458,244
456,242
455,242
453,240
452,240
451,239
450,239
448,237
447,237
446,236
445,236
444,235
443,235
442,234
441,234
440,233
439,233
438,232
437,232
436,231
435,231
434,230
433,230
432,229
431,229
430,228
428,228
427,227
426,227
425,226
424,226
423,225
421,225
420,224
419,224
418,223
416,223
415,222
413,222
412,221
411,221
410,220
408,220
407,219
405,219
404,218
402,218
401,217
400,217
399,216
397,216
396,215
394,215
393,214
391,214
390,213
388,213
387,212
384,212
383,211
381,211
380,210
378,210
377,209
375,209
374,208
371,208
370,207
368,207
367,206
364,206
363,205
361,205
360,204
357,204
356,203
353,203
352,202
349,202
348,201
344,201
343,200
340,200
339,199
336,199
335,198
331,198
330,197
327,197
326,196
322,196
321,195
303,195
302,196
297,196
296,197
293,197
292,198
289,198
288,199
285,199
284,200
282,200
281,201
279,201
278,202
276,202
275,203
274,203
273,204
271,204
270,205
269,205
268,206
266,206
265,207
264,207
263,208
262,208
261,209
259,209
258,210
257,210
256,211
254,211
253,212
252,212
251,213
249,213
248,214
247,214
246,215
245,215
244,216
242,216
241,217
240,217
239,218
237,218
236,219
233,219
232,218
231,218
230,217
229,217
228,216
227,216
226,215
225,215
224,214
223,214
222,213
221,213
220,212
219,212
216,209
216,208
215,207
215,206
214,205
214,204
213,203
213,202
212,201
212,193
213,192
213,188
214,187
214,184
215,183
215,180
216,179
216,177
217,176
217,173
218,172
218,170
219,169
219,167
220,166
220,164
221,163
221,162
222,161
222,159
223,158
223,157
224,156
224,154
225,153
225,152
226,151
226,150
227,149
227,147
228,146
228,145
229,144
229,143
230,142
230,141
231,140
231,138
232,137
232,136
233,135
233,134
234,133
234,132
235,131
235,130
236,129
236,127
237,126
237,125
238,124
238,123
239,122
239,121
240,120
240,119
241,118
241,117
242,116
242,114
243,113
243,112
244,111
244,110
245,109
245,108
246,107
246,106
247,105
247,104
248,103
248,102
249,101
249,99
250,98
250,97
251,96
251,95
252,94
252,93
253,92
253,91
254,90
254,88
255,87
255,86
256,85
256,67
255,66
255,62
254,61
254,59
252,59
251,58
244,58
243,59
240,59
239,60
231,60
230,59
229,59
225,55
225,54
224,53
224,52
223,51
223,50
221,48
221,47
220,46
218,46
217,45
214,45
