983
43,52
42,53
39,53
38,54
35,54
34,55
33,55
32,56
31,56
28,59
28,64
31,67
32,67
33,68
34,68
35,69
36,69
40,73
40,76
41,77
41,79
42,80
42,81
43,82
44,82
46,84
48,84
49,85
51,85
54,88
54,91
55,92
55,97
56,98
56,102
57,103
57,105
58,106
58,107
65,114
66,114
69,117
70,117
71,118
72,118
73,119
74,119
76,121
76,128
77,129
77,131
78,132
78,133
79,134
79,135
91,147
92,147
97,152
98,152
102,156
103,156
110,163
110,164
111,165
111,167
112,168
112,169
113,170
113,171
114,172
114,173
116,175
116,176
117,176
119,178
120,178
124,182
124,183
125,184
125,186
126,187
126,188
127,189
127,190
132,195
133,195
134,196
135,196
138,199
138,201
139,202
139,205
140,206
140,207
141,208
141,209
143,211
144,211
146,213
147,213
148,214
149,214
152,217
152,221
153,222
153,224
155,226
156,226
157,227
159,227
160,228
162,228
163,229
166,229
167,230
169,230
170,231
171,231
172,232
172,233
173,234
173,236
174,237
174,239
175,240
175,241
177,243
178,243
179,244
181,244
182,245
184,245
185,246
187,246
190,249
190,250
191,251
191,254
192,255
192,257
193,258
193,259
195,261
197,261
201,265
201,266
202,267
202,268
204,270
204,271
207,274
207,275
210,278
211,278
212,279
213,279
214,280
216,280
218,282
218,283
214,287
213,287
212,288
212,289
207,294
207,295
203,299
203,300
201,302
201,303
199,305
199,306
197,308
197,309
196,310
196,311
194,313
194,314
193,315
193,316
192,317
192,318
191,319
191,320
190,321
190,322
189,323
189,324
188,325
188,326
187,327
187,328
186,329
186,330
185,331
185,332
184,333
184,334
183,335
183,337
182,338
182,339
181,340
181,342
180,343
180,344
179,345
179,346
178,347
178,348
177,349
177,350
176,351
176,353
175,354
175,355
174,356
174,357
173,358
173,359
172,360
172,361
171,362
171,363
170,364
170,365
169,366
169,367
168,368
168,369
166,371
166,372
164,374
164,375
156,383
156,384
153,387
152,387
141,398
140,398
131,407
130,407
119,418
119,419
117,421
117,426
118,427
120,427
121,428
122,428
123,429
123,431
122,432
122,433
119,436
119,437
117,439
117,440
115,442
115,443
114,444
114,445
113,446
113,449
114,450
115,450
116,451
121,451
122,452
123,452
124,453
124,455
123,456
123,457
122,458
122,460
121,461
121,465
122,465
123,466
129,466
130,467
135,467
136,466
137,467
138,467
139,468
139,470
138,471
138,474
137,475
137,478
136,479
136,483
135,484
135,494
136,495
136,497
142,497
144,495
145,495
159,481
160,482
160,487
159,488
159,495
158,496
158,505
157,506
157,521
156,522
156,529
157,530
157,532
160,532
165,527
165,526
167,524
167,523
169,521
169,520
171,518
171,517
173,515
173,514
175,512
176,513
176,518
175,519
175,526
174,527
174,536
173,537
173,551
172,552
172,565
173,566
173,568
174,569
174,570
177,570
182,565
182,564
184,562
184,561
187,558
187,557
189,555
189,554
190,553
190,552
191,551
191,550
193,548
193,547
195,545
195,544
196,543
198,545
197,546
197,547
196,548
196,555
195,556
195,569
196,570
196,572
197,573
197,574
198,575
200,575
202,573
202,572
203,571
203,570
204,569
204,568
206,566
206,564
207,563
207,561
208,560
208,559
209,558
209,556
210,555
210,553
211,552
211,551
212,550
212,548
213,547
213,545
214,544
214,542
215,541
215,539
216,538
216,536
217,535
217,533
218,532
218,530
219,529
219,527
220,526
220,523
221,522
221,520
222,519
222,517
223,516
223,514
224,513
224,510
225,509
225,506
226,505
226,503
227,502
227,500
228,499
228,496
229,495
229,493
230,492
230,490
231,489
231,486
232,485
232,482
233,481
233,478
234,477
234,474
235,473
235,470
236,469
236,465
237,464
237,460
238,459
238,454
239,453
239,447
240,446
240,438
241,437
241,421
242,420
242,405
243,404
243,402
245,400
245,399
248,396
248,395
250,393
253,393
255,395
259,395
260,394
262,394
263,393
265,393
266,392
268,392
269,391
271,391
272,390
273,390
274,389
275,389
276,388
278,388
279,387
280,387
281,386
283,386
285,384
286,384
287,383
288,383
289,382
290,382
291,381
292,381
293,380
294,380
295,379
296,379
297,378
298,378
300,376
301,376
303,374
304,374
306,372
307,372
309,370
310,370
313,367
314,367
318,363
319,363
323,359
324,359
339,344
339,343
342,340
342,339
346,335
346,334
349,331
349,330
351,328
351,327
352,326
352,325
355,322
355,321
357,319
357,318
358,317
358,316
360,314
360,313
362,311
362,310
364,308
364,307
366,305
366,304
367,303
367,302
368,301
368,300
370,298
370,297
372,295
372,294
374,292
374,291
375,290
375,289
376,288
376,287
377,286
377,285
379,283
379,282
380,281
380,280
382,278
382,277
383,276
383,275
384,274
384,272
385,271
385,270
387,268
387,267
388,266
388,265
389,264
389,263
390,262
390,261
391,260
391,258
392,257
392,255
393,254
393,253
394,252
394,251
395,250
395,248
396,247
396,246
397,245
397,244
398,243
398,242
399,241
399,240
401,238
401,237
403,235
403,234
405,232
405,231
408,228
408,227
409,226
409,225
410,224
410,223
412,221
412,220
413,219
413,218
414,217
414,216
415,215
415,214
416,213
416,212
417,211
417,210
418,209
418,207
419,206
419,205
420,204
420,203
422,201
422,200
423,199
423,198
424,197
424,196
425,195
425,194
426,193
426,192
428,190
428,189
429,188
429,187
431,185
431,184
433,182
433,181
435,179
435,178
437,176
437,175
440,172
440,171
443,168
443,167
447,163
447,162
452,157
453,157
455,155
457,155
458,154
459,154
460,153
463,153
464,152
467,152
468,151
470,151
471,150
474,150
475,149
478,149
479,148
482,148
483,147
486,147
487,146
490,146
491,145
494,145
495,144
499,144
500,143
504,143
505,142
508,142
509,141
512,141
513,140
517,140
518,139
521,139
522,138
526,138
527,137
530,137
531,136
535,136
536,135
541,135
542,134
545,134
546,133
549,133
550,132
554,132
555,131
558,131
559,130
562,130
563,129
566,129
567,128
570,128
570,126
569,125
550,125
549,126
532,126
531,127
520,127
519,128
508,128
507,129
498,129
497,130
488,130
487,131
478,131
477,132
461,132
460,131
456,131
455,130
451,130
450,129
446,129
445,128
442,128
441,127
437,127
436,126
431,126
430,125
426,125
425,124
421,124
420,123
416,123
415,122
410,122
409,121
402,121
401,120
384,120
383,121
378,121
377,122
374,122
373,123
371,123
370,124
369,124
368,125
367,125
366,126
365,126
364,127
363,127
362,128
361,128
360,129
359,129
353,135
352,135
350,137
350,138
345,143
345,144
343,146
343,147
342,148
342,149
341,150
341,151
340,152
340,153
339,154
339,155
338,156
338,157
337,158
337,159
336,160
336,161
335,162
335,165
334,166
334,169
333,170
333,173
332,174
332,177
331,178
331,181
330,182
330,184
324,190
323,190
322,191
321,191
319,193
318,193
317,194
316,194
315,195
314,195
313,196
312,196
310,198
309,198
307,200
306,200
304,202
303,202
302,203
299,203
297,201
296,201
290,195
289,195
285,191
284,191
280,187
279,187
276,184
275,184
271,180
270,180
267,177
266,177
263,174
262,174
259,171
258,171
256,169
255,169
252,166
251,166
248,163
247,163
245,161
244,161
242,159
241,159
239,157
238,157
236,155
235,155
233,153
232,153
230,151
229,151
227,149
226,149
224,147
223,147
221,145
220,145
219,144
218,144
216,142
215,142
213,140
212,140
209,137
208,137
207,136
206,136
204,134
203,134
201,132
200,132
197,129
196,129
195,128
194,128
192,126
191,126
189,124
188,124
186,122
185,122
183,120
182,120
180,118
179,118
178,117
177,117
174,114
173,114
171,112
170,112
169,111
168,111
166,109
165,109
163,107
162,107
160,105
159,105
157,103
156,103
155,102
154,102
152,100
151,100
149,98
148,98
146,96
145,96
143,94
142,94
141,93
140,93
139,92
138,92
136,90
135,90
133,88
132,88
130,86
129,86
128,85
127,85
126,84
125,84
123,82
122,82
121,81
120,81
118,79
117,79
116,78
115,78
114,77
113,77
112,76
111,76
110,75
109,75
107,73
106,73
105,72
104,72
103,71
102,71
101,70
100,70
99,69
98,69
97,68
96,68
95,67
94,67
93,66
92,66
91,65
90,65
89,64
88,64
87,63
86,63
85,62
84,62
83,61
82,61
81,60
79,60
78,59
76,59
75,58
73,58
72,57
70,57
69,56
67,56
66,55
63,55
62,54
59,54
58,53
53,53
52,52
