1057
356,42
354,44
354,45
353,46
353,47
352,48
352,49
351,50
351,52
350,53
350,54
348,56
347,56
346,55
345,55
344,54
343,54
342,53
340,53
339,52
338,52
337,53
335,53
333,55
332,55
332,56
330,58
330,59
329,60
329,62
328,63
328,66
327,67
327,68
326,69
321,69
320,70
318,70
317,71
316,71
315,72
314,72
311,75
311,76
310,77
310,78
309,79
309,82
308,83
308,95
307,96
306,96
305,97
304,97
303,98
302,98
301,99
300,99
295,104
295,105
294,106
294,107
293,108
293,110
292,111
292,112
293,113
293,116
294,117
294,120
292,122
291,122
291,123
289,125
289,126
287,128
287,129
286,130
286,132
285,133
285,136
284,137
285,138
285,141
286,142
286,147
284,149
284,150
283,151
283,152
281,154
281,155
280,156
280,158
279,159
279,161
278,162
278,171
276,173
276,174
274,176
274,177
273,178
273,180
272,181
272,187
273,188
273,189
274,190
274,192
273,193
273,194
272,195
272,196
271,197
271,198
270,199
270,209
269,210
269,211
268,212
268,213
267,214
267,215
266,216
266,217
265,218
262,218
261,217
259,217
258,216
256,216
255,215
253,215
252,214
250,214
249,213
247,213
246,212
244,212
243,211
242,211
241,210
239,210
238,209
237,209
236,208
235,208
234,207
233,207
232,206
230,206
229,205
228,205
227,204
225,204
224,203
223,203
222,202
220,202
219,201
218,201
217,200
215,200
214,199
213,199
212,198
210,198
209,197
207,197
206,196
204,196
203,195
200,195
199,194
197,194
196,193
194,193
193,192
192,192
191,191
189,191
188,190
187,190
186,189
185,189
184,188
183,188
182,187
181,187
180,186
178,186
177,185
176,185
175,184
174,184
173,183
172,183
170,181
169,181
168,180
163,180
163,184
164,185
164,186
168,190
167,191
163,191
162,190
160,190
159,189
158,189
157,188
155,188
154,187
152,187
151,186
148,186
147,185
145,185
144,184
143,184
142,183
140,183
139,182
138,182
137,181
135,181
134,180
133,180
132,179
131,179
130,178
129,178
128,177
126,177
125,176
124,176
123,175
122,175
121,174
120,174
119,173
118,173
117,172
116,172
114,170
113,170
112,169
111,169
109,167
108,167
107,166
106,166
100,160
99,160
92,153
92,152
87,147
87,146
85,144
85,143
83,141
83,140
81,138
81,137
80,136
80,135
78,133
78,132
76,130
76,129
73,129
73,131
72,132
72,134
73,135
73,139
74,140
74,143
75,144
75,147
76,148
76,149
75,150
74,150
71,147
70,147
63,140
62,140
60,138
59,138
56,135
55,135
54,134
53,134
52,133
48,133
48,138
49,139
49,140
50,141
50,142
52,144
52,145
53,146
53,147
55,149
55,150
57,152
57,153
60,156
60,157
63,160
62,161
60,161
59,160
58,160
57,159
55,159
54,158
53,158
52,157
50,157
49,156
48,156
47,155
45,155
44,154
43,154
42,153
40,153
39,152
37,152
36,151
31,151
31,155
32,156
32,157
35,160
35,161
38,164
38,165
44,171
43,172
24,172
23,173
21,173
21,177
25,181
26,181
30,185
31,185
35,189
33,191
32,191
31,192
29,192
28,193
27,193
25,195
25,198
27,200
27,201
30,204
31,204
33,206
33,207
32,208
32,209
29,212
29,216
30,217
30,218
31,218
33,220
34,220
36,222
37,222
40,225
40,226
39,227
39,228
38,229
38,231
37,232
38,233
38,235
40,237
41,237
42,238
43,238
45,240
45,243
46,244
46,246
47,246
48,247
49,247
50,248
52,248
56,252
56,254
57,255
57,256
59,258
60,258
61,259
62,259
64,261
64,262
65,263
65,264
66,265
67,265
68,266
69,266
70,267
72,267
73,268
74,268
77,271
77,272
78,273
81,273
82,274
83,274
84,275
84,276
85,277
85,279
86,280
96,280
99,283
99,284
101,286
102,286
103,287
106,287
107,288
108,288
109,289
109,290
110,291
110,293
111,294
111,295
112,296
113,296
114,297
120,297
121,298
122,298
124,300
124,301
127,304
127,305
129,307
130,307
131,308
136,308
137,309
138,309
140,311
140,312
141,313
141,314
143,316
146,316
147,317
153,317
154,318
155,318
158,321
158,322
159,323
160,323
161,324
162,324
163,325
173,325
174,326
175,326
176,327
177,327
179,329
180,329
181,330
191,330
192,329
193,329
194,328
197,328
198,329
199,329
200,330
202,330
203,331
213,331
214,330
216,330
218,328
219,328
221,326
223,326
224,325
228,325
229,326
234,326
235,325
241,325
242,324
243,324
246,321
246,320
248,318
248,317
250,315
251,316
251,317
252,318
252,323
253,324
253,326
254,327
254,328
255,329
255,330
256,330
257,331
263,331
264,332
265,332
266,333
266,335
267,336
267,391
266,392
266,395
265,396
265,398
264,399
264,401
263,402
263,404
262,405
262,408
261,409
261,411
260,412
260,414
259,415
259,418
258,419
258,422
257,423
258,424
258,426
262,426
265,423
267,423
268,422
274,422
275,421
276,421
277,420
278,420
305,393
306,393
339,360
341,360
344,363
345,363
352,370
353,370
354,371
355,371
356,372
357,372
358,373
359,373
360,374
361,374
362,375
363,375
364,376
365,376
367,378
368,378
369,379
370,379
372,381
373,381
375,383
376,383
384,391
385,391
386,392
392,392
393,391
394,391
395,390
396,390
406,380
406,379
409,376
408,375
409,374
403,374
402,375
401,375
400,376
395,376
391,380
387,380
386,379
385,379
384,378
383,378
382,377
381,377
380,376
379,376
377,374
376,374
374,372
373,372
371,370
370,370
357,357
357,356
355,354
355,353
354,352
354,351
353,350
353,349
352,348
352,345
353,344
353,343
354,342
354,341
355,340
355,339
361,333
362,333
364,331
365,331
368,328
369,328
371,326
372,326
377,321
378,321
379,320
382,320
383,321
386,321
387,322
389,322
390,323
393,323
394,324
395,324
396,325
398,325
399,326
401,326
402,327
404,327
405,328
407,328
408,329
410,329
411,330
421,330
422,329
425,329
426,328
427,329
428,329
429,330
429,331
430,332
430,344
431,345
431,347
432,348
432,349
433,350
436,350
436,348
435,347
435,346
434,345
434,335
435,334
435,330
436,329
436,327
437,326
437,325
438,324
438,323
439,322
439,313
438,312
438,310
437,309
437,308
436,307
436,306
435,305
435,299
432,299
432,300
431,301
431,306
432,307
432,310
433,311
433,314
432,315
430,315
428,313
426,313
426,314
425,315
425,317
424,318
420,318
419,317
416,317
415,316
413,316
412,315
410,315
408,313
407,313
405,311
404,311
393,300
393,299
391,297
391,296
389,294
389,292
388,291
388,289
387,288
387,284
388,283
388,280
389,279
389,278
390,277
390,276
391,275
391,274
392,273
392,272
393,271
393,270
395,268
395,267
409,253
410,253
411,252
412,252
413,251
416,251
417,250
421,250
422,249
425,249
426,248
430,248
431,247
435,247
436,246
440,246
441,245
445,245
446,244
450,244
451,243
460,243
461,244
465,244
466,245
470,245
471,246
474,246
475,247
479,247
480,248
483,248
484,249
487,249
488,250
491,250
492,251
495,251
496,252
499,252
500,253
503,253
504,254
506,254
507,255
510,255
511,256
513,256
514,257
516,257
517,258
520,258
521,259
524,259
525,260
529,260
530,261
534,261
535,262
539,262
540,263
544,263
545,264
556,264
556,263
557,262
557,261
558,260
558,257
557,256
556,256
554,254
553,254
552,253
551,253
550,252
549,252
548,251
547,251
546,250
545,250
544,249
543,249
542,248
541,248
540,247
539,247
538,246
537,246
536,245
535,245
533,243
532,243
531,242
529,242
528,241
527,241
526,240
525,240
524,239
523,239
522,238
521,238
520,237
519,237
518,236
517,236
516,235
515,235
514,234
513,234
512,233
511,233
510,232
508,232
507,231
506,231
505,230
504,230
503,229
502,229
501,228
500,228
499,227
498,227
497,226
496,226
495,225
494,225
493,224
492,224
491,223
490,223
489,222
488,222
486,220
485,220
482,217
481,217
477,213
477,212
475,210
475,209
474,208
474,207
472,205
472,204
471,203
471,202
469,200
469,199
467,197
467,196
465,194
464,194
461,191
460,191
457,188
456,188
455,187
454,187
453,186
451,186
450,185
449,185
448,184
447,184
446,183
445,183
444,182
442,182
441,181
439,181
438,180
436,180
435,179
432,179
431,178
428,178
427,177
423,177
422,176
414,176
413,175
391,175
390,176
385,176
384,177
381,177
380,178
379,178
378,179
377,179
376,180
375,180
372,183
371,183
367,187
366,187
362,191
361,191
360,192
359,191
359,189
360,188
360,187
361,186
361,185
362,184
362,183
363,182
363,180
364,179
364,178
365,177
365,176
366,175
366,173
367,172
367,171
369,169
369,168
370,167
370,166
371,165
371,164
372,163
372,162
375,159
375,158
378,155
378,154
381,151
381,150
383,148
383,147
384,146
384,145
385,144
385,143
386,142
386,140
387,139
387,137
388,136
388,123
387,122
387,120
386,119
386,117
384,115
384,114
383,113
383,112
380,109
380,108
379,107
379,89
378,88
378,82
377,81
377,78
376,77
376,75
375,74
375,72
374,71
374,69
373,68
373,66
372,65
372,63
371,62
371,61
370,60
370,59
369,58
369,57
368,56
368,55
367,54
367,53
366,52
366,51
365,50
365,49
364,48
364,47
362,45
362,44
360,42
