1144
115,65
114,66
112,66
111,67
110,67
108,69
108,72
110,72
111,73
113,73
114,74
115,74
116,75
117,75
119,77
120,77
123,80
124,80
126,82
127,82
128,83
130,83
131,84
132,84
133,85
134,85
135,86
136,86
138,88
139,88
140,89
141,89
143,91
144,91
145,92
146,92
148,94
149,94
151,96
152,96
153,97
154,97
156,99
157,99
159,101
160,101
162,103
163,103
165,105
166,105
168,107
169,107
171,109
172,109
174,111
175,111
177,113
178,113
180,115
181,115
183,117
184,117
187,120
188,120
191,123
192,123
195,126
196,126
198,128
199,128
202,131
203,131
206,134
207,134
210,137
211,137
214,140
215,140
218,143
219,143
223,147
224,147
228,151
229,151
234,156
235,156
241,162
242,162
265,185
265,186
267,188
267,189
268,190
268,194
267,195
267,199
272,204
272,205
273,206
273,208
274,209
274,211
275,212
275,214
276,215
276,236
275,237
275,239
274,240
274,242
273,243
273,245
272,246
272,247
271,248
271,249
269,251
269,252
262,259
262,260
261,261
261,263
260,264
260,281
259,282
259,284
258,285
258,286
248,296
247,296
245,298
244,298
243,299
241,299
240,300
238,300
237,301
235,301
234,302
230,302
229,303
217,303
216,304
206,304
205,303
190,303
189,302
182,302
181,301
176,301
175,300
170,300
169,299
166,299
165,298
161,298
160,297
156,297
155,296
152,296
151,295
149,295
148,294
145,294
144,293
141,293
140,292
138,292
137,291
135,291
134,290
131,290
130,289
128,289
127,288
126,288
125,287
123,287
122,286
120,286
119,285
117,285
116,284
114,284
113,283
111,283
110,282
109,282
108,281
106,281
105,280
103,280
102,279
101,279
100,278
98,278
97,277
96,277
95,276
94,276
93,275
91,275
90,274
89,274
88,273
87,273
86,272
85,272
84,271
83,271
82,270
81,270
80,269
79,269
78,268
77,268
76,267
75,267
74,266
73,266
72,265
71,265
70,264
69,264
68,263
67,263
65,261
64,261
62,259
61,259
59,257
58,257
57,256
56,256
53,253
52,253
47,248
46,248
37,239
36,239
32,235
31,235
29,233
28,233
27,232
26,232
25,231
23,231
22,230
17,230
16,231
15,231
12,234
12,236
11,237
11,244
12,245
12,247
14,249
15,249
16,250
17,250
18,251
19,251
21,253
22,253
23,254
24,254
25,255
26,255
28,257
29,257
30,258
31,258
32,259
33,259
35,261
36,261
37,262
38,262
39,263
40,263
42,265
43,265
44,266
45,266
46,267
47,267
49,269
50,269
51,270
52,270
53,271
54,271
56,273
57,273
58,274
59,274
60,275
61,275
63,277
64,277
65,278
66,278
67,279
68,279
70,281
71,281
72,282
73,282
75,284
76,284
77,285
78,285
79,286
80,286
82,288
83,288
84,289
85,289
87,291
88,291
89,292
90,292
92,294
93,294
94,295
95,295
97,297
98,297
99,298
100,298
102,300
103,300
104,301
105,301
107,303
108,303
109,304
110,304
112,306
113,306
115,308
116,308
117,309
118,309
120,311
121,311
122,312
123,312
125,314
126,314
128,316
129,316
131,318
132,318
134,320
135,320
137,322
138,322
140,324
141,324
143,326
144,326
147,329
148,329
154,335
154,339
153,340
153,341
151,343
151,344
147,348
147,349
129,367
128,367
121,374
120,374
115,379
114,379
109,384
108,384
105,387
104,387
100,391
99,391
96,394
95,394
91,398
90,398
87,401
86,401
83,404
82,404
79,407
78,407
76,409
75,409
72,412
71,412
68,415
67,415
65,417
64,417
61,420
60,420
57,423
56,423
54,425
53,425
50,428
49,428
47,430
46,430
44,432
43,432
41,434
40,434
37,437
36,437
34,439
33,439
31,441
30,441
28,443
28,446
29,447
29,448
33,448
34,447
35,447
36,446
37,446
38,445
39,445
40,444
41,444
42,443
44,443
45,442
46,442
47,441
48,441
49,440
50,440
51,439
52,439
53,438
54,438
55,437
56,437
57,436
58,436
59,435
60,435
61,434
62,434
63,433
64,433
65,432
67,432
69,430
70,430
71,429
72,429
73,428
74,428
75,427
76,427
77,426
78,426
79,425
80,425
81,424
82,424
83,423
84,423
85,422
86,422
87,421
88,421
89,420
90,420
91,419
92,419
93,418
94,418
96,416
97,416
98,415
99,415
100,414
101,414
102,413
103,413
104,412
105,412
106,411
107,411
108,410
109,410
111,408
112,408
113,407
114,407
115,406
116,406
117,405
118,405
119,404
120,404
121,403
122,403
123,402
124,402
126,400
127,400
128,399
129,399
130,398
131,398
132,397
133,397
134,396
135,396
136,395
137,395
138,394
139,394
140,393
141,393
142,392
143,392
144,391
145,391
146,390
147,390
148,389
149,389
151,387
152,387
153,386
154,386
155,385
156,385
157,384
158,384
159,383
160,383
161,382
162,382
163,381
164,381
165,380
166,380
167,379
168,379
169,378
170,378
171,377
172,377
173,376
174,376
175,375
177,375
178,374
179,374
180,373
181,373
182,372
183,372
184,371
185,371
186,370
188,370
189,369
190,369
191,368
192,368
193,367
194,367
195,366
197,366
198,365
199,365
200,364
202,364
203,363
204,363
205,362
206,362
207,361
209,361
210,360
211,360
212,359
214,359
215,358
217,358
218,357
220,357
221,356
223,356
224,355
226,355
227,354
229,354
230,353
232,353
233,352
235,352
236,351
239,351
240,350
242,350
243,349
246,349
247,348
251,348
252,347
255,347
256,346
259,346
260,345
265,345
266,344
271,344
272,343
279,343
280,342
290,342
291,341
303,341
304,342
308,342
309,343
312,343
313,344
315,344
316,345
318,345
319,346
320,346
322,348
323,348
325,350
326,350
335,359
335,360
337,362
337,363
339,365
339,366
341,368
341,369
342,370
342,371
343,372
343,373
344,374
344,375
345,376
345,377
346,378
346,379
347,380
347,382
348,383
348,384
349,385
349,386
350,387
350,389
351,390
351,400
350,401
350,412
349,413
349,420
348,421
348,428
347,429
347,434
346,435
346,441
345,442
345,447
344,448
344,453
343,454
343,460
342,461
342,466
341,467
341,471
340,472
340,476
339,477
339,481
338,482
338,487
337,488
337,492
336,493
336,497
335,498
335,501
334,502
334,506
333,507
333,511
332,512
332,516
331,517
331,520
330,521
330,524
329,525
329,528
328,529
328,533
327,534
327,536
326,537
326,540
325,541
325,543
324,544
324,546
323,547
323,548
322,549
322,555
323,556
328,556
329,555
330,555
332,553
333,553
355,531
355,530
362,523
362,522
369,515
369,514
376,507
376,506
380,502
380,501
385,496
385,495
388,492
388,491
392,487
392,486
396,482
396,481
399,478
399,477
402,474
402,473
404,471
404,470
407,467
407,466
409,464
409,463
412,460
412,459
414,457
414,456
416,454
416,453
418,451
418,450
420,448
420,447
422,445
422,444
423,443
423,442
425,440
425,439
426,438
426,437
427,436
427,435
429,433
429,432
430,431
430,430
431,429
431,428
432,427
432,426
433,425
433,424
434,423
434,422
435,421
435,419
436,418
436,417
437,416
437,414
438,413
438,411
439,410
439,407
440,406
440,402
441,401
441,398
442,397
442,393
443,392
443,389
444,388
444,384
445,383
445,379
446,378
446,373
447,372
447,367
448,366
448,359
449,358
449,335
448,334
448,330
447,329
447,327
446,326
446,323
445,322
445,315
446,314
446,311
447,310
447,308
448,307
448,305
449,304
449,302
450,301
450,299
451,298
451,297
452,296
452,295
453,294
453,292
454,291
454,290
455,289
455,288
456,287
456,286
457,285
457,284
458,283
458,282
459,281
459,280
460,279
460,278
461,277
461,276
462,275
462,274
464,272
464,271
465,270
465,269
466,268
466,267
468,265
468,264
469,263
469,262
470,261
470,260
472,258
472,257
476,253
477,253
478,252
480,252
481,251
483,251
484,250
486,250
487,249
489,249
490,248
492,248
493,247
495,247
496,246
497,246
498,245
500,245
501,244
502,244
504,242
505,242
507,240
507,239
508,238
508,232
504,228
503,228
502,227
501,227
500,226
498,226
497,225
495,225
494,224
492,224
491,223
489,223
488,222
486,222
485,221
483,221
482,220
479,220
478,219
475,219
474,218
436,218
435,219
432,219
431,220
429,220
428,221
427,221
426,222
424,222
423,223
421,223
420,224
419,224
418,225
416,225
415,226
413,226
412,227
410,227
409,228
408,228
407,229
405,229
404,230
402,230
401,231
395,231
394,230
393,230
391,228
390,228
389,227
388,227
386,225
385,225
374,214
374,213
373,212
373,210
372,209
372,206
371,205
372,204
372,201
373,200
373,198
374,197
374,196
375,195
375,194
376,193
376,192
377,191
377,190
378,189
378,188
379,187
379,186
380,185
380,184
381,183
381,182
382,181
382,180
383,179
383,177
384,176
384,163
383,162
383,160
382,159
382,158
381,157
381,156
380,155
380,154
378,152
378,151
376,149
376,148
373,145
373,144
368,139
368,138
362,132
361,132
359,130
358,130
356,128
355,128
354,127
353,127
351,125
350,125
349,124
348,124
347,123
346,123
345,122
343,122
342,121
341,121
340,120
339,120
338,119
337,119
336,118
335,118
334,117
332,117
331,116
330,116
329,115
327,115
326,114
324,114
323,113
322,113
321,112
319,112
318,111
316,111
315,110
313,110
312,109
311,109
310,108
307,108
306,107
304,107
303,106
301,106
300,105
298,105
297,104
295,104
294,103
291,103
290,102
288,102
287,101
285,101
284,100
281,100
280,99
277,99
276,98
273,98
272,97
270,97
269,96
266,96
265,95
262,95
261,94
258,94
257,93
255,93
254,92
251,92
250,91
247,91
246,90
243,90
242,89
238,89
237,88
234,88
233,87
230,87
229,86
225,86
224,85
221,85
220,84
216,84
215,83
211,83
210,82
207,82
206,81
202,81
201,80
197,80
196,79
193,79
192,78
188,78
187,77
184,77
183,76
178,76
177,75
172,75
171,74
167,74
166,73
162,73
161,72
156,72
155,71
151,71
150,70
145,70
144,69
138,69
137,68
131,68
130,67
124,67
123,66
116,66
