736
311,38
310,39
308,39
307,40
306,40
303,43
302,43
299,46
298,46
298,47
296,49
296,50
295,51
295,52
293,54
293,55
292,56
292,57
291,58
291,59
290,60
290,61
289,62
289,63
288,64
288,66
287,67
287,68
286,69
286,70
285,71
285,73
284,74
284,76
283,77
283,79
282,80
282,83
281,84
281,87
280,88
280,92
279,93
279,97
278,98
278,104
277,105
277,114
276,115
276,131
277,132
277,141
278,142
278,160
277,161
277,165
276,166
276,168
275,169
275,171
274,172
274,174
273,175
273,176
272,177
272,179
271,180
271,181
270,182
270,184
269,185
269,186
268,187
268,189
267,190
267,191
266,192
266,194
265,195
265,197
264,198
264,200
263,201
263,204
262,205
262,207
263,208
263,212
264,213
264,221
263,222
263,224
262,225
262,227
261,228
261,229
260,230
260,231
259,232
259,233
255,237
255,238
243,250
242,250
237,255
236,255
230,261
230,262
223,269
222,269
221,270
215,270
214,269
212,269
211,268
209,268
208,267
207,267
206,266
205,266
204,265
203,265
202,264
200,264
199,263
198,263
197,262
195,262
194,261
191,261
190,260
183,260
182,261
179,261
178,262
176,262
175,263
174,263
173,264
172,264
171,265
170,265
169,266
168,266
164,270
164,271
161,274
161,275
159,277
159,278
158,279
158,280
156,282
156,283
155,284
155,285
153,287
153,288
144,297
143,297
141,299
140,299
139,300
138,300
137,301
135,301
134,302
133,302
133,306
141,306
142,305
145,305
146,304
150,304
151,303
157,303
158,302
164,302
165,303
167,303
168,304
169,304
170,305
171,305
172,306
173,306
175,308
176,308
178,310
179,310
181,312
182,312
186,316
187,316
196,325
197,325
206,334
206,366
205,367
205,372
204,373
204,374
203,375
203,377
202,378
202,379
201,380
201,381
199,383
199,384
198,385
198,386
196,388
196,389
194,391
194,392
190,396
190,397
170,417
169,417
163,423
162,423
155,430
154,430
130,454
129,454
115,468
114,468
107,475
106,475
100,481
99,481
92,488
91,488
85,494
84,494
81,497
80,497
79,498
78,498
77,499
76,499
75,500
74,500
72,502
71,502
70,503
69,503
68,504
67,504
66,505
65,505
64,506
63,506
62,507
61,507
60,508
59,508
58,509
57,509
56,510
55,510
54,511
53,511
52,512
51,512
50,513
49,513
48,514
47,514
46,515
45,515
43,517
42,517
41,518
40,518
39,519
38,519
37,520
36,520
35,521
35,524
46,524
47,523
54,523
55,522
61,522
62,521
69,521
70,520
76,520
77,519
83,519
84,518
89,518
90,517
95,517
96,516
100,516
101,515
104,515
105,514
108,514
109,513
112,513
113,512
115,512
116,511
118,511
119,510
121,510
122,509
125,509
126,508
128,508
129,507
132,507
133,506
135,506
136,505
139,505
140,504
143,504
144,503
146,503
147,502
150,502
151,501
153,501
154,500
155,500
156,499
158,499
159,498
161,498
162,497
164,497
165,496
166,496
167,495
168,495
169,494
170,494
171,493
172,493
173,492
174,492
176,490
177,490
178,489
179,489
180,488
181,488
182,487
184,487
185,486
186,486
187,485
189,485
190,484
191,484
192,483
194,483
195,482
196,482
197,481
198,481
199,480
200,480
201,479
203,479
204,478
205,478
206,477
207,477
208,476
209,476
210,475
211,475
212,474
213,474
214,473
215,473
216,472
217,472
218,471
219,471
220,470
221,470
222,469
223,469
225,467
226,467
227,466
228,466
229,465
230,465
232,463
233,463
235,461
236,461
237,460
238,460
240,458
241,458
244,455
245,455
248,452
249,452
252,449
253,449
260,442
261,442
267,436
267,435
296,406
296,405
298,403
298,402
300,400
300,399
301,398
301,396
302,395
302,390
303,389
303,382
304,381
304,375
305,374
305,369
306,368
306,367
307,366
308,366
313,371
314,371
320,377
320,378
321,379
321,380
322,381
322,384
323,385
323,391
324,392
324,396
325,397
325,401
326,402
326,405
327,406
327,407
328,408
328,409
329,410
329,411
330,412
330,413
331,414
331,415
334,418
334,419
335,420
335,421
337,423
337,424
341,428
342,428
343,429
345,429
346,430
352,430
353,431
358,431
359,432
364,432
365,433
379,433
380,432
382,432
383,431
384,431
385,430
387,430
388,429
390,429
391,428
393,428
394,427
396,427
397,426
399,426
400,425
401,425
402,424
404,424
405,423
406,423
408,421
409,421
412,418
413,418
415,416
416,416
418,414
419,414
423,410
424,410
427,407
427,406
431,402
431,401
433,399
433,398
434,397
434,396
435,395
435,394
436,393
436,392
437,391
437,390
438,389
438,387
439,386
439,385
440,384
440,382
441,381
441,380
442,379
442,377
443,376
443,374
444,373
444,360
445,359
445,337
444,336
444,332
443,331
443,329
442,328
442,325
441,324
441,322
440,321
440,318
439,317
439,314
438,313
438,310
437,309
437,306
436,305
436,303
435,302
435,300
434,299
434,297
433,296
433,295
432,294
432,291
431,290
431,287
430,286
430,284
429,283
429,282
427,280
427,279
425,277
424,277
421,274
420,274
418,272
417,272
415,270
414,270
413,269
412,269
410,267
408,267
407,266
406,266
405,267
402,267
401,268
400,268
399,269
398,269
397,270
396,270
395,271
394,271
393,272
392,272
389,275
388,275
380,283
379,283
373,289
372,289
369,292
368,292
367,293
366,293
365,294
339,294
338,293
334,293
332,291
332,289
334,287
335,287
344,278
345,278
347,276
347,275
351,271
351,270
353,268
353,267
355,265
355,264
356,263
356,261
357,260
357,258
358,257
358,255
359,254
359,247
360,246
360,241
361,240
361,235
362,234
362,231
363,230
363,227
364,226
364,223
365,222
365,219
366,218
366,215
367,214
367,210
368,209
368,206
369,205
369,200
370,199
370,190
371,189
371,174
370,173
370,163
369,162
369,158
368,157
368,153
367,152
367,149
366,148
366,144
365,143
365,138
364,137
364,132
363,131
363,125
362,124
362,119
361,118
361,113
360,112
360,108
359,107
359,104
358,103
358,100
357,99
357,97
356,96
356,93
355,92
355,90
354,89
354,87
353,86
353,85
352,84
352,82
351,81
351,80
350,79
350,78
349,77
349,76
348,75
348,74
347,73
347,72
345,70
345,69
343,67
343,66
341,64
341,63
339,61
339,60
337,58
337,57
335,55
335,54
334,53
334,52
332,50
332,49
327,44
326,44
325,43
324,43
323,42
322,42
321,41
320,41
319,40
318,40
317,39
315,39
314,38
