1090
141,36
140,37
138,37
137,38
137,43
138,44
138,48
139,49
139,53
140,54
140,60
141,61
141,68
142,69
142,76
143,77
143,85
144,86
144,93
145,94
145,99
146,100
146,106
147,107
147,112
148,113
148,116
149,117
149,121
150,122
150,126
151,127
151,130
152,131
152,134
153,135
153,138
154,139
154,141
155,142
155,145
156,146
156,148
157,149
157,151
158,152
158,154
159,155
159,157
160,158
160,159
161,160
161,162
162,163
162,164
163,165
163,166
164,167
164,169
165,170
165,171
166,172
166,173
167,174
167,176
168,177
168,178
169,179
169,180
170,181
170,182
171,183
171,184
172,185
172,186
173,187
173,188
174,189
174,190
175,191
175,192
176,193
176,194
177,195
177,196
178,197
178,198
179,199
179,200
180,201
180,202
181,203
181,204
183,206
183,207
184,208
184,209
185,210
185,211
187,213
187,214
188,215
188,216
190,218
190,219
191,220
191,221
193,223
193,224
195,226
195,227
197,229
197,230
200,233
200,234
204,238
204,239
209,244
210,244
212,246
213,246
218,251
219,251
222,254
223,254
233,264
234,264
236,266
237,266
239,268
240,268
242,270
243,270
245,272
246,272
248,274
249,274
251,276
252,276
254,278
255,278
257,280
258,280
260,282
261,282
262,283
263,283
265,285
266,285
270,289
270,290
268,292
267,292
266,293
265,293
264,294
263,294
262,295
261,295
260,296
259,296
258,297
256,297
255,298
254,298
253,299
252,299
251,300
250,300
249,301
247,301
246,302
203,302
202,301
194,301
193,300
188,300
187,299
183,299
182,298
179,298
178,297
175,297
174,296
171,296
170,295
168,295
167,294
165,294
164,293
162,293
161,292
160,292
159,291
157,291
156,290
155,290
154,289
152,289
151,288
150,288
149,287
148,287
147,286
146,286
145,285
144,285
143,284
142,284
141,283
140,283
139,282
138,282
137,281
136,281
135,280
134,280
132,278
131,278
130,277
129,277
128,276
127,276
126,275
125,275
124,274
123,274
122,273
121,273
120,272
119,272
118,271
117,271
116,270
115,270
113,268
112,268
111,267
110,267
109,266
108,266
107,265
106,265
105,264
104,264
103,263
102,263
101,262
100,262
99,261
98,261
97,260
96,260
95,259
94,259
93,258
92,258
91,257
90,257
89,256
88,256
86,254
85,254
84,253
83,253
82,252
81,252
80,251
76,251
75,252
74,252
71,255
71,256
68,259
68,260
67,261
67,262
65,264
65,265
64,266
64,267
63,268
63,269
62,270
62,271
61,272
61,275
60,276
60,295
58,297
57,297
56,298
55,298
53,300
52,300
50,302
50,303
48,305
48,306
47,307
47,308
46,309
46,310
45,311
45,313
44,314
44,318
43,319
43,329
44,330
44,335
45,336
45,339
46,340
46,343
47,344
47,345
48,346
48,347
49,348
49,349
50,350
50,351
51,352
51,353
54,356
54,357
56,359
56,361
52,365
52,366
50,368
50,369
48,371
48,372
47,373
47,374
46,375
46,378
45,379
45,394
46,395
46,398
47,399
47,401
48,402
48,403
50,405
50,406
51,407
51,408
53,410
53,411
67,425
67,446
68,447
68,450
69,451
69,452
70,453
70,454
71,455
71,456
73,458
73,459
80,466
81,466
83,468
84,468
85,469
86,469
87,470
88,470
89,471
90,471
91,472
93,472
94,473
95,473
96,474
97,474
98,475
100,475
101,476
102,476
105,479
105,480
106,481
106,482
107,483
107,485
108,486
108,487
109,488
109,490
110,491
110,492
111,493
111,495
112,496
112,497
113,498
113,500
114,501
114,502
116,504
116,505
119,508
119,509
121,511
122,511
125,514
126,514
129,517
130,517
131,518
132,518
133,519
134,519
136,521
137,521
138,522
139,522
140,523
141,523
142,524
143,524
144,525
145,525
146,526
148,526
149,527
152,527
153,528
162,528
163,527
164,527
165,526
166,526
167,525
167,524
171,520
171,519
172,518
172,517
174,515
174,514
175,513
175,512
176,511
176,510
178,508
178,507
179,506
179,505
180,504
180,503
181,502
181,501
182,500
182,499
184,497
184,496
185,495
185,494
186,493
186,492
187,491
187,490
188,489
188,488
189,487
189,486
190,485
190,484
192,482
192,481
193,480
193,479
194,478
194,477
195,476
195,475
196,474
196,473
197,472
197,471
198,470
198,469
200,467
200,466
201,465
201,464
202,463
202,462
203,461
203,460
205,458
205,457
206,456
206,455
207,454
207,453
209,451
209,450
210,449
210,448
212,446
212,445
214,443
214,442
216,440
216,439
219,436
219,435
222,432
222,431
233,420
234,420
236,418
237,418
238,417
239,417
240,416
241,416
242,415
245,415
246,414
250,414
251,413
273,413
274,414
282,414
283,415
287,415
288,416
290,416
291,417
293,417
294,418
295,418
296,419
298,419
299,420
301,420
302,421
304,421
305,422
307,422
308,423
311,423
312,424
314,424
315,425
317,425
318,426
320,426
321,427
324,427
325,428
327,428
328,429
330,429
331,430
334,430
335,431
337,431
338,432
341,432
342,433
345,433
346,434
349,434
350,435
354,435
355,436
360,436
361,437
368,437
369,438
404,438
405,437
412,437
413,436
418,436
419,435
424,435
425,434
427,434
428,433
431,433
432,432
434,432
435,431
437,431
438,430
440,430
441,429
443,429
444,428
446,428
447,427
448,427
449,426
451,426
452,425
453,425
454,424
455,424
456,423
457,423
458,422
459,422
460,421
461,421
462,420
463,420
465,418
466,418
467,417
468,417
470,415
471,415
473,413
474,413
477,410
478,410
481,407
482,407
495,394
495,393
499,389
499,388
502,385
502,384
504,382
504,381
506,379
506,378
508,376
508,375
510,373
510,372
511,371
511,370
512,369
512,368
513,367
513,366
515,364
515,363
516,362
516,361
517,360
517,359
518,358
518,357
519,356
519,355
520,354
520,353
521,352
521,351
522,350
522,349
523,348
523,347
524,346
524,345
525,344
525,343
526,342
526,340
527,339
527,338
528,337
528,335
529,334
529,333
530,332
530,330
531,329
531,328
532,327
532,325
533,324
533,323
534,322
534,320
535,319
535,317
536,316
536,314
537,313
537,311
538,310
538,308
539,307
539,304
540,303
540,301
541,300
541,297
542,296
542,294
543,293
543,290
544,289
544,287
545,286
545,283
546,282
546,280
547,279
547,276
548,275
548,272
549,271
549,269
550,268
550,265
551,264
551,262
552,261
552,259
553,258
553,256
554,255
554,253
555,252
555,251
556,250
556,248
557,247
557,246
558,245
558,244
559,243
559,241
560,240
560,239
561,238
561,237
562,236
562,235
564,233
564,232
566,230
566,229
575,220
576,220
577,219
578,219
580,217
581,217
582,216
584,216
585,215
586,215
587,214
590,214
591,213
595,213
596,212
600,212
601,211
611,211
612,212
621,212
622,213
633,213
634,214
640,214
641,213
643,213
643,208
641,206
641,205
639,203
638,203
635,200
634,200
630,196
629,196
626,193
625,193
612,180
612,179
609,176
609,175
608,174
608,173
606,171
606,170
604,168
604,167
603,166
603,165
601,163
601,162
599,160
599,159
593,153
592,153
591,152
590,152
589,151
588,151
587,150
586,150
585,149
584,149
583,148
581,148
580,147
578,147
577,146
574,146
573,145
569,145
568,144
564,144
563,143
548,143
547,144
544,144
543,145
541,145
540,146
539,146
538,147
536,147
535,148
534,148
533,149
532,149
530,151
529,151
528,152
527,152
525,154
524,154
522,156
521,156
518,159
517,159
504,172
503,172
490,185
489,185
484,190
483,190
477,196
476,196
473,199
472,199
471,200
470,200
468,202
467,202
466,203
465,203
463,205
462,205
460,207
458,207
457,208
455,208
454,209
452,209
451,210
433,210
432,209
430,209
429,208
427,208
425,206
424,206
423,205
422,205
421,204
420,204
419,203
418,203
417,202
416,202
414,200
413,200
411,198
410,198
408,196
407,196
404,193
403,193
391,181
391,180
389,178
389,177
387,175
387,174
386,173
386,172
385,171
385,170
384,169
384,168
383,167
383,165
382,164
382,163
381,162
381,161
380,160
380,158
379,157
379,156
378,155
378,154
377,153
377,152
376,151
376,149
375,148
375,147
374,146
374,145
373,144
373,143
372,142
372,141
370,139
370,138
369,137
369,136
367,134
367,133
365,131
365,130
361,126
361,125
350,114
349,114
346,111
345,111
344,110
343,110
341,108
340,108
339,107
338,107
337,106
336,106
335,105
334,105
333,104
332,104
331,103
329,103
328,102
327,102
326,101
325,101
324,100
323,100
322,99
320,99
319,98
318,98
317,97
315,97
314,96
313,96
312,95
310,95
309,94
307,94
306,93
305,93
304,92
302,92
301,91
299,91
298,90
296,90
295,89
293,89
292,88
290,88
289,87
286,87
285,86
283,86
282,85
280,85
279,84
276,84
275,83
273,83
272,82
270,82
269,81
266,81
265,80
263,80
262,79
260,79
259,78
257,78
256,77
253,77
252,76
250,76
249,75
247,75
246,74
243,74
242,73
240,73
239,72
237,72
236,71
233,71
232,70
230,70
229,69
227,69
226,68
223,68
222,67
220,67
219,66
217,66
216,65
213,65
212,64
210,64
209,63
207,63
206,62
204,62
203,61
201,61
200,60
197,60
196,59
194,59
193,58
191,58
190,57
188,57
187,56
185,56
184,55
183,55
182,54
180,54
179,53
178,53
177,52
175,52
174,51
173,51
172,50
171,50
170,49
169,49
168,48
167,48
166,47
165,47
164,46
163,46
162,45
160,45
159,44
158,44
157,43
156,43
155,42
154,42
153,41
152,41
151,40
150,40
149,39
148,39
147,38
146,38
145,37
142,37
