974
456,24
455,25
446,25
445,26
443,26
438,31
437,31
434,34
433,34
431,36
429,36
428,37
427,37
424,40
424,41
422,43
422,44
420,46
420,48
419,49
419,54
418,55
418,57
417,58
417,63
416,64
416,65
415,66
415,68
414,69
414,71
413,72
413,73
412,74
412,75
411,76
411,78
408,81
408,82
407,83
407,84
406,85
406,86
405,87
405,88
404,89
404,91
402,93
402,94
401,95
401,97
400,98
400,99
399,100
399,101
398,102
398,103
397,104
397,106
396,107
396,109
395,110
395,111
394,112
394,115
393,116
393,122
391,124
391,125
389,127
389,128
388,129
388,130
387,131
387,133
386,134
386,140
384,142
384,143
383,144
383,146
382,147
382,148
381,149
381,151
380,152
380,153
378,155
378,156
372,162
367,162
366,161
365,161
364,160
363,160
359,156
358,156
355,153
354,153
353,152
351,152
350,151
348,151
347,150
346,150
334,138
334,136
333,135
333,128
334,127
334,125
337,122
338,122
339,121
340,121
341,120
342,120
343,119
344,119
349,114
350,114
350,107
342,99
342,97
341,96
341,89
340,88
340,85
336,81
336,80
334,78
334,77
333,76
333,75
331,73
330,73
329,72
328,72
324,68
323,68
322,67
320,67
319,66
318,66
317,65
315,65
314,64
304,64
303,65
298,65
297,66
295,66
294,67
292,67
291,68
290,68
289,69
288,69
287,70
286,70
274,82
267,82
266,83
263,83
262,84
261,84
260,85
259,85
258,86
257,86
253,90
252,90
251,91
250,91
249,92
249,94
248,95
248,98
247,99
247,103
248,104
248,112
249,113
249,117
248,118
248,119
247,120
247,122
245,124
245,125
244,126
244,128
243,129
243,130
242,131
242,132
239,135
238,135
237,136
236,136
235,137
230,137
226,133
226,132
224,130
224,128
223,127
223,121
222,121
218,117
218,116
217,115
217,113
213,109
212,109
211,108
209,108
205,104
204,104
203,103
202,103
201,102
200,102
199,101
197,101
196,100
192,100
191,101
187,101
186,102
184,102
183,103
182,103
181,104
180,104
179,105
178,105
177,106
176,106
175,107
174,107
173,108
168,108
167,109
164,109
163,110
161,110
160,111
159,111
158,112
157,112
156,113
155,113
154,114
153,114
149,118
149,119
144,124
144,125
143,126
143,127
142,128
142,130
141,131
141,139
140,140
140,158
141,159
141,161
143,163
143,164
144,165
144,166
145,166
147,168
151,168
152,169
154,169
155,170
157,170
158,171
159,171
162,174
162,175
164,177
164,180
161,183
161,184
158,187
157,187
156,188
155,188
151,192
150,192
149,193
148,193
146,195
145,195
144,196
143,196
139,200
138,200
133,205
132,205
131,206
130,206
129,207
128,207
127,208
126,208
125,209
124,209
121,212
120,212
119,213
118,213
115,216
115,217
114,218
114,219
107,226
107,227
105,229
105,230
104,231
104,232
103,233
103,234
102,235
102,236
101,237
101,239
100,240
100,242
99,243
99,246
98,247
98,250
97,251
97,258
96,259
96,261
95,262
95,264
94,265
94,268
93,269
93,272
92,273
92,276
91,277
91,279
90,280
90,281
89,282
89,284
88,285
88,286
87,287
87,289
86,290
86,291
85,292
85,293
84,294
84,297
83,298
83,301
82,302
82,304
81,305
81,309
80,310
80,311
79,312
79,315
78,316
78,320
77,321
77,323
76,324
76,327
75,328
75,330
74,331
74,332
73,333
73,335
72,336
72,338
71,339
71,341
70,342
70,343
68,345
68,346
66,348
66,350
65,351
65,353
59,359
58,359
58,360
57,361
57,362
56,363
56,364
55,365
55,366
54,367
54,369
53,370
53,385
54,386
54,388
55,389
55,390
56,391
58,391
59,392
60,392
62,394
64,394
65,395
78,395
79,396
90,396
90,390
91,389
91,387
95,383
97,383
101,387
101,389
102,390
102,392
103,393
103,394
104,395
104,406
105,407
105,414
104,415
104,429
103,430
103,432
102,433
102,440
101,441
101,447
99,449
99,450
97,452
97,454
96,455
96,463
95,464
95,466
94,467
94,472
95,473
95,475
104,475
105,476
107,476
109,478
126,478
127,479
129,479
130,480
141,480
142,481
150,481
151,480
173,480
175,478
175,477
176,476
176,475
180,471
181,471
182,470
185,470
186,469
196,469
196,467
197,466
197,465
198,464
198,463
199,462
199,453
198,452
198,450
197,449
197,447
195,447
194,446
192,446
191,445
190,445
189,444
187,444
186,443
184,443
183,442
162,442
161,441
160,441
156,437
156,436
154,434
154,432
153,431
153,425
154,424
154,421
155,420
155,416
156,415
156,413
157,412
157,406
158,405
158,400
159,399
159,397
160,396
160,394
161,393
161,392
162,391
162,385
163,384
163,381
164,380
164,379
166,377
166,375
167,374
167,372
168,371
168,369
169,368
169,366
171,364
171,362
172,361
172,359
173,358
173,356
174,355
174,352
175,351
175,350
176,349
176,348
177,347
177,346
178,345
178,344
180,342
180,341
182,339
182,338
184,336
184,334
185,333
185,332
186,331
186,330
188,328
188,325
189,324
189,321
190,320
190,319
192,317
192,316
193,315
193,314
196,311
197,311
198,310
199,311
203,311
204,312
206,312
207,313
208,313
209,314
211,314
212,315
214,315
215,316
220,316
221,317
223,317
225,319
227,319
228,320
229,320
230,321
231,321
232,322
233,322
234,323
235,323
236,324
240,324
241,325
243,325
247,329
247,335
246,336
246,338
245,339
245,344
244,345
244,357
245,358
245,373
246,374
246,376
247,377
248,377
253,382
253,383
255,385
255,386
256,387
256,388
257,389
257,390
258,391
258,392
259,392
262,395
262,396
263,397
263,398
265,400
265,409
264,410
264,412
263,413
263,416
262,417
262,419
261,420
261,421
260,422
260,424
259,425
259,426
258,427
258,429
257,430
257,432
255,434
255,435
254,436
254,437
253,438
253,440
252,441
252,450
251,451
251,452
250,453
250,456
249,457
249,465
250,466
250,474
251,475
251,477
252,478
252,479
253,480
255,480
256,481
258,481
259,482
262,482
263,483
266,483
267,484
268,484
269,485
271,485
272,486
302,486
303,485
306,485
307,484
308,484
309,483
310,483
311,482
313,482
314,481
315,481
316,480
317,480
318,479
320,479
321,478
346,478
347,477
348,477
349,476
350,476
351,475
353,475
357,471
357,470
358,469
358,466
357,465
357,464
356,463
356,461
354,459
353,459
352,458
351,458
350,457
349,457
348,456
347,456
346,455
344,455
343,454
336,454
335,453
333,453
332,452
328,452
327,451
325,451
324,450
321,450
318,447
318,446
316,444
316,442
315,441
315,433
314,432
314,428
313,427
313,425
312,424
312,419
313,418
313,416
315,414
315,412
316,411
316,410
318,408
318,407
321,404
321,403
324,400
325,400
326,399
327,399
328,398
329,398
330,397
332,397
337,392
338,392
340,390
341,390
346,385
346,384
351,379
352,379
352,378
353,377
353,375
354,374
354,369
355,368
355,366
359,362
359,360
360,359
360,358
361,357
361,355
362,354
362,352
363,351
363,350
364,349
364,343
365,342
365,340
367,338
367,337
368,336
368,335
370,333
370,332
372,330
372,328
373,327
373,325
376,322
380,322
381,323
382,323
385,326
386,326
387,327
388,327
390,329
412,329
413,330
425,330
426,329
431,329
434,326
434,325
437,322
438,322
445,315
446,315
447,314
448,314
455,307
455,306
456,305
456,304
459,301
460,301
461,300
462,300
471,291
471,290
475,286
476,286
478,284
478,283
479,282
479,281
484,276
484,275
485,274
485,268
486,267
486,265
489,262
489,258
490,257
490,255
491,254
491,252
492,251
492,249
496,245
496,241
497,240
497,238
498,237
498,236
499,235
499,232
500,231
500,229
501,228
501,227
502,226
502,218
503,217
503,215
504,214
504,210
505,209
505,207
506,206
506,203
507,202
507,199
508,198
508,197
509,196
509,187
510,186
510,183
511,182
511,177
512,176
512,166
513,165
513,163
514,162
514,143
515,142
515,127
516,126
516,124
517,123
517,108
519,106
520,106
521,105
530,105
531,104
532,104
533,103
534,103
535,102
536,102
537,101
537,96
538,95
538,93
539,92
539,91
545,85
545,84
546,83
546,81
547,80
547,78
548,77
548,69
547,68
547,66
546,65
546,61
545,60
545,58
544,57
544,56
542,54
542,53
539,50
538,50
537,49
536,49
535,48
534,48
533,47
532,47
530,45
529,45
528,44
525,44
524,43
505,43
501,39
501,38
494,31
492,31
491,30
484,30
483,29
481,29
480,28
478,28
477,27
475,27
474,26
469,26
468,25
465,25
464,24
456,24
