732
278,77
277,78
275,78
274,79
267,79
266,80
262,80
261,81
259,81
258,82
258,84
257,85
257,93
258,94
258,96
266,104
266,105
270,109
270,110
277,117
277,118
278,119
278,120
304,146
305,146
306,147
307,147
311,151
312,151
315,154
316,154
317,155
318,155
321,158
322,158
323,159
325,159
326,160
328,160
329,161
330,161
331,162
332,162
333,163
334,163
336,165
337,165
338,166
339,166
340,167
341,167
342,168
343,168
347,172
348,172
350,174
351,174
354,177
354,178
356,180
356,181
361,186
361,187
362,188
362,189
363,190
363,191
365,193
365,194
366,195
366,196
367,197
367,199
368,200
368,201
369,202
369,204
370,205
370,213
369,214
369,215
364,220
363,220
361,222
360,222
359,223
358,223
357,224
355,224
354,225
352,225
351,226
349,226
348,227
346,227
345,228
343,228
342,229
341,229
340,230
338,230
337,231
335,231
334,232
332,232
331,233
329,233
328,234
327,234
326,235
325,235
324,236
322,236
321,237
320,237
319,238
317,238
316,239
314,239
313,240
312,240
311,241
310,241
309,242
302,242
301,241
299,241
298,240
281,240
280,241
278,241
277,242
268,242
267,243
260,243
259,244
250,244
249,245
244,245
243,246
240,246
239,247
238,247
237,248
232,248
231,249
227,249
226,250
222,250
221,251
218,251
217,252
214,252
213,253
212,253
211,254
208,254
207,255
204,255
203,256
200,256
199,257
198,257
197,258
196,258
195,259
194,259
193,260
191,260
190,261
187,261
186,262
184,262
183,263
181,263
180,264
179,264
178,265
177,265
176,266
175,266
174,267
172,267
171,268
170,268
168,270
167,270
166,271
165,271
164,272
163,272
162,273
161,273
160,274
159,274
156,277
155,277
154,278
153,278
152,279
151,279
148,282
147,282
145,284
144,284
143,285
142,285
138,289
137,289
130,296
129,296
122,303
122,304
116,310
116,311
115,312
115,313
110,318
110,319
109,320
109,321
108,322
108,323
107,324
107,325
104,328
104,330
103,331
103,333
102,334
102,335
101,336
101,337
100,338
100,340
99,341
99,344
98,345
98,348
97,349
97,352
96,353
96,355
95,356
95,360
94,361
94,371
93,372
93,388
94,389
94,398
95,399
95,402
96,403
96,405
97,406
97,408
98,409
98,412
99,413
99,421
98,422
98,423
97,424
97,425
96,426
96,427
90,433
89,433
88,434
87,434
86,435
85,435
80,440
80,442
79,443
79,452
80,453
80,455
87,462
88,462
101,475
102,475
105,478
107,478
108,479
110,479
111,480
112,480
113,481
114,481
115,482
116,482
117,483
119,483
120,484
123,484
124,485
127,485
128,486
129,486
130,487
132,487
133,488
136,488
137,489
140,489
141,490
143,490
144,491
146,491
147,492
148,492
149,493
150,493
151,494
152,494
153,495
155,495
156,496
162,496
163,497
171,497
172,498
174,498
175,499
185,499
186,500
199,500
200,501
251,501
252,500
261,500
262,499
267,499
269,497
270,497
271,496
272,496
277,491
278,491
279,490
280,490
281,489
283,489
284,488
293,488
294,487
302,487
303,486
305,486
306,485
309,485
310,484
312,484
313,483
315,483
316,482
317,482
318,481
319,481
320,480
321,480
322,479
326,479
331,484
331,485
332,486
332,488
333,489
333,490
334,491
334,492
335,493
335,494
336,495
336,496
337,497
337,498
338,499
338,501
339,502
339,503
348,512
353,512
354,513
363,513
364,514
397,514
397,508
391,502
390,502
389,501
388,501
387,500
386,500
385,499
384,499
372,487
372,486
371,485
371,484
370,483
370,482
369,481
369,479
368,478
368,476
367,475
367,472
366,471
366,468
365,467
365,466
366,465
366,463
367,462
367,461
368,460
368,459
373,454
374,454
376,452
377,452
378,451
379,451
380,450
381,450
382,449
384,449
385,448
386,449
388,449
389,450
390,450
391,451
392,451
396,455
396,456
397,457
397,459
398,460
398,463
399,464
399,467
400,468
400,469
401,470
401,471
402,472
402,473
403,474
403,476
404,477
404,478
407,481
407,482
408,483
408,484
426,502
448,502
449,503
463,503
463,494
453,484
452,484
450,482
449,482
446,479
445,479
441,475
441,474
440,473
440,472
439,471
439,470
438,469
438,468
437,467
437,466
436,465
436,463
435,462
435,457
434,456
434,454
435,453
435,447
436,446
436,444
437,443
437,442
438,441
438,439
439,438
439,436
440,435
440,433
441,432
441,431
442,430
442,429
443,428
443,427
444,426
444,425
460,409
460,408
465,403
465,402
466,401
466,400
472,394
472,393
478,387
478,386
479,385
479,384
480,383
480,382
481,381
481,380
482,379
482,377
483,376
483,374
484,373
484,372
485,371
485,370
486,369
486,368
488,366
488,365
489,364
489,363
490,362
490,361
491,360
491,359
494,356
494,355
495,354
495,353
496,352
496,351
498,349
498,348
503,343
503,342
506,339
506,338
507,337
507,336
510,333
510,332
515,327
515,326
518,323
518,320
519,319
519,312
520,311
520,309
521,308
521,296
520,295
520,293
519,292
519,289
518,288
518,286
516,284
516,283
515,282
515,281
514,280
514,279
513,278
513,277
512,276
512,274
511,273
511,267
512,266
512,261
513,260
513,235
512,234
512,232
510,230
510,229
509,228
509,227
508,226
508,225
507,224
507,223
506,222
506,220
505,219
505,218
504,217
504,216
503,215
503,214
502,213
502,211
501,210
501,208
500,207
500,206
499,205
499,204
498,203
498,202
497,201
497,200
496,199
496,198
495,197
495,196
494,195
494,194
493,193
493,192
492,191
492,189
491,188
491,186
490,185
490,184
489,183
489,180
488,179
488,177
482,171
481,171
480,170
479,170
477,168
476,168
475,167
473,167
472,166
469,166
468,165
462,165
461,164
454,164
453,163
452,163
451,162
449,162
448,161
447,161
446,160
445,160
444,159
442,159
441,158
440,158
439,157
438,157
434,153
433,153
423,143
423,142
419,138
419,137
418,136
418,135
417,134
417,133
414,130
414,129
413,128
413,127
412,126
412,125
411,124
411,122
410,121
410,120
409,119
409,117
408,116
408,115
407,114
407,113
406,112
406,111
405,110
405,109
404,108
404,107
403,106
403,105
401,103
401,102
400,101
400,100
396,96
396,95
385,84
384,84
383,83
380,83
379,82
375,82
374,81
342,81
341,82
338,82
337,83
335,83
334,84
331,84
330,83
329,83
328,82
325,82
324,81
320,81
319,80
308,80
307,79
302,79
301,78
299,78
298,77
278,77
