853
282,28
281,29
273,29
272,30
267,30
266,31
258,31
257,32
250,32
249,33
246,33
245,34
243,34
242,35
241,35
240,36
238,36
237,37
233,37
232,38
229,38
228,39
226,39
225,40
222,40
221,41
219,41
218,42
216,42
215,43
212,43
211,44
208,44
207,45
205,45
204,46
202,46
201,47
198,47
197,48
195,48
194,49
192,49
191,50
190,50
188,52
187,52
186,53
185,53
184,54
182,54
181,55
180,55
179,56
178,56
177,57
175,57
174,58
173,58
172,59
171,59
170,60
169,60
168,61
167,61
166,62
165,62
164,63
163,63
162,64
161,64
159,66
158,66
157,67
156,67
154,69
153,69
151,71
150,71
146,75
145,75
143,77
142,77
141,78
140,78
138,80
137,80
136,81
135,81
133,83
132,83
131,84
130,84
127,87
126,87
126,88
124,90
124,91
122,93
122,94
118,98
118,99
117,100
117,101
113,105
112,105
109,108
108,108
103,113
95,113
90,108
89,108
86,105
85,105
83,103
82,103
81,102
80,102
79,101
78,101
72,95
71,95
70,94
69,94
67,92
66,92
65,91
64,91
63,90
61,90
60,89
58,89
57,90
55,90
54,91
53,91
41,103
40,103
36,107
36,108
35,109
35,110
34,111
34,112
32,114
32,115
30,117
30,118
29,119
29,120
28,121
28,122
26,124
26,125
25,126
25,128
23,130
23,131
22,132
22,133
21,134
21,135
20,136
20,137
19,138
19,139
18,140
18,141
17,142
17,144
16,145
16,149
15,150
15,166
10,171
10,173
9,174
9,179
10,180
10,182
11,183
11,184
12,185
12,187
13,188
13,190
14,191
14,193
15,194
15,197
16,198
16,201
17,202
17,203
21,207
21,208
29,216
29,217
30,218
30,219
31,220
39,220
41,218
43,218
44,217
46,217
48,215
50,215
51,214
52,214
53,213
54,213
56,211
57,211
59,209
60,209
61,208
62,208
64,206
66,206
67,205
69,205
70,204
71,204
72,203
73,203
74,202
75,202
76,201
77,201
81,197
82,197
85,194
86,194
90,190
90,189
95,184
95,183
98,180
99,180
102,177
104,179
104,189
103,190
103,207
104,208
104,211
105,212
105,213
107,215
107,216
108,217
108,218
109,219
109,220
110,221
110,222
111,223
111,225
112,226
112,229
113,230
113,231
115,233
115,235
116,236
116,238
117,239
117,241
118,242
118,243
119,244
119,246
120,247
120,249
121,250
121,251
122,252
122,253
123,254
123,255
125,257
125,258
126,259
126,260
127,261
127,263
128,264
128,266
129,267
129,268
130,269
130,270
131,271
131,272
133,274
133,275
136,278
136,279
137,280
137,281
138,282
138,283
139,284
139,285
140,286
140,288
141,289
141,290
142,291
142,293
143,294
143,295
144,296
144,297
145,298
145,300
146,301
146,303
148,305
148,306
149,307
149,311
150,312
150,315
151,316
151,319
152,320
152,321
153,322
153,324
154,325
154,327
155,328
155,329
157,331
157,332
160,335
160,336
162,338
162,339
165,342
165,343
167,345
167,346
170,349
170,350
174,354
175,354
184,363
184,364
186,366
186,368
187,369
187,371
188,372
188,379
189,380
189,389
190,390
190,392
191,393
191,394
192,395
192,396
193,397
193,398
195,400
195,401
197,403
197,404
198,405
198,407
199,408
199,410
200,411
200,414
201,415
201,421
202,422
202,425
203,426
203,429
204,430
204,432
205,433
205,435
206,436
206,437
207,438
207,439
208,440
208,441
210,443
210,444
211,445
211,448
212,449
212,462
213,463
213,466
214,467
214,468
215,469
215,470
218,473
218,474
219,475
220,475
224,479
224,480
227,483
227,484
228,485
228,486
229,487
229,488
230,489
230,490
231,491
231,492
232,493
232,494
234,496
235,496
240,501
241,501
246,506
246,508
247,509
247,511
248,512
248,514
249,515
249,517
250,518
250,519
252,521
252,522
257,527
257,528
260,531
260,532
261,533
261,534
262,535
262,537
263,538
263,540
264,541
264,542
265,543
265,544
266,545
266,546
267,547
267,548
268,549
268,550
270,552
270,553
273,556
273,557
275,559
275,560
276,561
276,563
277,564
277,567
278,568
278,569
279,570
279,571
280,572
280,573
292,585
292,586
294,588
294,589
295,590
295,591
299,595
300,595
301,596
307,596
307,590
309,588
310,589
310,590
311,591
311,592
312,593
313,593
315,595
320,595
321,594
321,577
322,576
322,569
323,568
323,510
322,509
322,505
321,504
321,484
320,483
320,467
319,466
319,463
318,462
318,458
317,457
317,453
316,452
316,449
315,448
315,443
314,442
314,439
313,438
313,432
312,431
312,428
311,427
311,424
310,423
310,418
309,417
309,402
308,401
308,398
307,397
307,393
306,392
306,390
305,389
305,387
304,386
304,383
303,382
303,379
302,378
302,375
301,374
301,370
300,369
300,366
299,365
299,362
298,361
298,359
297,358
297,356
296,355
296,354
294,352
294,351
293,350
293,349
292,348
292,346
291,345
291,343
290,342
290,338
289,337
289,335
288,334
288,331
287,330
287,326
286,325
286,323
285,322
285,321
284,320
284,317
283,316
283,314
282,313
282,312
281,311
281,308
280,307
280,304
279,303
279,301
278,300
278,298
277,297
277,296
276,295
276,292
275,291
275,289
274,288
274,287
273,286
273,284
272,283
272,282
270,280
270,279
266,275
265,275
250,260
250,259
248,257
248,256
246,254
246,253
243,250
243,249
240,246
240,245
239,244
239,243
235,239
235,238
234,237
234,236
233,235
233,234
232,233
232,232
231,231
231,230
230,229
230,228
229,227
229,226
228,225
228,224
227,223
227,221
226,220
226,218
225,217
225,214
224,213
224,203
225,202
225,198
226,197
226,194
227,193
227,191
232,186
233,186
234,185
244,185
245,184
252,184
253,183
257,183
258,182
261,182
262,181
266,181
267,180
269,180
270,179
273,179
274,178
277,178
278,177
284,177
285,176
308,176
309,177
315,177
316,178
319,178
320,179
321,179
322,180
323,180
324,181
326,181
328,183
329,183
330,184
331,184
332,185
333,185
334,186
336,186
338,188
340,188
341,189
352,189
352,182
350,180
350,179
344,173
343,173
342,172
341,172
340,171
339,171
338,170
337,170
336,169
335,169
334,168
333,168
332,167
331,167
329,165
328,165
319,156
319,155
317,153
317,152
312,147
312,146
311,146
307,142
306,142
305,141
304,141
303,140
302,140
301,139
300,139
298,137
297,137
291,131
290,131
288,129
287,129
286,128
284,128
283,127
282,127
281,126
279,126
278,125
275,125
274,124
267,124
266,125
262,125
261,126
257,126
256,125
255,125
246,116
246,114
245,113
245,112
244,111
244,110
243,109
243,108
242,107
242,106
241,105
241,103
240,102
240,101
239,100
239,99
237,97
237,94
236,93
236,89
235,88
235,83
236,82
236,80
238,78
238,77
239,76
239,75
242,72
242,71
249,64
250,64
251,63
252,64
256,64
257,65
260,65
261,66
263,66
264,67
266,67
267,68
268,68
269,69
271,69
272,70
275,70
276,71
278,71
279,72
281,72
282,73
285,73
287,75
288,75
289,76
291,76
292,77
306,77
307,78
327,78
328,79
339,79
340,80
345,80
345,74
343,72
343,71
341,69
341,68
340,67
340,66
338,64
338,63
337,62
337,61
336,60
336,59
334,57
334,56
333,55
333,54
332,53
332,52
330,50
330,49
327,46
326,46
324,44
323,44
321,42
320,42
318,40
317,40
316,39
315,39
308,32
306,32
305,31
303,31
302,30
299,30
298,29
289,29
288,28
282,28
