958
547,59
546,60
543,60
542,61
540,61
539,62
537,62
536,63
535,63
534,64
532,64
531,65
530,65
529,66
527,66
526,67
524,67
522,69
520,69
519,70
518,70
515,73
514,73
513,74
512,74
509,77
508,77
507,78
507,79
503,83
502,83
501,84
501,85
498,88
497,88
496,89
496,90
492,94
491,94
489,92
489,70
488,69
488,68
487,67
485,67
484,66
483,67
481,67
471,77
471,78
468,81
468,82
466,84
466,85
463,88
463,89
461,91
461,92
460,93
460,94
458,96
458,97
456,99
456,100
452,104
450,102
450,97
449,96
449,93
448,92
448,90
447,89
447,87
446,86
443,86
442,87
441,87
439,89
439,90
438,91
438,92
437,93
437,94
436,95
436,97
435,98
435,99
434,100
434,101
433,102
433,103
432,104
432,105
431,106
431,108
430,109
430,111
429,112
429,113
428,114
428,117
427,118
427,119
426,120
424,118
424,115
423,114
423,109
422,108
422,106
421,105
421,104
420,103
420,102
418,100
415,100
414,101
413,101
412,102
412,103
410,105
410,106
409,107
409,108
407,110
407,111
406,112
406,113
405,114
405,116
404,117
404,118
403,119
403,120
402,121
402,123
401,124
401,125
400,126
400,128
399,129
399,131
398,132
398,134
397,135
397,136
396,137
396,139
395,140
395,141
394,142
392,140
392,135
391,134
391,133
390,132
390,131
389,130
385,130
384,131
384,132
383,133
383,134
382,135
382,136
381,137
381,138
380,139
380,141
379,142
379,144
378,145
378,146
377,147
377,148
376,149
376,151
375,152
375,154
374,155
374,156
373,157
373,159
370,162
368,160
368,158
367,157
367,156
366,155
366,154
365,153
365,151
363,149
358,149
358,150
357,151
357,152
356,153
356,154
355,155
355,156
354,157
354,159
353,160
353,163
352,164
352,167
351,168
351,171
350,172
350,175
349,176
349,178
348,179
348,183
347,184
347,185
346,186
344,186
343,185
343,184
342,183
342,182
338,178
335,178
334,179
334,180
333,181
333,183
332,184
332,189
331,190
331,218
330,219
330,220
329,221
328,221
322,215
317,215
315,217
315,219
314,220
314,223
313,224
313,232
314,233
314,245
315,246
315,249
314,250
313,250
311,248
310,248
308,246
307,246
306,245
301,245
300,246
300,247
299,248
299,250
298,251
298,257
297,258
297,288
296,289
296,291
295,292
295,293
294,294
294,295
293,296
293,297
290,300
289,300
286,303
285,303
284,304
283,304
282,305
280,305
279,306
275,306
274,307
245,307
244,306
235,306
234,305
227,305
226,304
224,304
223,303
218,303
217,302
212,302
211,301
206,301
205,300
200,300
199,299
197,299
196,298
194,298
193,297
190,297
189,296
187,296
186,295
184,295
183,294
181,294
180,293
178,293
177,292
175,292
174,291
173,291
172,290
171,290
170,289
169,289
168,288
166,288
165,287
164,287
163,286
162,286
161,285
160,285
159,284
158,284
156,282
155,282
154,281
153,281
152,280
151,280
148,277
147,277
145,275
144,275
141,272
140,272
137,269
136,269
134,267
133,267
130,264
129,264
119,254
118,254
104,240
104,239
93,228
93,227
85,219
85,218
82,215
81,215
80,214
77,214
77,216
76,217
76,220
75,221
75,224
74,225
74,227
73,228
73,230
71,232
71,233
70,234
70,235
69,236
69,237
68,238
68,239
64,243
64,244
51,257
50,257
47,260
46,260
44,262
43,262
42,263
41,263
38,266
37,266
35,268
34,268
33,269
32,269
31,270
30,270
29,271
28,271
27,272
26,272
25,273
24,273
23,274
22,274
21,275
20,275
19,276
18,276
17,277
15,277
15,279
16,280
28,280
29,281
35,281
36,282
38,282
39,283
45,283
46,284
50,284
51,285
58,285
59,286
63,286
64,287
66,287
67,288
72,288
73,289
79,289
80,290
83,290
84,291
88,291
89,292
94,292
95,293
98,293
99,294
101,294
102,295
107,295
108,296
111,296
112,297
117,297
118,298
120,298
121,299
123,299
124,300
128,300
129,301
132,301
133,302
137,302
138,303
141,303
142,304
144,304
145,305
147,305
148,306
151,306
152,307
155,307
156,308
157,308
158,309
159,309
160,310
161,310
162,311
163,311
165,313
166,313
168,315
169,315
173,319
174,319
177,322
178,322
183,327
184,327
212,355
212,356
213,357
213,358
219,364
219,365
222,368
222,369
224,371
224,372
227,375
227,376
228,377
228,378
229,379
229,384
228,385
228,386
227,387
227,388
226,389
226,390
225,391
225,392
224,393
224,394
223,395
223,396
222,397
222,398
221,399
221,400
220,401
220,402
219,403
219,406
218,407
218,408
219,409
219,411
220,412
223,412
224,413
224,416
223,417
223,418
222,419
222,420
220,422
220,423
219,424
219,425
218,426
218,427
217,428
217,429
216,430
216,432
215,433
215,435
214,436
214,438
215,439
215,441
216,441
218,443
218,447
217,448
217,450
216,451
216,454
215,455
215,458
214,459
214,462
215,463
215,465
222,465
223,466
223,471
222,472
222,475
221,476
221,479
220,480
220,486
219,487
219,496
220,497
220,499
223,499
224,498
225,498
225,497
230,492
230,491
233,488
234,488
235,489
235,492
234,493
234,495
233,496
233,501
232,502
232,510
231,511
231,517
232,518
232,520
237,520
244,513
245,514
245,516
244,517
244,522
243,523
243,539
244,540
244,548
245,549
245,551
246,552
246,554
247,555
247,559
248,560
248,563
249,564
249,565
250,566
250,567
251,568
251,569
252,570
252,572
253,573
253,574
255,576
258,576
258,571
259,570
259,564
260,563
260,558
261,557
261,555
262,554
262,552
263,551
263,547
264,546
264,543
265,542
265,538
266,537
266,534
267,533
267,532
268,531
268,529
269,528
269,525
270,524
270,522
271,521
271,518
272,517
272,516
273,515
273,513
274,512
274,510
275,509
275,507
276,506
276,503
277,502
277,500
278,499
278,498
279,497
279,495
280,494
280,492
281,491
281,489
282,488
282,486
283,485
283,484
284,483
284,482
285,481
285,479
286,478
286,477
287,476
287,474
288,473
288,472
289,471
289,470
290,469
290,467
291,466
291,465
292,464
292,462
293,461
293,459
294,458
294,457
295,456
295,455
296,454
296,453
297,452
297,450
298,449
298,448
299,447
299,446
300,445
300,444
301,443
301,442
302,441
302,440
303,439
303,438
304,437
304,436
305,435
305,434
306,433
306,432
307,431
307,430
308,429
308,428
309,427
309,426
311,424
311,423
312,422
312,421
313,420
313,419
316,416
316,415
324,407
325,407
326,406
333,406
334,405
338,405
339,404
343,404
344,403
346,403
347,402
349,402
350,401
362,401
363,402
364,402
370,408
370,409
371,410
371,411
375,415
376,415
377,416
378,416
380,418
381,418
382,419
384,419
385,420
388,420
389,421
395,421
396,422
427,422
427,418
426,417
426,416
425,415
425,413
424,412
424,409
423,408
423,403
422,402
422,400
421,399
421,397
420,396
420,392
419,391
419,388
418,387
418,383
417,382
417,380
416,379
416,377
415,376
415,375
414,374
414,372
413,371
413,369
412,368
412,367
407,362
406,362
405,361
404,361
402,359
401,359
400,358
399,358
398,357
397,357
396,356
393,356
392,355
390,355
389,354
387,354
386,353
384,353
383,352
380,352
379,351
374,351
373,350
371,350
370,349
368,349
367,348
365,348
362,345
362,344
361,343
361,338
362,337
362,331
363,330
363,326
364,325
364,322
365,321
365,318
366,317
366,316
367,315
367,313
368,312
368,310
369,309
369,306
370,305
370,303
371,302
371,301
372,300
372,299
373,298
373,297
374,296
374,295
375,294
375,292
376,291
376,289
377,288
377,287
379,285
379,283
380,282
380,281
382,279
382,277
383,276
383,275
385,273
385,271
388,268
388,267
389,266
389,265
390,264
390,263
392,261
392,260
393,259
393,258
394,257
394,256
396,254
396,253
398,251
398,250
399,249
399,248
401,246
401,245
402,244
402,243
405,240
405,239
408,236
408,235
409,234
409,233
412,230
412,229
413,228
413,227
417,223
417,222
419,220
419,219
423,215
423,214
426,211
426,210
427,209
427,208
432,203
432,202
435,199
435,198
440,193
440,192
445,187
445,186
446,185
446,184
451,179
451,178
457,172
457,171
463,165
463,164
472,155
472,154
479,147
479,146
486,139
486,138
499,125
499,124
515,108
515,107
518,104
519,104
519,103
535,87
535,86
544,77
544,75
548,71
548,70
550,68
550,67
552,65
552,63
553,62
553,59
