997
385,38
384,39
382,39
381,40
380,40
378,42
377,42
376,43
375,43
373,45
372,45
366,51
365,51
364,52
363,52
359,56
358,56
356,58
355,58
354,59
354,60
342,72
341,72
335,78
334,78
334,79
328,85
328,86
323,91
322,91
321,92
321,93
316,98
315,98
315,99
307,107
307,108
301,114
301,115
300,116
300,117
294,123
294,124
290,128
290,129
287,132
287,133
285,135
285,136
281,140
281,141
280,142
280,143
279,144
279,145
277,147
277,148
276,149
276,150
274,152
274,153
273,154
273,155
270,158
270,159
268,161
268,162
267,163
267,165
265,167
265,168
264,169
264,170
261,173
261,174
260,175
260,177
258,179
258,180
256,182
256,183
255,184
255,185
254,186
254,188
253,189
253,192
252,193
252,200
251,201
251,209
250,210
250,218
251,219
251,225
252,226
252,231
253,232
253,238
254,239
254,241
255,242
255,244
256,245
256,249
257,250
257,268
256,269
256,274
255,275
255,277
254,278
254,281
253,282
253,285
252,286
252,287
246,293
237,293
236,292
232,292
231,291
229,291
228,290
226,290
225,289
224,289
223,288
222,288
213,279
213,278
206,271
206,270
200,264
200,263
198,261
198,260
195,257
195,256
191,252
191,251
190,250
190,249
185,244
185,243
184,242
184,241
179,236
179,235
170,226
170,225
158,213
158,212
152,206
152,205
150,203
150,202
149,202
145,198
145,197
144,196
144,195
143,195
138,190
138,189
137,188
137,187
132,182
132,181
131,180
131,179
125,173
125,172
123,170
123,169
121,167
121,166
117,162
117,161
116,160
116,159
110,153
110,152
96,138
95,138
92,135
91,135
90,134
88,134
87,133
84,133
83,132
81,132
80,131
79,131
78,130
77,130
74,127
73,127
70,124
70,123
69,122
69,121
67,119
67,118
65,116
65,114
64,113
64,112
63,111
63,108
62,107
62,105
61,104
61,103
60,102
60,101
59,100
58,100
57,99
55,99
54,98
53,98
49,94
49,93
48,92
48,91
47,90
47,89
45,87
45,85
44,84
44,81
43,80
43,78
40,78
40,92
39,93
38,93
30,85
30,84
28,82
28,81
27,80
27,79
24,76
24,75
23,74
23,73
22,72
22,71
21,70
21,67
20,66
20,61
17,61
17,66
16,67
16,72
17,73
17,76
18,77
18,78
19,79
19,80
20,81
20,82
21,83
21,84
22,85
22,86
23,87
23,88
24,89
24,90
25,91
25,92
28,95
28,96
30,98
30,99
32,101
32,102
37,107
37,108
54,125
55,125
59,129
60,129
64,133
65,133
71,139
72,139
80,147
81,147
84,150
84,151
85,152
86,152
91,157
91,158
96,163
96,164
100,168
100,169
107,176
107,177
111,181
111,182
117,188
117,189
119,191
119,192
121,194
121,195
124,198
124,199
125,200
125,201
126,202
126,203
128,205
128,206
129,207
129,208
131,210
131,211
132,212
132,213
133,214
133,215
138,220
138,221
145,228
145,230
146,231
146,232
147,233
147,234
148,235
148,236
149,237
149,239
150,240
150,242
151,243
151,245
152,246
152,247
153,248
153,249
155,251
155,252
156,253
156,255
157,256
157,258
158,259
158,261
159,262
159,264
160,265
160,266
161,267
161,268
162,269
162,271
163,272
163,274
164,275
164,276
165,277
165,278
166,279
166,280
167,281
167,285
165,287
162,287
161,286
158,286
157,285
154,285
153,284
149,284
148,283
139,283
138,282
110,282
109,283
106,283
105,284
104,284
103,285
101,285
100,286
99,286
97,288
96,288
94,290
93,290
92,291
91,291
80,302
79,302
72,309
72,310
71,311
71,313
70,314
71,315
71,318
72,319
72,322
73,323
73,324
74,325
74,327
75,328
75,329
76,330
76,331
77,332
77,334
78,335
78,336
79,337
79,346
78,347
78,349
71,356
71,357
69,359
69,360
68,361
68,362
67,363
67,364
66,365
66,369
69,372
70,372
71,373
74,373
75,372
76,372
78,370
78,369
82,365
82,364
83,363
83,362
94,351
95,351
96,350
97,350
100,347
101,347
102,346
104,346
105,345
110,345
111,346
115,346
116,347
119,347
120,348
122,348
123,349
124,349
125,350
127,350
128,351
129,351
132,354
133,354
140,361
140,362
143,365
143,366
145,368
145,369
146,370
146,371
147,372
147,373
149,375
149,376
153,380
153,381
162,390
163,390
167,394
168,394
171,397
172,397
173,398
174,398
178,402
179,402
181,404
182,404
183,405
184,405
186,407
187,407
190,410
191,410
193,412
194,412
199,417
200,417
201,418
202,418
203,419
204,419
207,422
208,422
209,423
210,423
212,425
213,425
214,426
215,426
216,427
217,427
218,428
219,428
220,429
221,429
222,430
223,430
225,432
226,432
227,433
228,433
232,437
232,438
235,441
235,442
238,445
238,450
235,453
235,454
222,467
221,467
220,468
220,469
215,474
215,475
214,476
214,478
213,479
213,490
214,491
214,496
215,497
215,499
216,500
216,501
217,502
217,503
218,503
219,504
221,504
222,505
224,505
225,506
228,506
229,507
238,507
238,506
243,501
244,501
246,499
246,498
248,496
248,495
249,494
249,487
248,486
248,485
247,484
247,483
244,480
243,480
242,479
240,479
239,478
238,478
237,477
235,477
233,475
233,474
232,473
233,472
233,471
236,468
237,468
242,463
242,462
251,453
251,448
252,447
252,444
253,443
253,442
254,441
259,441
260,442
262,442
263,443
265,443
266,444
268,444
269,445
270,445
271,446
273,446
274,447
282,447
283,448
284,448
286,450
286,479
285,480
285,525
284,526
284,532
285,533
285,540
286,541
286,543
288,545
289,545
290,546
291,546
292,547
304,547
305,546
307,546
308,545
309,545
311,547
311,552
312,553
312,555
313,556
313,557
315,559
315,560
316,561
317,561
318,562
319,562
320,563
330,563
335,568
337,568
338,569
351,569
352,570
354,570
355,571
357,571
358,572
359,572
360,573
361,573
362,574
369,574
370,573
371,573
372,572
373,572
374,571
379,571
384,576
393,576
394,575
396,575
397,574
398,574
399,573
400,573
400,572
404,568
405,568
406,567
407,567
408,568
411,568
412,569
414,569
415,570
426,570
427,569
432,569
433,568
435,568
436,567
437,567
439,565
440,565
443,562
444,562
446,560
447,560
452,555
453,555
459,549
459,548
460,547
460,546
461,545
461,538
460,537
460,535
461,534
461,531
462,530
462,528
463,527
463,526
466,523
467,523
469,521
469,520
470,519
470,518
471,517
471,516
472,515
472,514
473,513
473,510
474,509
474,505
473,504
473,496
475,494
475,493
476,492
476,483
475,482
475,481
474,480
474,475
477,472
477,471
478,470
478,466
477,465
477,454
476,453
476,452
469,445
469,443
468,442
468,435
462,429
462,428
460,426
460,425
457,422
457,421
456,420
456,419
455,418
455,417
454,416
454,415
453,414
453,413
452,413
448,409
447,409
446,408
445,408
444,407
443,407
442,406
440,406
439,405
436,405
435,404
432,404
431,403
428,403
427,402
418,402
417,401
412,401
411,400
408,400
407,399
403,399
402,398
393,398
392,397
386,397
385,396
380,396
379,395
374,395
373,394
368,394
367,393
364,393
362,391
361,391
354,384
354,383
353,382
354,381
354,380
358,376
359,376
364,371
365,371
366,370
367,370
368,369
377,369
378,368
379,368
381,366
381,365
382,364
382,362
383,361
383,360
393,350
393,349
394,348
394,346
396,344
396,343
399,340
399,339
407,331
407,330
408,329
408,328
409,327
409,326
419,316
420,316
421,315
421,314
422,313
422,312
425,309
425,308
426,307
426,306
427,305
427,304
428,303
428,302
429,301
429,300
430,299
430,298
431,297
431,295
432,294
432,292
433,291
433,284
434,283
434,280
435,279
435,277
436,276
436,275
437,274
437,272
438,271
438,264
439,263
439,261
440,260
440,259
446,253
446,252
447,251
447,249
448,248
448,243
447,242
447,240
441,234
440,234
438,232
438,231
442,227
442,226
445,223
445,222
446,221
446,212
438,204
438,202
439,201
439,200
441,198
441,197
444,194
444,189
443,188
441,188
440,187
437,187
435,185
435,183
440,178
440,177
441,176
441,170
440,169
440,168
439,167
438,167
437,166
434,166
433,165
432,165
431,164
431,161
432,160
432,159
433,158
433,157
434,156
434,155
435,154
435,153
436,152
436,145
435,144
435,142
434,141
434,139
433,138
433,123
432,122
432,121
431,120
431,119
429,117
434,112
434,111
435,110
435,82
434,82
433,81
432,81
431,80
430,80
427,77
427,74
429,72
429,71
430,70
430,69
431,68
431,62
430,61
430,60
429,59
428,59
427,58
421,58
420,59
418,59
417,60
416,60
414,62
413,62
412,63
409,63
408,62
408,61
407,60
407,44
401,44
400,45
399,45
398,46
393,46
390,43
390,42
389,41
389,39
387,39
386,38
