970
465,31
464,32
462,32
461,33
455,33
454,34
452,34
451,35
436,35
435,36
433,36
429,40
428,40
427,41
426,41
423,44
423,45
422,46
422,47
421,48
421,49
420,50
420,52
419,53
419,55
418,56
418,58
417,59
417,61
416,62
416,64
415,65
415,67
414,68
414,69
411,72
411,73
410,74
410,75
407,78
407,79
406,80
406,81
405,82
405,83
404,84
404,85
401,88
401,89
400,90
400,91
399,92
399,93
398,94
398,95
397,96
397,97
396,98
396,99
395,100
395,101
394,102
394,103
383,114
382,114
381,115
380,115
379,116
378,116
377,117
376,117
375,118
374,118
373,119
372,119
371,120
370,120
369,121
368,121
367,122
366,122
365,123
364,123
361,126
360,126
359,127
358,127
357,128
356,128
355,129
354,129
349,134
348,134
347,135
346,135
343,138
342,138
341,139
340,139
335,144
334,144
333,145
332,145
329,148
328,148
327,149
326,149
325,150
324,150
323,151
321,151
320,152
318,152
317,153
315,153
314,154
312,154
311,155
309,155
308,156
306,156
305,157
299,157
298,158
296,158
295,159
291,159
290,160
288,160
287,161
281,161
280,162
278,162
277,163
267,163
266,164
264,164
263,165
251,165
250,166
248,166
247,167
241,167
240,168
238,168
237,169
231,169
230,170
228,170
227,171
221,171
220,172
218,172
217,173
211,173
210,174
208,174
207,175
203,175
202,176
200,176
199,177
195,177
194,178
192,178
191,179
187,179
186,180
184,180
183,181
181,181
180,182
178,182
177,183
176,183
175,184
174,184
173,185
172,185
171,186
170,186
169,187
168,187
167,188
166,188
165,189
164,189
163,190
162,190
161,191
160,191
159,192
158,192
157,193
156,193
153,196
152,196
151,197
150,197
147,200
146,200
145,201
144,201
141,204
140,204
139,205
138,205
135,208
134,208
133,209
132,209
131,210
130,210
129,211
128,211
127,212
126,212
125,213
124,213
123,214
122,214
121,215
120,215
119,216
118,216
117,217
103,217
102,216
101,216
100,215
99,215
98,214
97,214
86,203
86,202
85,201
85,200
82,197
82,196
81,195
81,194
80,193
80,192
79,191
79,190
78,189
78,188
77,187
77,185
76,184
76,180
75,179
75,177
74,176
74,162
75,161
75,159
76,158
76,152
77,151
77,149
78,148
78,146
79,145
79,143
80,142
80,141
81,140
81,136
78,136
77,137
76,137
75,138
75,139
74,140
74,141
72,143
72,144
71,145
71,147
70,148
70,150
69,151
69,153
68,154
68,156
67,157
67,161
66,162
66,164
65,165
65,173
64,174
64,176
63,177
63,197
64,198
64,200
65,201
65,203
66,204
66,206
67,207
67,208
68,209
68,210
69,211
69,212
78,221
79,221
80,222
81,222
82,223
83,223
84,224
85,224
86,225
87,225
88,226
92,226
93,227
95,227
96,228
100,228
101,229
103,229
104,230
108,230
109,231
111,231
112,232
114,232
115,233
117,233
121,237
121,241
120,242
120,244
119,245
119,265
120,266
120,268
121,269
121,277
122,278
122,280
123,281
123,285
124,286
124,288
125,289
125,293
126,294
126,296
127,297
127,299
128,300
128,302
129,303
129,307
130,308
130,310
131,311
131,321
132,322
132,324
133,325
133,331
132,332
132,334
131,335
131,339
130,340
130,341
129,342
129,343
128,344
128,345
127,346
127,347
126,348
126,349
113,362
113,363
112,364
112,366
111,367
111,373
110,374
110,376
109,377
109,381
110,382
110,384
111,385
111,437
112,438
112,440
113,441
113,442
116,445
117,445
118,446
119,446
120,447
121,447
122,448
123,448
124,449
125,449
126,450
146,450
147,449
148,449
149,448
150,448
150,433
144,427
143,427
142,426
141,426
140,425
139,425
138,424
137,424
136,423
135,423
131,419
131,417
130,416
130,406
131,405
131,403
132,402
132,398
133,397
133,395
134,394
134,392
135,391
135,389
136,388
136,386
137,385
137,383
138,382
138,381
139,380
139,379
140,378
140,377
142,375
145,375
147,377
147,385
146,386
146,388
145,389
145,393
144,394
144,396
143,397
143,407
144,408
144,410
146,412
147,412
148,413
149,413
150,414
154,414
155,415
157,415
158,416
184,416
185,415
186,415
188,413
188,401
187,401
186,400
184,400
183,399
175,399
174,398
173,398
170,395
170,394
169,393
169,392
168,391
168,390
167,389
167,387
166,386
166,382
165,381
165,379
164,378
164,368
165,367
165,365
166,364
166,363
167,362
167,361
168,360
168,359
175,352
175,351
176,350
176,349
181,344
181,343
182,342
182,341
185,338
185,337
186,336
186,335
187,334
187,333
188,332
188,331
190,329
190,327
191,326
191,325
192,324
192,323
193,322
193,321
194,320
194,319
195,318
195,317
196,316
196,315
197,314
197,313
198,312
198,311
199,310
199,309
200,308
200,304
201,303
201,301
202,300
202,299
203,298
203,297
204,296
204,295
205,294
205,293
206,292
206,291
215,282
216,282
217,281
218,281
219,280
220,280
221,279
222,279
223,278
224,278
225,277
227,277
228,276
230,276
231,275
233,275
234,274
238,274
239,273
241,273
242,272
264,272
265,273
267,273
268,274
276,274
277,275
279,275
280,276
296,276
297,277
299,277
300,278
308,278
309,279
311,279
312,280
316,280
317,281
319,281
320,282
328,282
329,283
331,283
332,284
348,284
351,287
351,335
350,336
350,338
349,339
349,343
348,344
348,346
347,347
347,349
346,350
346,352
345,353
345,357
344,358
344,360
343,361
343,365
342,366
342,368
341,369
341,377
342,378
342,380
343,380
352,389
352,390
353,391
353,392
356,395
356,396
357,397
357,398
362,403
363,403
364,404
386,404
387,403
389,403
390,402
394,402
395,401
396,401
396,393
394,391
394,390
393,389
393,388
390,385
389,385
388,384
386,384
385,383
381,383
380,382
379,382
378,381
377,381
373,377
373,376
372,375
372,374
371,373
371,371
370,370
370,356
371,355
371,353
372,352
372,350
373,349
373,347
374,346
374,344
375,343
375,341
376,340
376,338
377,337
377,335
378,334
378,333
379,332
379,331
380,330
380,329
381,328
381,327
382,326
382,324
383,323
383,321
384,320
384,318
385,317
385,315
386,314
386,308
387,307
387,305
388,304
388,300
389,299
389,297
390,296
390,292
391,291
391,289
392,288
392,287
393,286
393,285
397,281
399,281
400,280
401,281
403,281
404,282
406,282
407,283
409,283
410,284
412,284
413,285
415,285
416,286
417,286
418,287
419,287
421,289
421,301
420,302
420,303
419,304
419,305
418,306
418,307
417,308
417,309
416,310
416,311
409,318
409,319
408,320
408,321
406,323
406,324
405,325
405,327
404,328
404,330
403,331
403,347
404,348
404,350
405,351
405,352
415,352
419,348
419,347
420,346
420,345
421,344
421,343
422,342
422,341
423,340
423,339
424,338
424,337
429,332
429,331
430,330
430,329
435,324
435,323
436,322
436,321
437,320
437,319
438,318
438,317
439,316
439,315
440,314
440,312
441,311
441,309
442,308
442,307
443,306
443,305
444,304
444,302
445,301
445,299
446,298
446,276
445,275
445,274
432,261
431,261
430,260
429,260
424,255
424,251
427,248
428,248
429,247
430,247
441,236
441,235
442,234
442,233
444,231
444,229
445,228
445,227
446,226
446,224
447,223
447,221
448,220
448,216
449,215
449,213
450,212
450,206
451,205
451,203
452,202
452,196
453,195
453,193
454,192
454,186
455,185
455,183
456,182
456,181
457,180
457,179
458,178
458,177
459,176
459,175
460,174
460,173
461,172
461,171
462,170
462,169
463,168
463,167
464,166
464,165
465,164
465,163
466,162
466,161
468,159
468,157
469,156
469,155
470,154
470,153
471,152
471,151
472,150
472,149
473,148
473,147
474,146
474,142
475,141
475,139
476,138
476,136
477,135
477,133
478,132
478,128
479,127
479,125
480,124
480,122
481,121
481,119
482,118
482,114
483,113
483,111
484,110
484,109
485,108
485,107
486,106
486,105
493,98
494,98
495,97
496,97
497,96
498,96
499,95
500,95
501,94
502,94
503,93
504,93
507,90
508,90
509,89
510,89
511,88
511,87
512,86
512,85
513,84
513,83
514,82
514,81
517,78
518,78
519,77
520,77
521,76
522,76
523,75
524,75
529,70
529,69
530,68
530,67
532,65
532,63
533,62
533,61
534,60
534,39
533,38
531,38
530,37
519,37
518,38
516,38
515,39
513,39
512,40
510,40
509,41
491,41
490,40
489,40
488,39
487,39
486,38
485,38
481,34
480,34
479,33
477,33
476,32
474,32
473,31
465,31
