927
149,66
148,67
143,67
142,68
139,68
138,69
134,69
133,70
130,70
129,71
128,71
127,72
125,72
124,73
123,73
122,74
121,74
119,76
118,76
117,77
116,77
114,79
113,79
112,80
112,81
109,84
109,85
103,91
103,92
102,93
102,94
101,95
101,101
102,102
102,103
103,104
103,105
114,116
115,116
117,118
118,118
119,119
120,119
123,122
124,122
125,123
126,123
128,125
129,125
130,126
131,126
133,128
135,128
136,129
137,129
139,131
140,131
141,132
142,132
144,134
145,134
146,135
147,135
150,138
151,138
152,139
153,139
154,140
155,140
157,142
158,142
159,143
160,143
163,146
164,146
168,150
169,150
170,151
171,151
173,153
174,153
177,156
177,157
184,164
184,165
185,166
185,167
186,168
186,169
187,170
187,174
188,175
188,194
187,195
187,199
186,200
186,202
185,203
185,204
184,205
184,207
183,208
183,210
182,211
182,212
181,213
181,214
180,215
180,216
177,219
177,220
175,222
175,223
171,227
171,228
170,229
170,230
169,231
169,232
168,233
168,234
167,235
167,237
166,238
166,239
165,240
165,241
164,242
164,243
163,244
163,245
162,246
162,248
161,249
161,252
160,253
160,255
159,256
159,259
158,260
158,264
157,265
157,267
156,268
156,272
155,273
155,276
153,278
153,279
152,280
152,283
151,284
151,286
150,287
150,288
149,289
149,291
148,292
148,294
147,295
147,296
146,297
146,298
144,300
144,301
141,304
141,305
140,306
140,307
134,313
133,313
132,314
124,314
123,313
108,313
107,314
105,314
104,315
103,315
102,316
101,316
100,317
98,317
97,318
96,318
80,334
79,334
70,343
70,344
69,345
69,346
68,347
68,348
67,349
67,350
65,352
65,353
64,354
64,357
65,357
66,358
67,358
68,359
73,359
74,358
76,358
77,357
81,357
82,356
84,356
85,355
87,355
88,354
92,354
93,355
94,355
95,356
96,356
97,357
98,357
99,358
100,358
109,367
110,367
112,369
113,369
114,370
156,370
157,369
162,369
163,368
165,368
166,367
171,367
172,366
174,366
175,365
177,365
178,364
180,364
181,363
182,363
185,360
186,360
187,359
188,359
190,357
192,357
195,354
196,354
199,351
200,351
203,348
204,348
205,347
207,347
208,346
209,346
210,347
213,347
214,348
216,348
218,350
219,350
220,351
221,351
223,353
224,353
225,354
227,354
228,355
229,355
230,356
231,356
232,357
233,357
234,358
235,358
236,359
237,359
244,366
244,367
245,367
248,370
248,372
249,373
249,374
250,375
250,377
251,378
251,381
252,382
252,384
253,385
253,387
254,388
254,390
255,391
255,392
256,393
256,395
257,396
257,397
258,398
258,399
259,400
259,401
260,402
260,403
263,406
263,407
266,410
266,411
267,412
267,413
268,414
268,415
269,416
269,418
270,419
270,421
271,422
271,423
272,424
272,426
273,427
273,429
274,430
274,441
272,443
272,444
268,448
267,448
263,452
262,452
261,453
261,454
257,458
257,459
246,470
245,470
244,471
243,471
234,480
233,480
232,481
228,481
227,482
223,482
222,483
218,483
217,484
208,484
207,485
204,485
203,486
202,486
201,487
198,487
197,488
194,488
193,489
190,489
189,490
157,490
156,489
155,489
154,490
151,490
150,491
149,491
147,493
147,498
153,504
154,504
155,505
157,505
158,506
162,506
163,507
166,507
167,508
214,508
215,507
221,507
222,506
239,506
240,505
245,505
246,504
250,504
251,503
260,503
261,502
265,502
266,501
269,501
270,500
277,500
278,499
288,499
289,500
301,500
302,499
303,499
303,495
293,485
293,484
292,483
292,482
291,481
291,480
292,479
292,478
299,471
300,471
301,470
302,470
304,468
306,468
307,467
308,467
310,465
311,465
312,464
313,464
315,462
316,462
317,461
318,461
319,460
320,460
321,459
323,459
325,457
326,457
333,450
334,450
340,444
340,443
342,441
342,440
343,439
343,438
344,437
344,435
345,434
345,421
344,420
344,417
343,416
343,412
342,411
342,406
341,405
341,400
340,399
340,391
341,390
341,387
342,386
342,385
347,380
348,380
349,379
352,379
353,378
357,378
358,377
363,377
364,376
378,376
379,375
388,375
389,376
397,376
398,377
400,377
401,378
403,378
404,379
407,379
408,380
410,380
412,382
414,382
415,383
418,383
419,384
421,384
422,385
426,385
427,386
471,386
472,387
493,387
494,386
495,386
496,387
500,387
501,388
504,388
505,389
507,389
510,392
511,392
512,393
513,393
514,394
516,394
517,395
519,395
520,396
525,396
526,395
528,395
531,392
532,392
534,390
535,390
536,389
538,389
539,388
540,388
542,386
543,386
544,385
545,385
546,384
547,384
548,383
550,383
551,382
552,382
553,381
554,381
556,379
558,379
563,374
563,373
564,372
564,369
563,368
563,367
555,359
554,359
553,358
551,358
550,357
548,357
547,356
546,356
545,355
543,355
542,354
541,354
540,353
539,353
538,352
536,352
535,351
534,351
533,350
532,350
531,349
530,349
529,348
528,348
527,347
526,347
525,346
524,346
523,345
522,345
520,343
519,343
518,342
517,342
516,341
515,341
514,340
513,340
512,339
511,339
510,338
509,338
508,337
507,337
506,336
505,336
504,335
502,335
501,334
500,334
499,333
496,333
495,332
493,332
492,331
491,331
490,330
488,330
487,329
485,329
484,328
483,328
482,327
480,327
479,326
477,326
475,324
474,324
473,323
470,323
469,322
464,322
463,321
460,321
459,320
456,320
455,319
452,319
451,318
450,318
449,317
447,317
446,316
445,316
444,315
443,315
442,314
441,314
440,313
439,313
438,312
437,312
436,311
435,311
434,310
433,310
432,309
431,309
430,308
428,308
427,307
425,307
423,305
422,305
421,304
419,304
418,303
417,303
416,302
415,302
414,301
413,301
412,300
411,300
409,298
408,298
407,297
406,297
404,295
403,295
394,286
394,285
393,284
392,284
381,273
381,270
386,265
388,265
389,264
391,264
392,263
395,263
396,262
399,262
400,261
402,261
403,260
406,260
407,259
412,259
413,258
418,258
419,257
424,257
425,256
426,256
427,257
443,257
444,256
449,256
450,255
451,255
460,246
461,246
464,243
465,243
466,242
469,242
470,241
471,242
478,242
479,243
498,243
499,242
501,242
502,241
503,241
506,238
506,237
507,236
507,225
506,224
506,221
505,220
505,217
504,216
504,208
503,207
503,203
502,202
502,199
501,198
501,194
502,193
502,192
505,189
506,190
509,190
510,191
511,191
512,192
514,192
516,194
517,194
518,195
520,195
521,196
523,196
525,198
527,198
528,199
530,199
531,200
534,200
535,201
537,201
538,202
547,202
548,203
553,203
554,202
555,202
556,201
556,198
555,197
555,195
554,194
554,193
553,192
553,191
549,187
549,186
548,185
547,185
543,181
542,181
539,178
538,178
536,176
535,176
534,175
535,174
536,174
537,173
538,173
539,174
541,174
542,175
543,175
545,177
547,177
548,178
550,178
551,179
561,179
562,178
563,178
563,171
559,167
559,166
558,165
558,164
557,163
557,161
556,160
556,158
555,157
555,152
554,151
554,149
553,148
553,147
549,143
549,142
548,142
543,137
542,137
539,134
538,134
537,133
536,133
535,132
533,132
532,131
531,131
530,130
528,130
527,129
526,129
525,128
524,128
523,127
522,127
521,126
519,126
518,125
517,125
510,118
510,117
509,116
509,115
507,113
507,112
506,111
506,110
504,108
504,107
502,105
501,105
497,101
496,101
494,99
493,99
492,98
489,98
488,97
484,97
483,96
480,96
479,95
473,95
472,94
467,94
466,93
463,93
462,92
459,92
458,91
455,91
454,90
453,90
452,89
451,89
450,88
448,88
447,87
446,87
445,86
443,86
439,82
438,82
437,81
435,81
434,80
433,80
432,79
429,79
428,78
421,78
420,79
395,79
394,78
315,78
314,79
288,79
287,78
276,78
275,77
273,77
272,76
269,76
268,75
264,75
263,74
260,74
259,73
247,73
246,74
243,74
242,75
238,75
237,76
218,76
217,75
212,75
211,74
208,74
207,73
203,73
202,72
198,72
197,71
194,71
193,70
189,70
188,69
185,69
184,68
182,68
181,67
178,67
177,66
149,66
