752
328,44
327,45
321,45
320,46
317,46
316,47
313,47
312,48
309,48
308,49
306,49
305,50
303,50
302,51
301,51
300,52
299,52
298,53
297,53
296,54
295,54
294,55
293,55
291,57
290,57
288,59
287,59
278,68
277,68
276,69
273,69
272,70
263,70
262,71
259,71
258,72
257,72
256,73
255,73
254,74
253,74
252,75
250,75
249,76
248,76
247,77
246,77
245,78
244,78
243,79
242,79
239,82
239,83
237,85
237,86
235,88
235,89
232,92
232,93
226,99
225,99
223,101
222,101
220,103
219,103
218,104
217,104
215,106
214,106
213,107
212,107
210,109
209,109
207,111
206,111
204,113
203,113
201,115
200,115
198,117
197,117
195,119
194,119
187,126
187,127
184,130
184,131
182,133
182,134
181,135
181,137
180,138
180,140
179,141
179,144
178,145
178,150
179,151
179,154
180,155
180,156
181,157
181,158
182,159
182,160
184,162
184,163
188,167
189,167
190,168
196,168
198,166
198,165
199,164
199,163
201,161
201,160
207,154
208,154
210,152
211,152
212,151
213,151
214,150
215,150
216,149
217,149
218,148
219,148
220,147
221,147
223,145
224,145
225,144
226,144
227,143
228,143
231,140
232,140
233,139
234,139
235,138
236,138
237,137
238,137
239,136
240,136
241,135
242,135
243,134
245,134
246,133
247,133
249,131
250,131
251,130
252,130
253,129
257,129
258,130
261,130
262,131
264,131
266,133
267,133
268,134
269,134
272,137
272,153
273,154
273,157
274,158
274,161
275,162
275,164
276,165
276,166
277,167
277,168
279,170
279,172
278,173
278,174
267,185
267,186
258,195
258,196
255,199
255,200
253,202
253,203
248,208
248,209
243,214
243,215
240,218
240,219
238,221
238,222
237,223
237,224
236,225
236,226
235,227
235,228
234,229
234,231
233,232
233,233
232,234
232,236
231,237
231,239
230,240
230,243
229,244
229,246
228,247
228,250
227,251
227,253
226,254
226,256
225,257
225,259
224,260
224,262
223,263
223,264
222,265
222,267
221,268
221,269
220,270
220,272
219,273
219,276
218,277
218,279
217,280
217,283
216,284
216,287
215,288
215,290
214,291
214,293
213,294
213,296
212,297
212,299
211,300
211,303
210,304
210,306
209,307
209,309
208,310
208,312
207,313
207,315
206,316
206,318
205,319
205,321
203,323
203,324
202,325
202,327
201,328
201,329
200,330
200,331
199,332
199,334
198,335
198,337
197,338
197,340
196,341
196,343
195,344
195,345
194,346
194,349
193,350
193,353
192,354
192,358
191,359
191,362
190,363
190,367
189,368
189,372
188,373
188,376
187,377
187,381
186,382
186,385
185,386
185,390
184,391
184,395
183,396
183,403
182,404
182,409
181,410
181,416
180,417
180,421
179,422
179,427
178,428
178,434
177,435
177,446
176,447
176,458
177,459
177,467
178,468
178,472
179,473
179,477
180,478
180,481
181,482
181,485
182,486
182,489
183,490
183,492
184,493
184,494
185,495
185,496
186,497
186,498
191,503
192,503
193,504
194,504
195,505
196,505
197,506
199,506
200,507
201,507
205,511
207,511
210,514
216,514
217,515
218,515
219,516
220,516
221,517
230,517
231,516
232,516
233,517
235,517
236,518
237,518
239,520
240,520
241,521
243,521
244,522
251,522
252,523
255,523
256,524
258,524
259,525
260,525
265,530
265,531
266,532
266,533
270,537
270,538
271,539
272,539
273,540
276,540
277,539
278,540
282,540
283,541
285,541
289,545
291,545
292,546
294,546
295,547
296,547
298,549
299,549
300,550
301,550
302,551
304,551
305,552
313,552
314,551
315,551
316,550
318,550
319,549
321,549
322,548
323,548
323,546
327,542
340,542
341,541
346,541
351,536
352,536
354,534
355,534
356,533
357,533
362,528
363,528
365,526
366,526
367,525
375,525
376,524
377,524
377,519
371,513
371,512
370,511
370,510
368,508
368,507
367,507
365,505
364,505
363,504
362,504
361,503
360,503
359,502
358,502
353,497
352,497
351,496
350,496
349,495
348,495
347,494
346,494
344,492
344,489
348,485
350,485
351,484
351,482
352,481
352,479
353,478
353,475
354,474
354,464
353,463
353,461
354,460
354,458
355,457
355,455
356,454
356,452
357,451
357,449
358,448
358,447
359,446
359,444
360,443
360,438
361,437
361,435
362,434
362,432
363,431
363,427
364,426
364,423
365,422
365,418
366,417
366,415
367,414
367,413
368,412
368,411
371,408
371,407
374,404
374,403
376,401
376,400
381,395
383,395
384,394
388,394
389,395
400,395
401,394
403,394
404,393
406,393
407,392
408,392
409,391
409,384
408,383
408,381
407,380
407,379
405,377
405,376
404,375
404,374
403,373
403,372
401,370
401,369
398,366
398,365
395,362
395,361
392,358
392,357
390,355
390,354
387,351
387,350
386,349
386,348
385,347
385,346
384,345
384,343
382,341
382,340
381,339
381,338
379,336
379,334
378,333
378,330
379,329
379,325
380,324
380,321
381,320
381,319
383,317
383,316
387,312
387,311
391,307
391,306
393,304
393,303
395,301
395,300
397,298
397,297
398,296
398,295
399,294
399,293
400,292
400,291
401,290
401,289
402,288
402,287
403,286
403,284
404,283
404,282
405,281
405,280
406,279
406,277
407,276
407,275
408,274
408,272
409,271
409,270
410,269
410,266
411,265
411,256
412,255
412,247
413,246
413,225
412,224
412,221
411,220
411,218
410,217
410,216
409,215
409,213
408,212
408,210
407,209
407,206
406,205
406,203
405,202
405,201
404,200
404,198
403,197
403,195
402,194
402,192
401,191
401,189
400,188
400,187
399,186
399,184
398,183
398,181
397,180
397,178
396,177
396,175
395,174
395,172
394,171
394,170
393,169
393,167
392,166
392,165
391,164
391,162
390,161
390,160
388,158
388,157
386,155
386,154
385,153
385,152
377,144
377,143
376,142
377,141
377,138
378,137
378,135
379,134
379,133
380,132
380,131
381,130
381,129
385,125
386,125
388,123
389,123
390,122
392,122
393,121
398,121
399,120
399,118
400,117
400,116
407,109
407,108
408,107
408,106
409,105
409,103
410,102
410,100
411,99
411,97
412,96
412,88
411,87
411,85
410,84
410,83
408,81
408,79
407,78
407,77
406,76
406,75
405,74
405,73
403,71
403,70
399,66
398,66
396,64
395,64
393,62
392,62
390,60
389,60
388,59
386,59
385,58
384,58
383,57
382,57
381,56
379,56
378,55
377,55
376,54
374,54
373,53
371,53
370,52
368,52
367,51
366,51
365,50
362,50
361,49
358,49
357,48
354,48
353,47
349,47
348,46
343,46
342,45
337,45
336,44
328,44
