1076
461,87
460,88
458,88
457,89
455,89
454,90
453,90
452,91
451,91
450,92
449,92
448,93
447,93
446,94
445,94
442,97
441,97
440,98
439,98
437,100
436,100
435,101
434,101
415,120
414,120
414,121
412,123
412,124
411,125
411,127
410,128
410,129
407,132
407,133
394,146
394,147
388,153
387,153
386,154
385,154
384,155
383,155
382,156
381,156
378,159
377,159
376,160
375,160
372,163
371,163
370,164
369,164
366,167
362,167
361,168
359,168
357,170
356,170
355,171
354,171
351,174
350,174
349,175
347,175
346,176
345,176
343,178
342,178
341,179
336,179
335,180
333,180
332,181
322,181
321,182
318,182
317,183
316,183
314,185
274,185
273,184
271,184
270,183
269,183
268,182
267,182
266,181
265,181
264,180
262,180
261,179
257,179
256,178
255,178
254,177
253,177
252,176
250,176
249,175
247,175
246,174
244,174
243,173
241,173
240,172
238,172
237,171
233,171
232,170
230,170
229,169
227,169
226,168
224,168
223,167
219,167
218,166
216,166
215,165
190,165
189,166
186,166
185,167
183,167
182,168
181,168
180,169
179,169
178,170
177,170
176,171
175,171
174,172
173,172
172,173
171,173
170,174
169,174
168,175
167,175
166,176
165,176
162,179
159,179
158,180
156,180
155,181
118,181
117,180
115,180
114,179
108,179
107,178
105,178
104,177
103,177
102,176
101,176
100,175
99,175
98,174
97,174
96,173
95,173
94,172
93,172
92,171
91,171
90,170
89,170
88,169
87,169
77,159
77,157
76,156
76,154
74,152
74,151
73,150
73,137
74,136
74,135
77,132
77,130
82,125
84,125
85,124
86,124
87,123
89,123
90,122
92,122
93,121
104,121
105,122
107,122
108,123
122,123
125,120
125,115
115,105
114,105
113,104
110,104
109,103
88,103
87,104
85,104
84,105
83,105
82,106
81,106
80,107
79,107
78,108
77,108
76,109
75,109
74,110
73,110
72,111
71,111
70,112
69,112
57,124
57,125
56,126
56,128
55,129
55,130
54,131
54,132
53,133
53,134
52,135
52,137
51,138
51,149
52,150
52,152
53,153
53,154
54,155
54,156
55,157
55,158
56,159
56,161
57,162
57,164
58,165
58,166
59,167
59,168
60,169
60,170
79,189
81,189
83,191
85,191
87,193
89,193
91,195
93,195
95,197
96,197
97,198
98,198
99,199
104,199
105,200
107,200
108,201
112,201
113,202
115,202
117,204
119,204
120,205
126,205
127,206
128,206
129,207
129,210
120,219
120,220
119,221
119,222
115,226
115,228
114,229
114,232
113,233
113,235
112,236
112,238
111,239
111,242
110,243
110,244
109,245
109,246
108,247
108,249
107,250
107,261
106,262
106,264
105,265
105,270
104,271
104,272
103,273
103,274
102,275
102,277
101,278
101,287
100,288
100,290
99,291
99,294
98,295
98,296
97,297
97,299
96,300
96,302
95,303
95,304
94,305
94,306
93,307
93,308
92,309
92,310
91,311
91,312
88,315
88,316
87,317
87,318
86,319
86,320
85,321
85,323
84,324
84,326
83,327
83,329
82,330
82,332
81,333
81,337
80,338
80,340
79,341
79,345
78,346
78,348
77,349
77,351
76,352
76,354
75,355
75,357
74,358
74,360
73,361
73,362
72,363
72,364
71,365
71,366
66,371
66,372
65,373
65,375
64,376
64,378
63,379
63,392
62,393
62,395
61,396
61,408
60,409
60,410
59,411
59,412
58,413
58,415
57,416
57,436
58,437
58,441
59,442
59,447
60,448
60,450
61,451
61,452
62,453
62,454
65,457
65,460
66,461
66,463
67,464
67,465
73,471
95,471
96,470
98,470
99,469
101,469
102,468
103,468
104,467
104,466
105,465
105,459
101,455
101,453
98,450
96,450
95,449
89,449
82,442
82,441
81,440
81,414
82,413
82,410
83,409
83,399
84,398
84,396
85,395
85,393
86,392
86,391
87,390
87,388
90,385
90,383
91,382
91,379
92,378
92,377
95,374
95,373
96,372
96,371
97,370
97,368
99,366
99,364
105,358
105,356
137,324
137,322
154,305
156,305
167,294
170,294
171,295
171,318
170,319
170,320
169,321
169,322
168,323
168,324
167,325
167,326
166,327
166,328
165,329
165,330
162,333
161,333
161,334
150,345
150,351
151,352
151,353
153,355
153,356
154,357
154,358
155,359
155,360
156,361
156,363
157,364
157,366
158,367
158,368
159,369
159,370
160,371
160,373
161,374
161,376
162,377
162,379
163,380
163,385
164,386
164,389
165,390
165,397
166,398
166,400
173,407
173,408
174,409
174,411
175,412
175,416
176,417
176,419
177,420
177,429
178,430
178,432
183,437
185,437
187,439
189,439
191,441
193,441
195,443
201,443
202,442
204,442
205,441
209,441
210,440
211,440
213,438
214,438
215,437
219,437
219,430
218,429
218,428
217,427
217,425
213,421
212,421
211,420
209,420
208,419
205,419
203,417
202,417
198,413
197,413
189,405
189,403
188,402
188,401
187,400
187,397
186,396
186,395
185,394
185,393
184,392
184,391
183,390
183,388
182,387
182,385
181,384
181,353
182,352
182,351
183,350
183,348
196,335
198,335
204,329
206,329
212,323
214,323
231,306
231,304
236,299
239,299
241,301
243,301
247,305
249,305
257,313
259,313
267,321
269,321
277,329
279,329
283,333
285,333
289,337
291,337
295,341
296,341
297,342
298,342
299,343
301,343
303,345
305,345
306,346
307,346
308,347
310,347
313,350
313,357
312,358
312,360
311,361
311,373
312,374
312,376
315,379
315,380
316,381
316,382
317,383
317,384
318,385
318,387
319,388
319,390
320,391
320,393
321,394
321,396
322,397
322,399
323,400
323,402
324,403
324,404
325,405
325,406
326,407
326,408
327,409
327,410
328,411
328,412
329,413
329,414
330,415
330,416
335,421
335,422
336,423
336,424
337,425
337,426
338,427
338,428
339,429
339,430
340,431
340,432
341,433
341,434
342,435
342,437
343,438
343,440
344,441
344,442
345,443
345,444
346,445
346,447
347,448
347,450
348,451
348,452
349,453
349,454
350,455
350,456
351,457
351,458
352,459
352,460
353,461
353,462
354,463
354,464
357,467
357,468
358,469
358,470
361,473
361,485
362,486
362,488
369,495
369,496
370,497
370,499
371,500
371,501
378,508
379,508
380,509
397,509
398,508
399,508
400,507
402,507
407,502
407,497
404,494
404,493
403,492
403,490
402,489
402,488
401,487
400,487
399,486
397,486
396,485
395,485
394,484
393,484
392,483
391,483
387,479
387,477
383,473
383,471
379,467
379,465
375,461
375,459
374,458
374,457
373,456
373,454
372,453
372,452
371,451
371,449
370,448
370,447
369,446
369,442
368,441
368,439
367,438
367,435
366,434
366,433
365,432
365,431
364,430
364,429
363,428
363,426
362,425
362,423
361,422
361,418
360,417
360,415
359,414
359,406
358,405
358,403
357,402
357,388
356,387
356,385
355,384
355,377
356,376
356,375
357,374
357,372
363,366
365,366
366,365
374,365
378,361
379,361
380,360
383,360
384,359
394,359
395,360
396,360
397,361
397,377
398,378
398,380
399,381
399,387
400,388
400,390
401,391
401,393
402,394
402,395
403,396
403,409
404,410
404,412
405,413
405,467
406,468
406,470
408,472
408,473
409,474
409,478
410,479
410,481
411,482
411,483
413,485
415,485
417,487
417,488
418,489
418,490
424,496
425,496
426,497
442,497
446,493
448,493
450,491
450,490
451,489
451,484
450,483
450,482
445,477
445,475
442,472
441,472
440,471
439,471
438,470
437,470
436,469
435,469
431,465
431,463
430,462
430,461
429,460
429,448
428,447
428,444
427,443
427,422
428,421
428,418
429,417
429,401
430,400
430,398
431,397
431,389
432,388
432,386
433,385
433,379
434,378
434,376
435,375
435,373
436,372
436,370
437,369
437,367
438,366
438,365
439,364
439,341
440,340
440,338
441,337
441,335
442,334
442,333
443,332
443,331
444,330
444,328
445,327
445,325
446,324
446,323
447,322
447,320
450,317
450,316
451,315
451,313
452,312
452,311
453,310
453,308
455,306
455,289
454,288
454,287
453,286
453,270
452,269
452,267
451,266
451,264
450,263
450,261
449,260
449,254
450,253
450,252
451,251
451,250
453,248
454,248
455,247
459,247
459,243
463,239
464,239
470,233
471,233
472,232
474,232
476,230
478,230
479,229
484,229
485,230
486,230
487,231
489,231
490,232
491,232
492,233
496,233
497,234
499,234
500,235
525,235
526,234
527,234
528,233
530,233
531,232
532,232
533,231
535,231
536,230
537,230
541,226
542,226
542,225
545,222
546,222
547,221
547,220
550,217
550,216
551,215
551,212
550,211
550,210
547,207
547,205
541,199
541,197
533,189
533,187
525,179
525,177
523,175
523,173
522,172
522,171
521,170
521,158
520,157
520,156
517,153
517,151
515,149
515,147
513,145
513,143
509,139
509,137
504,132
504,128
505,127
505,126
507,124
507,123
508,122
508,121
512,117
512,116
513,115
513,113
514,112
514,111
515,110
515,108
528,95
528,92
526,92
525,91
520,91
519,92
517,92
516,93
514,93
513,94
511,94
510,95
509,95
508,96
507,96
506,97
505,97
504,98
503,98
502,99
501,99
500,100
499,100
498,101
497,101
496,102
495,102
490,107
489,107
488,108
487,108
484,111
463,111
462,110
460,110
459,109
457,109
455,107
455,105
456,104
456,103
459,100
459,98
461,96
461,95
462,94
462,93
465,90
465,88
464,88
463,87
461,87
