1409
257,5
256,6
251,6
250,7
244,7
243,8
237,8
236,9
231,9
230,10
227,10
226,11
223,11
222,12
219,12
218,13
216,13
215,14
212,14
211,15
208,15
207,16
206,16
205,17
203,17
202,18
200,18
199,19
198,19
197,20
195,20
194,21
193,21
192,22
190,22
189,23
188,23
186,25
184,25
183,26
182,26
181,27
180,27
179,28
178,28
177,29
176,29
174,31
173,31
172,32
171,32
169,34
168,34
167,35
166,35
164,37
163,37
161,39
160,39
159,40
158,40
154,44
153,44
151,46
150,46
146,50
145,50
137,58
136,58
128,66
128,67
122,73
122,74
117,79
117,80
116,81
116,82
115,83
115,84
112,87
112,88
111,89
111,90
109,92
109,93
108,94
108,95
107,96
107,97
105,99
105,100
104,101
104,102
101,105
100,105
88,117
88,118
86,120
86,121
85,122
85,123
84,124
84,125
83,126
83,129
82,130
82,135
81,136
81,141
80,142
80,148
81,149
81,159
80,160
80,166
79,167
79,169
78,170
78,172
77,173
77,175
76,176
76,178
75,179
75,180
74,181
74,182
73,183
73,184
71,186
71,187
70,188
70,189
68,191
68,192
63,197
63,198
52,209
51,209
48,212
47,212
43,216
42,216
41,217
40,217
39,218
38,218
36,220
35,220
34,221
34,226
37,229
39,229
40,230
41,230
42,231
51,231
52,230
55,230
56,229
59,229
60,228
63,228
64,227
66,227
67,226
68,226
69,225
70,225
71,224
72,224
73,223
74,223
75,222
76,222
78,220
79,220
85,214
85,213
86,212
86,211
87,210
87,209
88,208
88,207
102,193
104,193
105,192
109,192
110,191
112,191
113,190
115,190
116,189
118,189
119,188
120,188
122,186
124,186
125,185
126,185
128,183
129,183
131,181
132,181
134,179
135,179
139,175
140,175
148,167
148,166
152,162
152,161
154,159
154,158
157,155
157,154
158,153
158,152
159,151
159,150
161,148
161,147
162,146
162,145
163,144
163,143
164,142
164,141
166,139
166,138
167,137
167,135
168,134
168,133
169,132
169,130
170,129
170,128
171,127
171,126
172,125
172,123
173,122
173,120
174,119
174,117
175,116
175,114
176,113
176,111
177,110
177,108
178,107
178,105
179,104
179,102
183,98
184,98
185,97
186,97
187,96
189,96
190,95
191,95
192,94
193,94
194,93
196,93
197,92
199,92
200,91
203,91
204,90
207,90
208,89
210,89
211,88
213,88
214,87
218,87
219,86
225,86
226,85
232,85
233,84
243,84
244,83
261,83
262,84
267,84
268,85
272,85
273,86
276,86
277,87
279,87
280,88
281,88
282,89
283,89
284,90
285,90
286,91
287,91
288,92
289,92
290,93
291,93
296,98
297,98
301,102
301,103
305,107
305,108
307,110
307,111
309,113
309,114
310,115
310,116
311,117
311,119
312,120
312,122
313,123
313,124
314,125
314,127
315,128
315,132
316,133
316,146
317,147
317,157
316,158
316,170
315,171
315,176
314,177
314,179
313,180
313,182
312,183
312,186
311,187
311,189
310,190
310,193
309,194
309,195
308,196
308,197
307,198
307,200
306,201
306,202
305,203
305,204
304,205
304,207
302,209
302,210
301,211
301,212
300,213
300,214
299,215
299,216
298,217
298,218
295,221
295,222
294,223
294,224
293,225
293,226
290,229
290,230
289,231
289,232
287,234
287,235
283,239
283,240
281,242
281,243
278,246
277,246
277,247
276,248
276,249
269,256
269,257
264,262
264,263
246,281
246,282
236,292
235,292
218,309
217,309
202,324
201,324
190,335
189,335
177,347
176,347
152,371
152,372
147,377
147,378
142,383
142,384
139,387
139,388
137,390
137,391
135,393
135,394
133,396
133,397
130,400
130,401
129,402
129,403
128,404
128,405
127,406
127,407
126,408
126,409
124,411
124,412
123,413
123,414
122,415
122,416
121,417
121,419
120,420
120,421
119,422
119,423
118,424
118,425
117,426
117,428
116,429
116,431
115,432
115,435
114,436
114,438
113,439
113,441
112,442
112,444
111,445
111,448
110,449
110,453
109,454
109,459
108,460
108,464
107,465
107,468
106,469
106,477
105,478
105,488
104,489
104,493
103,494
103,496
102,497
102,505
101,506
101,511
100,512
100,521
99,522
99,524
98,525
98,529
97,530
97,536
96,537
96,553
95,554
95,557
94,558
94,565
93,566
93,575
94,576
94,577
95,578
98,578
99,579
108,579
109,580
119,580
120,581
133,581
134,582
145,582
146,583
153,583
154,584
162,584
163,585
171,585
172,586
183,586
184,587
194,587
195,588
204,588
205,589
217,589
218,590
232,590
233,591
252,591
253,592
336,592
337,591
352,591
353,590
363,590
364,589
371,589
372,588
378,588
379,587
386,587
387,586
392,586
393,585
398,585
399,584
402,584
403,583
406,583
407,582
410,582
411,581
415,581
416,580
419,580
420,579
423,579
424,578
426,578
427,577
429,577
430,576
432,576
433,575
436,575
437,574
439,574
440,573
441,573
442,572
444,572
445,571
447,571
448,570
449,570
450,569
452,569
453,568
455,568
456,567
457,567
458,566
459,566
460,565
461,565
462,564
464,564
465,563
466,563
467,562
468,562
469,561
470,561
471,560
472,560
474,558
476,558
477,557
478,557
479,556
480,556
481,555
482,555
485,552
486,552
487,551
488,551
489,550
490,550
492,548
493,548
495,546
496,546
498,544
499,544
503,540
504,540
506,538
507,538
512,533
513,533
514,532
515,532
535,512
535,511
539,507
539,506
542,503
542,502
547,497
547,496
548,495
548,494
552,490
552,489
553,488
553,487
554,486
554,485
557,482
557,481
558,480
558,479
560,477
560,476
562,474
562,472
563,471
563,470
564,469
564,460
563,459
562,459
561,458
556,458
556,459
552,463
552,464
547,469
547,470
541,476
540,476
538,478
538,479
531,486
530,486
527,489
526,489
520,495
519,495
515,499
514,499
512,501
511,501
508,504
507,504
506,505
505,505
504,506
503,506
501,508
500,508
499,509
498,509
496,511
495,511
494,512
493,512
492,513
491,513
490,514
489,514
488,515
487,515
486,516
485,516
484,517
483,517
482,518
481,518
480,519
479,519
478,520
476,520
475,521
473,521
472,522
471,522
470,523
468,523
467,524
466,524
465,525
463,525
462,526
460,526
459,527
457,527
456,528
453,528
452,529
449,529
448,530
445,530
444,531
442,531
441,532
439,532
438,533
432,533
431,534
426,534
425,535
418,535
417,536
407,536
406,537
401,537
400,536
401,535
402,535
403,534
405,534
406,533
407,533
408,532
410,532
412,530
413,530
414,529
415,529
416,528
417,528
418,527
419,527
420,526
421,526
422,525
423,525
425,523
426,523
427,522
428,522
429,521
430,521
432,519
433,519
435,517
436,517
437,516
438,516
439,515
440,515
442,513
443,513
445,511
446,511
447,510
448,510
450,508
451,508
455,504
456,504
457,503
458,503
462,499
463,499
466,496
467,496
470,493
471,493
477,487
478,487
484,481
485,481
491,475
492,475
507,460
507,459
516,450
516,449
518,447
518,446
522,442
522,441
524,439
524,438
528,434
528,433
530,431
530,430
532,428
532,427
534,425
534,424
536,422
536,421
538,419
538,418
540,416
540,415
541,414
541,413
542,412
542,411
544,409
544,408
546,406
546,404
547,403
547,402
548,401
548,400
550,398
550,397
551,396
551,395
552,394
552,393
553,392
553,391
554,390
554,389
555,388
555,387
556,386
556,385
557,384
557,383
558,382
558,381
559,380
559,378
560,377
560,376
561,375
561,374
562,373
562,372
563,371
563,369
564,368
564,366
565,365
565,363
566,362
566,360
567,359
567,357
568,356
568,355
569,354
569,352
570,351
570,349
571,348
571,345
572,344
572,342
573,341
573,338
574,337
574,334
575,333
575,330
576,329
576,326
577,325
577,320
578,319
578,314
579,313
579,309
580,308
580,301
581,300
581,289
582,288
582,249
581,248
581,237
580,236
580,230
579,229
579,225
578,224
578,219
577,218
577,214
576,213
576,209
575,208
575,205
574,204
574,202
573,201
573,199
572,198
572,195
571,194
571,192
570,191
570,189
569,188
569,186
568,185
568,183
567,182
567,181
566,180
566,178
565,177
565,175
564,174
564,173
563,172
563,170
562,169
562,168
560,166
560,165
559,164
559,162
558,161
558,160
557,159
557,158
556,157
556,156
554,154
554,152
552,150
552,149
551,148
551,147
549,145
549,144
548,143
548,142
546,140
546,139
545,138
545,137
543,135
543,134
542,133
542,130
540,128
540,126
539,125
539,124
537,122
537,120
536,119
536,116
535,115
535,112
534,111
534,110
533,109
533,107
532,106
532,104
531,103
531,102
530,101
530,99
528,97
528,95
527,94
527,93
526,92
525,92
522,89
518,89
518,91
517,92
517,96
516,97
516,107
515,108
515,110
514,111
514,113
513,114
513,119
512,120
512,123
511,124
511,127
510,128
510,130
509,131
509,133
508,134
508,136
507,137
507,139
506,140
506,142
505,143
505,145
504,146
504,148
503,149
503,150
502,151
502,152
501,153
501,154
500,155
500,157
499,158
499,159
498,160
498,161
497,162
497,163
496,164
496,165
495,166
495,167
494,168
494,169
493,170
493,171
492,172
492,173
491,174
491,175
490,176
490,177
488,179
488,180
487,181
487,182
485,184
485,185
483,187
483,188
482,189
482,190
479,193
479,194
478,195
478,196
475,199
475,200
471,204
471,205
470,206
470,207
465,212
465,213
459,219
459,220
456,223
455,223
455,224
440,239
439,239
431,247
430,247
425,252
424,252
419,257
418,257
413,262
412,262
410,264
409,264
407,266
406,266
403,269
402,269
401,270
400,270
396,274
395,274
394,275
393,275
390,278
389,278
387,280
386,280
385,281
384,281
383,282
382,282
381,283
380,283
377,286
376,286
375,287
374,287
372,289
371,289
369,291
368,291
367,292
366,292
365,293
364,293
363,294
362,294
361,295
360,295
358,297
357,297
356,298
355,298
354,299
353,299
352,300
351,300
350,301
349,301
347,303
346,303
345,304
344,304
343,305
342,305
341,306
340,306
339,307
338,307
337,308
335,308
334,309
333,309
332,310
331,310
330,311
329,311
328,312
327,312
325,314
324,314
323,315
321,315
320,316
319,316
318,317
317,317
316,318
315,318
314,319
313,319
312,320
311,320
310,321
308,321
307,322
306,322
305,323
304,323
303,324
302,324
301,325
300,325
299,326
297,326
296,327
295,327
294,328
293,328
292,329
290,329
289,330
288,330
287,331
286,331
285,332
284,332
283,333
281,333
280,334
279,334
278,335
277,335
276,336
274,336
273,337
272,337
271,338
270,338
269,339
267,339
266,340
265,340
264,341
262,341
261,342
260,342
259,343
258,343
257,344
255,344
254,345
252,345
251,346
250,346
249,347
247,347
246,348
245,348
244,349
243,349
242,350
240,350
239,351
237,351
236,352
235,352
234,353
233,353
230,350
230,349
229,348
237,340
238,340
242,336
243,336
246,333
247,333
249,331
250,331
254,327
255,327
259,323
260,323
262,321
263,321
268,316
269,316
274,311
275,311
281,305
282,305
290,297
291,297
302,286
303,286
322,267
322,266
333,255
333,254
339,248
339,247
344,242
344,241
347,238
347,237
351,233
351,232
353,230
353,229
356,226
356,225
358,223
358,222
359,221
359,220
362,217
362,216
363,215
363,214
364,213
364,212
366,210
366,209
367,208
367,207
368,206
368,205
369,204
369,203
370,202
370,201
371,200
371,199
372,198
372,197
373,196
373,195
374,194
374,192
375,191
375,190
376,189
376,187
377,186
377,183
378,182
378,181
379,180
379,178
380,177
380,174
381,173
381,169
382,168
382,162
383,161
383,156
384,155
384,148
385,147
385,111
384,110
384,103
383,102
383,98
382,97
382,93
381,92
381,88
380,87
380,85
379,84
379,82
378,81
378,80
377,79
377,77
376,76
376,74
375,73
375,72
374,71
374,69
372,67
372,66
371,65
371,64
370,63
370,62
369,61
369,60
368,59
368,58
365,55
365,54
364,53
364,52
363,51
363,50
358,45
358,44
350,36
350,35
349,35
344,30
343,30
340,27
339,27
337,25
336,25
333,22
332,22
331,21
330,21
329,20
328,20
326,18
325,18
324,17
323,17
322,16
320,16
319,15
318,15
317,14
315,14
314,13
312,13
311,12
310,12
309,11
306,11
305,10
302,10
301,9
298,9
297,8
292,8
291,7
287,7
286,6
279,6
278,5
