803
162,23
161,24
157,24
156,25
153,25
152,26
151,26
150,27
149,27
148,28
147,28
137,38
136,38
135,39
134,39
133,40
132,40
131,41
129,41
128,42
126,42
125,43
124,43
123,44
122,44
121,45
120,45
114,51
114,52
112,54
112,55
111,56
111,57
110,58
110,60
109,61
109,64
108,65
108,82
107,83
107,89
106,90
106,95
105,96
105,98
104,99
104,101
103,102
103,104
102,105
102,107
101,108
101,109
100,110
100,111
99,112
99,114
98,115
98,116
97,117
97,118
96,119
96,120
95,121
95,122
93,124
93,125
92,126
92,129
91,130
91,142
92,143
92,145
93,146
93,147
94,148
94,150
95,151
95,153
96,154
96,157
97,158
97,161
98,162
98,182
97,183
97,190
96,191
96,196
97,197
97,201
98,202
98,206
99,207
99,211
100,212
100,215
101,216
101,217
102,218
102,220
103,221
103,224
104,225
104,228
105,229
105,231
106,232
106,234
107,235
107,237
108,238
108,241
109,242
109,246
110,247
110,251
111,252
111,258
112,259
112,264
113,265
113,270
114,271
114,278
115,279
115,283
116,284
116,290
117,291
117,311
118,312
118,317
119,318
119,326
120,327
120,330
121,331
121,334
122,335
122,337
123,338
123,340
124,341
124,343
125,344
125,346
126,347
126,348
127,349
127,350
128,351
128,352
129,353
129,355
130,356
130,357
131,358
131,360
132,361
132,362
133,363
133,364
134,365
134,366
135,367
135,368
136,369
136,370
137,371
137,372
141,376
141,377
147,383
148,383
151,386
152,386
153,387
154,387
155,388
156,388
157,389
159,389
160,390
161,390
162,391
164,391
165,392
167,392
168,393
170,393
171,394
172,394
177,399
177,400
178,401
178,405
179,406
179,409
180,410
180,415
181,416
181,420
182,421
182,431
183,432
183,436
184,437
184,441
185,442
185,447
186,448
186,451
187,452
187,453
188,454
188,455
189,456
189,457
190,458
190,459
191,460
191,461
194,464
194,466
195,467
195,468
196,469
196,471
197,472
197,473
198,474
198,480
199,481
199,484
200,485
200,491
199,492
199,493
198,494
198,495
197,496
197,497
196,498
196,499
195,500
195,501
194,502
194,503
189,508
189,509
188,510
188,511
187,512
187,513
186,514
186,516
185,517
185,518
184,519
184,521
183,522
183,524
182,525
182,528
181,529
181,534
182,535
182,537
183,538
183,539
184,540
185,540
186,541
187,541
189,543
190,543
191,544
193,544
194,545
200,545
201,546
205,546
206,547
209,547
210,548
215,548
216,549
270,549
271,548
276,548
277,547
279,547
280,546
282,546
282,545
283,544
283,540
284,539
284,527
283,526
283,523
282,522
282,517
281,516
281,508
280,507
280,502
279,501
279,483
280,482
280,478
281,477
281,474
282,473
282,470
283,469
283,465
284,464
284,458
285,457
285,454
286,453
286,451
287,450
287,448
288,447
288,445
289,444
289,442
290,441
290,438
291,437
291,435
292,434
292,432
293,431
293,429
294,428
294,425
295,424
295,421
296,420
296,416
297,415
297,413
298,412
298,410
299,409
299,406
300,405
300,402
301,401
301,398
302,397
302,393
303,392
303,389
304,388
304,386
305,385
305,383
306,382
306,381
307,380
307,379
308,378
308,377
310,375
310,374
313,371
313,370
315,368
315,367
332,350
333,350
335,348
336,348
341,343
342,343
343,342
346,342
347,343
349,343
361,355
361,357
362,358
362,360
363,361
363,362
364,363
364,365
365,366
365,368
366,369
366,372
367,373
367,377
368,378
368,381
369,382
369,384
370,385
370,390
371,391
371,400
372,401
372,406
373,407
373,413
374,414
374,417
375,418
375,421
376,422
376,440
375,441
375,443
374,444
374,445
362,457
361,457
358,460
357,460
353,464
352,464
349,467
348,467
347,468
346,468
346,469
345,470
345,472
344,473
345,474
345,476
346,476
347,477
348,477
349,478
351,478
352,479
354,479
355,480
391,480
392,479
393,479
393,478
394,477
394,475
395,474
395,468
396,467
396,463
397,462
397,459
398,458
398,456
399,455
399,453
400,452
400,448
401,447
401,444
402,443
402,441
403,440
403,429
404,428
404,423
405,422
405,372
404,371
404,366
403,365
403,358
402,357
402,349
401,348
401,343
400,342
400,325
401,324
401,319
402,318
402,314
403,313
403,306
404,305
404,304
405,303
406,303
408,305
408,306
409,307
409,308
410,309
410,310
411,311
411,313
412,314
412,316
413,317
413,320
414,321
414,323
415,324
415,326
416,327
416,330
417,331
417,333
418,334
418,336
419,337
419,339
420,340
420,342
421,343
421,345
422,346
422,348
423,349
423,352
424,353
424,355
425,356
425,358
426,359
426,362
427,363
427,365
428,366
428,369
429,370
429,379
430,380
430,386
431,387
431,392
432,393
432,475
433,476
433,479
434,480
434,481
435,482
435,483
438,486
439,486
441,488
460,488
461,487
461,486
462,485
462,484
463,483
463,481
464,480
464,476
465,475
465,426
466,425
466,419
467,418
467,408
469,406
473,410
473,411
475,413
475,414
477,416
477,417
478,418
478,419
479,420
479,421
480,422
480,423
481,424
481,425
482,425
483,426
495,426
496,425
496,424
498,422
498,421
499,420
499,418
500,417
500,403
498,403
497,402
492,402
491,401
487,401
482,396
482,395
478,391
478,390
476,388
476,387
474,385
474,384
472,382
472,381
471,380
471,379
469,377
469,376
468,375
468,374
467,373
467,372
466,371
466,370
465,369
465,368
464,367
464,366
463,365
463,364
462,363
462,361
461,360
461,356
460,355
460,352
459,351
459,326
460,325
460,316
461,315
461,314
464,311
464,310
466,308
466,306
467,305
467,303
468,302
468,300
469,299
469,296
470,295
470,209
469,208
469,203
468,202
468,196
467,195
467,193
466,192
466,191
465,190
465,187
464,186
464,183
463,182
463,180
462,179
462,177
461,176
461,174
460,173
460,171
459,170
459,169
458,168
458,167
457,166
457,165
456,164
456,162
455,161
455,160
453,158
453,157
452,156
452,155
451,154
450,154
444,148
443,148
438,143
438,142
432,136
432,135
429,132
428,132
419,123
419,122
414,117
413,117
412,116
411,116
410,115
409,115
408,114
406,114
405,113
402,113
401,112
376,112
375,113
371,113
370,114
367,114
366,115
363,115
362,116
350,116
349,117
346,117
345,118
339,118
338,117
337,117
333,113
333,112
330,109
330,108
329,107
329,106
326,103
326,102
323,99
323,98
321,96
321,95
319,93
319,92
317,90
317,89
315,87
315,86
314,85
314,84
313,83
313,82
311,80
311,79
310,78
310,77
308,75
308,74
307,73
307,72
306,71
306,69
305,68
305,67
304,66
304,65
303,64
303,63
302,62
302,61
300,59
300,57
299,56
299,55
298,54
298,53
297,52
297,51
296,50
296,49
294,47
294,46
293,45
293,44
292,43
292,42
290,40
290,39
289,38
289,36
288,35
288,34
287,33
286,33
285,32
283,32
282,31
280,31
279,30
276,30
275,29
272,29
271,28
268,28
267,27
264,27
263,26
257,26
256,25
246,25
245,24
238,24
237,23
162,23
