704
299,45
298,46
296,46
294,48
294,49
293,50
293,51
292,52
292,55
291,56
291,59
290,60
290,63
289,64
289,69
288,70
288,77
287,78
287,84
286,85
286,105
287,106
287,114
288,115
288,122
289,123
289,129
290,130
290,138
291,139
291,156
292,157
292,162
293,163
293,167
294,168
294,174
295,175
295,188
293,190
292,190
283,181
283,180
264,161
263,161
262,160
261,160
258,157
257,157
255,155
254,155
251,152
250,152
249,151
248,151
247,150
246,150
244,148
243,148
242,147
241,147
240,146
239,146
238,145
236,145
235,144
234,144
233,143
231,143
230,142
228,142
227,141
226,141
225,140
223,140
222,139
220,139
219,138
218,138
217,137
215,137
214,136
213,136
212,135
210,135
209,134
208,134
207,133
206,133
205,132
203,132
202,131
201,131
200,130
198,130
197,129
196,129
195,128
194,128
193,127
192,127
191,126
189,126
188,125
186,125
185,124
184,124
183,123
182,123
181,122
179,122
178,121
177,121
176,120
174,120
173,119
171,119
170,118
168,118
167,117
161,117
160,118
159,118
159,119
158,120
158,124
159,125
159,126
162,129
162,130
165,133
165,134
167,136
167,137
169,139
169,140
171,142
171,143
180,152
181,152
184,155
185,155
186,156
187,156
188,157
189,157
191,159
192,159
193,160
194,160
195,161
196,161
197,162
198,162
199,163
200,163
201,164
202,164
203,165
204,165
205,166
206,166
207,167
208,167
209,168
210,168
211,169
212,169
213,170
214,170
215,171
216,171
217,172
218,172
219,173
221,173
223,175
225,175
226,176
227,176
228,177
229,177
230,178
231,178
232,179
233,179
234,180
235,180
236,181
237,181
238,182
239,182
240,183
241,183
242,184
243,184
245,186
246,186
247,187
248,187
250,189
251,189
252,190
253,190
255,192
256,192
258,194
259,194
262,197
263,197
267,201
268,201
278,211
278,212
280,214
280,216
281,217
281,218
282,219
282,221
283,222
283,225
284,226
284,235
285,236
285,240
286,241
286,246
287,247
287,258
288,259
288,262
289,263
289,271
288,272
288,274
287,275
287,276
286,277
286,279
285,280
285,282
284,283
284,285
282,287
282,288
280,290
280,291
276,295
276,296
272,300
272,301
254,319
254,320
251,323
251,324
248,327
248,328
246,330
246,331
244,333
244,334
243,335
243,336
242,337
242,338
240,340
240,341
239,342
239,343
238,344
238,345
236,347
236,348
235,349
235,350
234,351
234,352
233,353
233,355
232,356
232,357
230,359
230,360
229,361
229,362
228,363
228,364
226,366
226,367
225,368
225,369
224,370
224,371
223,372
223,373
221,375
221,376
220,377
220,378
219,379
219,380
218,381
218,382
217,383
217,384
216,385
216,386
215,387
215,388
214,389
214,390
213,391
213,393
212,394
212,396
211,397
211,399
210,400
210,403
209,404
209,407
208,408
208,411
207,412
207,416
206,417
206,422
205,423
205,425
206,426
206,429
207,430
207,433
208,434
208,436
209,437
209,440
210,441
210,443
211,444
211,447
212,448
212,452
213,453
213,465
211,467
209,467
208,466
207,466
202,461
202,460
199,457
198,457
197,456
193,456
192,457
191,457
189,459
189,460
188,461
188,462
187,463
187,466
186,467
186,484
187,485
187,488
188,489
188,492
189,493
189,494
190,495
190,496
192,498
192,499
194,501
195,501
196,502
198,502
199,503
201,503
202,504
206,504
207,505
212,505
213,506
216,506
217,507
219,507
220,508
221,508
222,509
223,509
228,514
229,514
233,518
234,518
236,520
237,520
238,521
240,521
241,522
254,522
255,523
265,523
266,522
301,522
302,521
313,521
314,520
326,520
327,519
331,519
332,518
336,518
337,517
340,517
341,516
343,516
344,515
345,515
346,514
348,514
349,513
352,513
353,512
356,512
357,511
360,511
361,510
363,510
364,509
366,509
367,508
369,508
372,505
373,505
373,504
374,503
374,495
373,494
373,493
372,492
372,491
369,488
368,488
364,484
363,484
362,483
359,483
358,482
343,482
342,483
339,483
338,484
336,484
335,485
334,485
333,486
332,486
331,487
329,487
328,488
327,488
326,489
324,489
323,490
311,490
310,489
308,489
305,486
305,483
318,470
318,469
323,464
323,463
329,457
329,456
330,455
330,454
331,453
331,451
332,450
332,448
333,447
333,434
332,433
332,431
331,430
331,428
330,427
330,426
329,425
329,423
328,422
327,422
325,420
324,420
323,419
322,419
319,416
318,416
311,409
311,408
310,407
310,402
311,401
311,400
313,398
313,397
318,392
319,392
320,391
321,391
322,390
323,391
325,391
329,395
329,396
330,397
330,398
331,399
331,416
332,417
332,423
333,424
333,426
334,427
334,429
338,433
338,434
347,434
348,433
348,432
351,429
351,428
353,426
353,425
354,424
354,423
355,422
355,421
356,420
356,418
357,417
357,416
358,415
358,414
359,413
359,411
360,410
360,397
359,396
359,394
358,393
358,391
357,390
357,388
356,387
356,385
355,384
355,383
354,382
354,381
353,380
353,379
352,378
352,377
351,376
351,375
349,373
349,371
348,370
348,368
347,367
347,364
346,363
346,360
345,359
345,354
344,353
344,351
345,350
345,345
346,344
346,341
347,340
347,337
348,336
348,333
349,332
349,330
350,329
350,327
351,326
351,299
349,297
349,296
348,295
348,293
347,292
347,285
346,284
346,282
345,281
345,276
346,275
346,273
347,272
347,271
348,270
348,269
355,262
356,262
360,258
361,258
363,256
364,256
365,255
366,255
367,254
368,254
370,252
371,252
374,249
375,249
376,248
376,247
378,245
378,239
377,238
377,236
375,234
375,233
371,229
370,229
369,228
368,228
365,225
364,225
361,222
360,222
358,220
357,220
348,211
347,211
340,204
339,204
337,202
336,202
334,200
333,200
329,196
328,196
324,192
324,191
321,188
321,187
320,186
320,185
319,184
319,183
318,182
318,179
317,178
317,174
316,173
316,154
317,153
317,135
318,134
318,99
317,98
317,92
316,91
316,87
315,86
315,82
314,81
314,75
313,74
313,70
312,69
312,67
311,66
311,64
310,63
310,61
309,60
309,58
308,57
308,56
307,55
307,53
306,52
306,50
305,49
305,47
304,47
303,46
301,46
300,45
299,45
