1011
430,62
429,63
424,63
423,64
420,64
419,65
416,65
415,66
412,66
411,67
409,67
408,68
406,68
405,69
404,69
403,70
401,70
400,71
398,71
397,72
396,72
395,73
394,73
393,74
391,74
390,75
388,75
386,77
384,77
383,78
382,78
381,79
380,79
379,80
378,80
377,81
376,81
375,82
374,82
373,83
372,83
370,85
369,85
367,87
366,87
363,90
362,90
350,102
350,103
348,105
348,106
346,108
346,109
344,111
344,112
343,113
343,114
342,115
342,116
341,117
341,118
340,119
340,121
339,122
339,125
338,126
338,128
337,129
337,132
336,133
336,140
335,141
335,157
336,158
336,165
337,166
337,171
338,172
338,175
339,176
339,179
340,180
340,181
341,182
341,184
342,185
342,187
343,188
343,190
344,191
344,192
345,193
345,194
346,195
346,196
347,197
347,198
349,200
349,201
350,202
350,203
352,205
352,206
354,208
354,209
358,213
358,214
362,218
362,219
380,237
381,237
388,244
389,244
395,250
396,250
401,255
402,255
406,259
407,259
411,263
412,263
419,270
420,270
426,276
427,276
440,289
440,290
443,293
443,294
447,298
447,299
449,301
449,302
450,303
450,304
452,306
452,307
453,308
453,309
454,310
454,311
455,312
455,314
457,316
457,318
458,319
458,321
459,322
459,324
460,325
460,330
461,331
461,337
462,338
462,342
461,343
461,350
460,351
460,354
459,355
459,356
458,357
458,358
455,361
455,362
452,365
451,365
448,368
447,368
446,369
441,369
439,367
439,366
438,365
438,351
437,350
437,345
436,344
436,341
435,340
435,338
434,337
434,336
433,335
433,333
432,332
432,331
431,330
431,329
430,328
430,327
429,326
429,325
428,324
428,323
426,321
426,320
424,318
424,317
421,314
421,313
417,309
417,308
408,299
407,299
402,294
401,294
397,290
396,290
394,288
393,288
391,286
390,286
389,285
388,285
386,283
385,283
384,282
383,282
381,280
380,280
379,279
378,279
377,278
376,278
375,277
374,277
372,275
371,275
370,274
369,274
368,273
367,273
365,271
364,271
363,270
362,270
361,269
360,269
359,268
358,268
356,266
355,266
354,265
353,265
351,263
350,263
349,262
348,262
346,260
345,260
344,259
343,259
341,257
340,257
339,256
338,256
336,254
335,254
334,253
333,253
331,251
330,251
328,249
327,249
326,248
325,248
323,246
322,246
320,244
319,244
317,242
316,242
314,240
313,240
311,238
310,238
308,236
307,236
305,234
304,234
301,231
300,231
298,229
297,229
294,226
293,226
289,222
288,222
286,220
285,220
279,214
278,214
273,209
272,209
263,200
262,200
254,192
254,191
246,183
246,182
242,178
242,177
239,174
239,173
237,171
237,170
234,167
234,166
232,164
232,163
231,162
231,161
230,160
230,159
229,158
229,157
227,155
227,153
226,152
226,150
225,149
225,148
224,147
224,146
223,145
223,143
221,141
221,140
220,139
220,138
219,137
216,137
214,139
214,142
213,143
213,148
212,149
212,174
213,175
213,182
214,183
214,187
215,188
215,190
216,191
216,194
217,195
217,197
218,198
218,200
219,201
219,203
220,204
220,205
222,207
222,208
224,210
224,211
225,212
223,214
222,213
221,213
206,198
206,197
204,195
204,194
202,192
202,191
200,189
200,188
199,187
199,186
198,185
198,184
197,183
194,183
194,184
192,186
192,188
191,189
191,191
190,192
190,195
189,196
189,199
188,200
188,213
189,214
189,219
190,220
190,223
191,224
191,226
192,227
192,229
193,230
193,232
194,233
194,234
195,235
195,236
197,238
197,241
196,242
192,242
191,241
189,241
188,240
186,240
185,239
183,239
182,238
181,238
180,237
179,237
178,236
177,236
176,235
174,235
173,234
172,234
171,233
170,233
169,232
168,232
167,231
166,231
165,230
164,230
163,229
162,229
161,228
160,228
159,227
158,227
157,226
156,226
155,225
154,225
153,224
152,224
151,223
150,223
149,222
148,222
146,220
145,220
144,219
143,219
142,218
141,218
140,217
139,217
137,215
136,215
135,214
134,214
133,213
132,213
130,211
129,211
128,210
127,210
125,208
124,208
123,207
122,207
120,205
119,205
118,204
117,204
115,202
114,202
112,200
111,200
110,199
109,199
107,197
106,197
104,195
103,195
101,193
100,193
98,191
97,191
95,189
94,189
92,187
91,187
88,184
87,184
84,181
83,181
80,178
79,178
76,175
75,175
71,171
70,171
66,167
65,167
62,164
61,164
60,165
59,165
58,166
58,170
57,171
57,172
58,173
58,180
59,181
59,184
60,185
60,188
61,189
61,191
62,192
62,193
63,194
63,196
64,197
64,198
65,199
65,200
66,201
66,203
67,204
67,205
69,207
69,208
70,209
70,210
71,211
71,212
72,213
72,214
74,216
74,217
76,219
76,220
77,221
77,222
79,224
79,225
82,228
82,229
84,231
84,232
87,235
87,236
93,242
93,243
104,254
102,256
101,255
100,255
99,254
98,254
96,252
95,252
94,251
93,251
92,250
91,250
90,249
89,249
87,247
86,247
84,245
83,245
81,243
80,243
78,241
77,241
76,240
75,240
71,236
70,236
66,232
65,233
63,233
63,243
64,244
64,247
65,248
65,249
66,250
66,252
67,253
67,254
68,255
68,256
69,257
69,258
70,259
70,260
72,262
72,263
74,265
74,266
77,269
77,270
83,276
83,277
90,284
91,284
97,290
98,290
102,294
103,294
106,297
107,297
110,300
111,300
112,301
112,302
113,303
113,305
112,306
107,306
106,305
104,305
103,304
101,304
100,303
98,303
97,302
95,302
94,301
92,301
91,300
90,300
89,299
88,299
87,298
85,298
84,297
82,297
82,303
83,304
83,305
84,306
84,307
85,308
85,309
86,310
86,311
88,313
88,314
91,317
91,318
106,333
107,333
112,338
113,338
117,342
118,342
121,345
122,345
124,347
125,347
128,350
129,350
131,352
132,352
134,354
135,354
138,357
139,357
148,366
148,367
149,368
149,370
147,372
146,372
145,373
139,373
138,372
132,372
131,371
127,371
126,370
123,370
122,369
119,369
118,368
116,368
115,367
113,367
112,366
109,366
108,365
107,365
106,364
105,364
104,363
100,363
100,367
101,368
101,369
102,370
102,371
104,373
104,374
106,376
106,377
118,389
118,390
124,396
124,397
127,400
127,401
130,404
130,405
146,421
147,421
150,424
151,424
152,425
523,425
524,424
526,424
532,418
532,417
533,416
533,415
534,414
534,413
535,412
535,410
536,409
536,407
537,406
537,404
538,403
538,400
539,399
539,393
540,392
540,378
541,377
541,370
540,369
540,358
539,357
539,351
538,350
538,346
537,345
537,343
536,342
536,340
535,339
535,337
534,336
534,334
533,333
533,331
532,330
532,329
531,328
531,326
530,325
530,324
528,322
528,321
527,320
527,319
526,318
526,317
524,315
524,314
522,312
522,311
520,309
520,308
518,306
518,305
515,302
515,301
510,296
510,295
502,287
502,286
497,281
496,281
494,279
494,278
493,278
484,269
483,269
478,264
477,264
472,259
471,259
466,254
465,254
462,251
461,251
457,247
456,247
453,244
452,244
450,242
449,242
446,239
445,239
442,236
441,236
438,233
437,233
434,230
433,230
430,227
429,227
427,225
426,225
424,223
423,223
420,220
419,220
417,218
416,218
413,215
412,215
410,213
409,213
406,210
405,210
403,208
402,208
398,204
397,204
387,194
387,193
383,189
383,188
380,185
380,184
378,182
378,181
377,180
377,179
376,178
376,177
375,176
375,175
374,174
374,173
373,172
373,171
372,170
372,168
371,167
371,165
370,164
370,161
369,160
369,156
368,155
368,142
369,141
369,137
370,136
370,134
371,133
371,132
372,131
372,130
374,128
374,127
375,126
375,125
377,123
377,122
380,119
380,118
386,112
387,112
389,110
390,110
392,108
393,108
394,107
396,107
397,106
400,106
401,105
412,105
413,106
418,106
419,107
421,107
422,108
424,108
425,109
426,109
427,110
428,110
429,111
430,111
432,113
433,113
434,114
435,114
436,115
437,115
438,116
439,116
440,117
442,117
443,118
445,118
446,119
448,119
449,120
451,120
452,121
455,121
456,122
461,122
462,123
476,123
477,122
480,122
481,123
482,123
483,124
484,124
485,125
486,125
487,126
489,126
490,127
491,127
492,128
495,128
496,129
498,129
499,130
504,130
505,131
511,131
512,132
527,132
528,131
529,131
529,130
530,129
530,128
528,126
527,126
526,125
525,125
524,124
523,124
522,123
520,123
519,122
517,122
515,120
514,120
513,119
512,119
511,118
510,118
507,115
506,115
502,111
501,111
493,103
493,102
492,101
492,98
491,97
491,94
490,93
490,91
489,90
489,89
488,88
488,87
485,84
485,83
480,78
479,78
475,74
474,74
473,73
472,73
470,71
469,71
468,70
467,70
466,69
465,69
464,68
463,68
462,67
460,67
459,66
457,66
456,65
454,65
453,64
450,64
449,63
443,63
442,62
