1143
49,48
48,49
46,49
45,50
44,50
43,51
42,51
42,52
40,54
40,55
39,56
39,57
38,58
38,59
37,60
37,61
36,62
36,63
34,65
34,68
45,79
45,84
44,85
44,89
45,90
45,93
46,94
46,104
45,105
45,108
44,109
44,111
45,112
45,114
47,116
47,117
51,121
51,122
54,125
54,126
55,127
55,128
57,130
57,132
58,133
58,135
59,136
59,139
60,140
60,142
61,143
61,144
62,145
62,146
63,147
63,148
64,149
64,150
65,151
65,165
66,166
66,177
65,178
65,181
64,182
64,183
63,184
63,189
64,190
64,191
65,192
65,193
67,195
67,199
66,200
66,201
67,202
67,204
72,209
74,209
75,210
77,210
78,211
81,211
83,213
83,216
82,217
82,218
81,219
81,221
80,222
80,225
79,226
79,234
80,235
80,236
81,237
82,237
87,242
88,242
92,246
93,246
96,249
98,249
99,250
111,250
112,249
115,249
116,248
117,248
118,247
120,247
121,246
123,246
124,245
125,245
126,244
127,244
128,243
129,243
130,242
131,242
132,241
133,241
134,240
135,240
139,236
141,236
145,240
146,240
151,245
151,246
152,247
152,248
153,249
153,251
154,252
154,253
155,254
155,255
156,256
156,258
157,259
157,261
158,262
158,264
159,265
159,266
160,267
160,268
161,269
161,270
162,271
162,272
163,273
163,274
164,275
164,277
165,278
165,281
166,282
166,283
167,284
167,285
168,286
168,287
169,288
170,288
172,290
174,290
175,291
182,291
183,290
189,290
191,292
191,294
189,296
189,297
184,302
184,303
182,305
182,306
178,310
178,311
176,313
176,314
173,317
173,318
171,320
171,321
168,324
168,325
166,327
166,328
165,329
165,330
164,331
164,332
163,333
163,334
162,335
162,336
161,337
161,339
160,340
160,342
159,343
159,345
158,346
158,349
157,350
157,354
156,355
156,368
155,369
155,375
154,376
154,379
153,380
153,381
151,383
151,384
149,386
149,387
146,390
146,391
140,397
140,398
137,401
137,402
132,407
132,408
130,410
130,411
129,412
129,416
132,416
134,418
133,419
133,420
132,421
132,423
131,424
131,427
132,428
132,430
136,430
138,428
139,428
145,422
147,424
144,427
144,428
142,430
142,431
141,432
141,433
140,434
140,437
139,438
139,443
140,444
145,444
146,443
147,443
149,441
150,441
151,440
151,439
152,438
153,439
153,444
152,445
152,451
153,452
153,453
158,453
160,451
160,449
161,448
161,447
162,446
162,445
163,444
163,443
164,442
164,440
165,439
165,438
166,437
167,438
167,453
166,454
166,461
167,462
167,463
170,463
175,458
175,457
176,456
176,455
177,454
177,453
178,452
180,454
179,455
179,456
178,457
178,462
177,463
177,464
178,465
178,467
179,468
179,469
180,470
183,470
184,469
185,469
186,468
187,468
193,462
193,460
194,459
194,456
195,455
195,450
196,449
196,446
197,445
197,438
198,437
198,434
200,432
201,433
201,434
202,435
202,436
203,437
203,438
204,439
204,440
206,442
206,443
207,444
210,444
213,441
213,440
214,439
214,435
215,434
215,429
214,428
214,421
216,419
218,421
218,422
220,424
220,425
223,428
224,428
225,429
231,429
231,428
232,427
232,415
231,414
231,412
229,410
229,409
227,407
230,404
240,404
240,399
239,398
239,396
238,395
238,393
237,392
237,391
235,389
235,388
234,387
234,386
235,385
238,385
239,386
240,386
241,387
243,387
244,388
245,388
247,390
247,392
248,393
248,395
252,399
252,401
253,402
253,403
254,404
254,405
255,405
258,408
259,408
260,409
261,409
264,412
265,412
266,413
267,413
268,414
269,414
270,415
271,415
272,416
273,416
276,419
278,419
279,420
280,420
281,421
282,421
283,422
284,422
286,424
287,424
288,425
289,425
291,427
292,427
293,428
294,428
295,429
296,429
297,430
302,430
302,429
303,428
303,423
302,422
302,421
301,420
301,419
297,415
297,414
294,411
294,410
288,404
288,403
279,394
279,393
275,389
275,388
268,381
268,380
259,371
259,370
258,369
258,366
257,365
257,363
255,361
253,361
252,360
250,360
249,359
248,359
246,357
246,355
248,353
248,352
249,351
249,350
250,349
250,347
252,345
252,344
253,343
253,341
254,340
254,339
255,338
255,337
256,336
256,335
257,334
257,333
264,326
264,325
267,322
267,321
268,320
268,319
277,310
277,309
281,305
282,305
286,301
287,301
290,298
291,298
294,295
295,295
296,294
297,294
300,291
302,291
303,290
304,290
305,289
306,289
307,288
308,288
309,287
311,287
312,286
313,286
315,284
317,284
318,283
319,283
323,279
324,279
331,272
332,272
338,266
339,266
344,261
345,261
346,260
347,260
348,259
350,259
351,258
357,258
358,259
360,259
361,260
363,260
364,261
366,261
367,262
368,262
369,263
370,263
371,264
373,264
374,265
375,265
378,268
379,268
380,269
381,269
385,273
386,273
388,275
389,275
393,279
394,279
397,282
398,282
406,290
407,290
411,294
415,294
416,293
416,284
415,283
415,282
414,281
414,280
412,278
412,277
411,276
411,275
410,274
410,273
407,270
407,269
404,266
404,265
402,263
402,262
401,261
401,260
400,259
400,258
399,257
399,256
398,255
398,253
397,252
397,248
396,247
396,245
395,244
395,241
394,240
394,237
393,236
393,232
392,231
392,229
390,227
390,226
389,225
389,224
385,220
384,220
382,218
381,218
379,216
378,216
377,215
376,215
375,214
372,214
371,213
367,213
366,212
355,212
354,213
347,213
346,214
343,214
342,215
340,215
339,216
338,216
337,217
335,217
334,218
333,218
332,219
330,219
329,220
326,220
325,221
323,221
322,222
321,222
319,224
317,224
316,225
315,225
314,226
313,226
311,228
310,228
309,229
308,229
306,231
304,231
303,232
302,232
301,233
297,233
294,230
294,229
292,227
292,226
291,225
291,222
290,221
290,217
289,216
289,212
288,211
288,205
287,204
287,196
288,195
288,187
289,186
289,181
290,180
290,177
291,176
291,174
292,173
292,172
293,171
293,169
294,168
294,167
295,166
295,165
297,163
297,162
298,161
298,160
299,159
299,158
300,157
300,156
305,151
311,151
312,152
315,152
316,153
319,153
320,154
323,154
324,155
326,155
327,156
330,156
331,157
340,157
341,158
342,158
345,161
345,163
346,164
346,165
349,168
349,169
350,170
350,171
351,172
353,172
354,173
370,173
371,174
373,174
374,175
375,175
376,176
377,176
378,177
379,177
380,178
384,178
385,177
387,177
388,176
389,176
390,175
394,175
395,176
397,176
398,177
400,177
401,178
402,178
403,179
410,179
411,178
412,178
414,176
415,176
416,175
417,175
418,174
419,174
420,173
423,173
424,172
436,172
437,171
438,171
439,170
440,170
441,169
442,169
443,168
445,168
446,167
453,167
454,168
463,168
464,167
465,167
467,165
467,164
470,161
472,161
473,160
485,160
486,159
489,159
490,158
493,158
494,157
495,157
496,156
497,156
501,152
517,152
518,151
520,151
521,150
521,148
520,147
519,147
518,146
517,146
516,145
513,145
512,144
509,144
508,143
505,143
504,142
503,142
502,141
501,141
500,140
498,140
497,139
496,139
495,138
493,138
490,135
491,134
492,134
493,133
496,133
497,132
502,132
503,133
506,133
507,134
538,134
539,133
541,133
542,132
544,132
544,129
543,129
542,128
539,128
538,127
521,127
520,126
517,126
516,125
507,125
506,124
505,124
504,123
506,121
524,121
525,120
534,120
535,121
539,121
540,122
545,122
546,123
551,123
552,124
567,124
568,123
569,123
569,120
568,119
566,119
565,118
560,118
559,117
556,117
555,116
553,116
551,114
551,112
557,106
558,106
557,105
558,104
556,104
555,103
553,103
552,104
549,104
548,105
546,105
545,106
542,106
541,107
537,107
536,108
531,108
530,109
524,109
523,108
517,108
516,107
510,107
509,106
502,106
501,105
498,105
497,104
494,104
493,103
490,103
489,102
482,102
481,101
478,101
477,100
475,100
474,99
471,99
470,98
465,98
464,97
460,97
459,96
456,96
455,95
451,95
450,94
446,94
445,93
441,93
440,92
436,92
435,91
427,91
426,90
421,90
420,89
417,89
416,88
407,88
406,87
394,87
393,86
359,86
358,87
345,87
344,88
341,88
340,89
339,89
338,90
336,90
335,91
333,91
332,92
331,92
330,93
329,93
328,94
327,94
326,95
325,95
324,96
323,96
317,102
316,102
309,109
309,110
304,115
304,116
302,118
302,119
301,120
301,121
300,122
300,123
298,125
298,126
285,139
284,139
282,141
281,141
279,143
278,143
277,144
276,144
275,145
274,145
272,147
271,147
271,150
272,151
272,152
273,153
273,154
274,155
274,157
272,159
270,159
269,160
267,160
266,161
265,161
264,162
263,162
261,164
261,165
260,166
260,167
259,168
259,171
258,172
258,174
257,175
257,177
254,180
253,180
251,182
250,182
250,183
249,184
249,185
248,186
248,188
247,189
247,193
246,194
246,195
242,199
241,199
240,200
240,201
239,202
239,203
238,204
238,206
237,207
237,217
236,218
236,219
235,220
235,221
229,227
226,227
217,218
217,217
206,206
206,205
205,205
199,199
199,198
186,185
186,184
182,180
182,179
178,175
178,174
177,173
177,172
176,171
176,170
175,169
175,168
174,167
174,166
173,165
173,163
172,162
172,160
171,159
171,157
170,156
170,153
169,152
169,149
168,148
168,146
167,145
167,142
166,141
166,138
165,137
165,135
164,134
164,132
163,131
163,128
162,127
162,122
161,121
161,115
160,114
160,108
159,107
159,104
158,103
158,97
157,96
157,81
156,80
156,79
155,78
155,77
152,74
151,74
149,72
148,72
146,70
145,70
144,69
142,69
140,67
139,67
138,66
137,66
136,65
134,65
133,64
132,64
131,63
130,63
129,62
128,62
127,61
126,61
125,60
124,60
123,59
122,59
121,58
119,58
118,57
117,57
116,56
115,56
114,55
113,55
112,54
109,54
108,53
103,53
102,52
101,52
100,53
82,53
81,52
76,52
75,51
70,51
69,50
62,50
61,49
57,49
56,48
49,48
