1026
145,25
144,26
142,26
141,27
141,29
140,30
140,33
141,34
141,35
143,35
144,34
146,34
148,36
148,37
149,38
149,39
150,40
150,42
151,43
151,45
152,46
152,72
151,73
151,75
150,76
150,88
149,89
149,90
148,91
148,92
147,93
139,93
136,90
133,90
133,96
134,97
134,98
140,104
142,104
145,107
145,110
144,111
144,112
143,113
143,114
142,115
142,116
141,117
137,117
136,116
135,116
134,115
133,115
129,111
129,110
128,110
109,91
109,89
106,86
106,85
105,84
105,82
101,82
101,84
100,85
100,91
99,92
97,90
97,89
95,87
95,85
91,81
91,79
87,75
87,73
85,71
85,69
83,67
83,65
81,63
81,61
79,59
79,57
78,56
78,55
77,54
77,46
78,45
78,44
83,39
84,39
85,38
91,38
92,39
93,39
94,40
97,40
97,38
96,37
95,37
92,34
91,34
90,33
89,33
88,32
86,32
85,31
81,31
80,32
78,32
75,35
74,35
73,36
71,36
71,37
69,39
69,40
68,41
68,42
67,43
67,45
66,46
66,58
67,59
67,61
68,62
68,64
69,65
69,67
70,68
70,69
71,70
71,71
72,72
72,74
73,75
73,77
74,78
74,79
75,80
75,81
78,84
78,86
79,87
79,89
80,90
80,91
81,92
81,93
82,94
82,96
79,99
78,99
77,100
76,100
75,101
71,101
70,100
68,102
68,103
69,103
70,104
72,104
74,106
76,106
78,108
80,108
82,110
84,110
86,112
88,112
90,114
92,114
106,128
106,146
107,147
107,149
108,150
108,152
109,153
109,155
112,158
112,160
111,161
111,162
110,163
110,164
105,169
105,170
104,171
104,172
99,177
99,179
98,180
98,192
99,193
99,195
100,196
100,197
101,198
101,199
104,202
118,202
120,200
122,200
124,198
126,198
128,196
132,196
134,198
134,199
135,200
135,201
136,202
136,206
137,207
137,209
138,210
138,212
139,213
139,215
142,218
142,219
143,220
143,221
144,222
144,223
145,224
145,225
146,226
146,227
147,228
147,229
158,240
158,241
159,242
159,243
162,246
162,247
163,248
163,249
174,260
176,260
182,266
182,267
183,268
183,269
184,270
184,272
185,273
185,275
191,281
191,282
192,282
209,299
209,300
210,300
213,303
213,304
214,304
216,306
219,306
220,307
221,307
222,308
225,308
226,309
227,309
230,312
230,316
227,319
227,320
226,321
226,322
223,325
223,326
222,327
222,328
213,337
213,338
212,339
212,340
211,341
211,342
210,343
210,344
207,347
207,349
206,350
206,358
207,359
207,361
208,362
208,438
209,439
209,441
210,442
210,444
211,445
211,447
212,448
212,449
213,450
213,451
214,452
214,453
215,454
215,455
216,456
224,456
226,454
228,454
233,449
233,445
229,441
229,439
227,437
227,435
223,431
223,429
221,427
221,425
220,424
220,423
219,422
219,419
218,418
218,417
217,416
217,411
216,410
216,409
215,408
215,396
216,395
216,394
217,393
217,380
218,379
218,378
219,377
219,370
220,369
220,368
221,367
221,360
222,359
222,358
225,355
225,353
237,341
239,341
242,344
242,346
243,347
243,349
244,350
244,354
245,355
245,357
246,358
246,378
247,379
247,381
248,382
248,384
249,385
249,387
250,388
250,394
251,395
251,397
252,398
252,400
253,401
253,403
254,404
254,412
255,413
255,415
256,416
256,443
257,444
257,446
268,446
270,444
272,444
273,443
273,433
271,431
271,429
269,427
269,425
268,424
268,423
267,422
267,409
266,408
266,407
265,406
265,397
264,396
264,395
263,394
263,326
264,325
264,324
270,318
272,318
276,314
278,314
280,312
282,312
283,311
284,311
285,310
294,310
295,309
296,309
297,308
300,308
304,304
306,304
307,303
308,303
309,302
332,302
333,301
334,301
335,300
340,300
341,299
342,299
343,298
346,298
347,297
348,297
349,296
354,296
356,294
358,294
360,292
362,292
363,291
364,291
365,290
372,290
374,288
376,288
378,286
380,286
382,284
384,284
385,283
386,283
387,282
389,282
390,283
391,283
394,286
396,286
402,292
402,293
403,294
403,295
406,298
406,299
407,300
407,301
410,304
410,305
411,306
411,307
412,308
412,309
413,310
413,311
414,312
414,314
415,315
415,317
416,318
416,319
417,320
417,321
418,322
418,324
419,325
419,327
420,328
420,329
421,330
421,331
422,332
422,334
423,335
423,337
424,338
424,340
425,341
425,343
426,344
426,346
427,347
427,349
428,350
428,351
429,352
429,353
430,354
430,356
431,357
431,359
432,360
432,364
433,365
433,367
434,368
434,382
433,383
433,385
432,386
432,392
431,393
431,395
430,396
430,400
429,401
429,403
428,404
428,408
427,409
427,411
426,412
426,414
425,415
425,417
424,418
424,420
423,421
423,422
422,423
422,424
421,425
421,427
420,428
420,430
419,431
419,432
418,433
418,434
415,437
415,439
414,440
414,442
415,443
415,445
416,446
418,446
420,448
422,448
424,450
431,450
431,444
432,443
432,442
433,441
433,436
434,435
434,434
435,433
435,424
436,423
436,422
437,421
437,414
438,413
438,412
439,411
439,406
440,405
440,404
441,403
441,396
442,395
442,394
443,393
443,388
444,387
444,386
445,385
445,380
446,379
446,378
447,377
447,372
448,371
448,370
449,369
449,367
451,365
451,362
452,361
452,360
453,359
453,357
455,355
455,345
453,343
453,341
451,339
451,338
452,337
453,337
456,340
458,340
464,346
464,347
465,348
465,349
474,358
474,359
475,360
475,361
476,362
476,363
477,364
477,365
482,370
482,371
483,372
483,373
484,374
484,375
485,376
485,377
488,380
488,381
489,382
489,383
490,384
490,385
491,386
491,387
492,388
492,389
493,390
493,391
494,392
494,393
495,394
495,395
498,398
498,399
499,400
499,401
500,402
500,403
501,404
501,405
502,406
502,407
503,408
503,409
504,410
504,411
505,412
505,413
506,414
506,415
507,416
507,417
508,418
508,420
509,421
509,423
510,424
510,426
511,427
511,429
512,430
512,431
513,432
513,433
515,435
515,436
528,436
530,434
531,434
531,427
529,425
529,423
527,421
527,419
525,417
525,415
523,413
523,411
521,409
521,407
519,405
519,403
517,401
517,399
515,397
515,395
513,393
513,391
511,389
511,387
509,385
509,383
508,382
508,381
507,380
507,377
505,375
505,373
503,371
503,369
502,368
502,367
501,366
501,363
500,362
500,361
499,360
499,357
498,356
498,355
497,354
497,351
496,350
496,349
495,348
495,339
493,337
493,335
492,334
491,334
490,333
489,333
467,311
467,309
463,305
463,303
461,301
461,299
459,297
459,295
458,294
458,293
457,292
457,289
455,287
455,285
454,284
454,283
453,282
453,278
454,277
454,276
455,275
455,272
456,271
456,270
457,269
457,267
459,265
459,263
463,259
463,257
465,255
465,252
466,251
466,250
469,247
469,245
471,243
471,241
473,239
473,238
475,236
476,236
479,239
479,240
483,240
483,237
482,236
482,235
481,234
481,227
480,226
480,225
479,224
479,211
477,209
477,207
476,206
476,205
475,204
475,201
474,200
474,199
473,198
473,195
472,194
472,193
471,192
471,189
468,186
468,185
467,184
467,181
463,177
463,175
462,174
461,174
460,173
459,173
458,172
457,172
456,171
455,171
454,170
452,170
451,169
449,169
448,168
446,168
445,167
441,167
440,166
438,166
437,165
435,165
434,164
432,164
431,163
425,163
421,159
421,158
419,158
418,157
411,157
410,156
408,156
407,155
387,155
386,154
384,154
383,153
382,154
380,154
379,155
366,155
365,156
364,156
361,159
359,159
358,158
354,158
353,159
352,159
351,160
349,160
347,158
344,158
343,159
341,159
340,160
338,160
337,161
319,161
318,162
305,162
303,164
301,162
290,162
289,161
281,161
280,162
278,162
277,163
276,163
275,164
274,164
273,165
267,165
265,163
264,163
263,162
262,162
261,163
253,163
252,164
250,164
249,165
248,165
247,166
244,166
243,167
235,167
234,168
232,168
231,169
230,169
229,170
228,170
227,171
226,171
225,172
222,172
221,171
219,171
217,173
215,173
214,172
212,172
211,171
210,171
208,169
208,168
207,167
207,166
206,165
206,162
205,162
204,161
203,161
201,159
201,158
199,156
199,155
204,150
205,150
205,148
203,148
202,147
199,147
197,145
197,141
196,140
195,140
192,137
192,136
191,136
188,133
188,132
185,129
185,128
183,128
182,127
179,127
178,126
178,125
177,124
178,123
178,122
183,117
183,115
185,113
185,111
187,109
187,104
188,103
188,102
189,101
189,87
188,86
188,85
187,84
187,81
185,79
185,77
182,74
177,74
177,76
176,77
176,84
175,85
175,86
174,87
174,88
173,89
173,90
172,91
172,92
171,93
171,95
170,96
170,98
169,99
169,100
168,101
168,102
167,103
167,104
166,105
166,106
163,109
163,110
161,112
159,110
160,109
160,108
161,107
161,96
162,95
162,94
163,93
163,57
162,56
162,55
161,54
161,41
159,39
159,37
157,35
157,33
155,31
155,29
152,26
150,26
149,25
145,25
