889
385,58
384,59
384,60
383,61
383,63
382,64
382,68
379,71
377,71
376,72
375,72
375,74
374,75
375,76
375,78
376,79
376,80
380,84
380,85
381,86
381,87
386,92
386,93
387,94
387,95
390,98
390,99
391,100
391,101
392,102
392,116
389,119
385,119
384,118
382,118
381,117
380,117
379,116
377,116
376,115
374,115
370,111
370,110
369,109
369,107
368,106
368,90
367,89
367,87
366,86
366,83
365,82
365,81
361,81
361,83
360,84
360,85
361,86
361,88
362,89
362,98
360,100
357,100
352,95
352,94
351,93
351,92
350,91
350,90
349,89
349,88
348,87
348,86
347,85
347,83
346,82
346,80
344,78
344,76
343,75
343,69
342,68
342,65
341,64
339,64
339,66
338,67
338,78
335,81
333,81
332,82
331,82
331,84
330,85
331,86
331,89
332,90
332,91
338,97
339,97
349,107
349,108
354,113
354,114
356,116
356,117
357,118
357,122
358,123
358,126
359,127
359,128
360,129
360,130
361,131
361,132
362,133
362,134
363,135
363,136
364,137
364,138
367,141
367,142
368,143
368,154
367,155
367,167
368,168
368,175
369,176
369,179
370,180
370,183
369,184
369,186
368,187
368,190
365,193
363,193
362,194
360,194
359,195
353,195
352,194
351,194
349,192
348,192
347,191
346,191
345,190
344,190
343,189
341,189
340,188
338,188
337,187
336,187
335,186
334,186
333,185
332,185
331,184
329,184
328,183
321,183
320,182
317,182
316,181
313,181
312,180
302,180
301,179
299,179
298,178
296,178
295,177
293,177
292,176
291,176
289,174
287,174
286,173
282,173
281,172
279,172
278,171
276,171
275,170
274,170
273,169
272,169
271,168
269,168
268,167
266,167
265,166
263,166
262,165
261,165
260,164
257,164
256,163
254,163
253,162
252,162
251,161
248,161
247,160
244,160
243,159
236,159
235,158
227,158
226,157
215,157
214,156
201,156
200,157
193,157
192,158
189,158
188,159
187,159
186,160
185,160
184,161
176,161
173,158
171,158
170,157
164,157
163,158
161,158
160,159
159,159
154,164
154,165
153,166
153,168
152,169
152,171
153,172
153,175
154,176
154,178
155,179
155,181
156,182
156,183
157,184
157,185
158,186
158,202
159,203
159,206
160,207
160,210
161,211
161,213
163,215
163,216
164,217
164,219
165,220
165,223
166,224
166,226
167,227
167,229
168,230
168,232
169,233
169,236
170,237
170,238
171,239
171,240
173,242
173,244
174,245
174,251
170,255
169,255
168,256
167,256
166,257
141,257
140,258
138,258
137,259
136,259
133,262
133,264
132,265
132,275
131,276
131,279
130,280
130,282
129,283
129,286
128,287
128,289
127,290
127,292
126,293
126,295
125,296
125,298
124,299
124,300
123,301
123,302
122,303
122,305
121,306
121,307
118,310
118,311
117,312
117,313
115,315
115,316
107,324
107,325
106,326
106,328
102,332
101,332
100,333
99,333
98,334
97,334
87,344
87,345
86,346
86,347
85,348
85,352
86,353
86,354
91,354
94,351
95,351
96,350
97,350
102,345
103,345
104,344
106,344
108,342
109,342
114,337
115,337
120,332
120,331
121,330
121,329
122,328
122,327
123,326
123,325
124,324
124,321
125,320
125,318
126,317
126,316
127,315
127,314
128,313
128,312
129,311
129,310
131,308
131,307
132,306
132,304
133,303
133,302
134,301
134,300
136,298
136,297
137,296
137,294
138,293
138,292
139,291
139,290
140,289
140,288
142,286
142,285
147,280
148,280
149,279
150,279
151,278
152,278
153,277
157,277
160,280
160,283
159,284
159,286
158,287
158,294
157,295
157,297
156,298
156,302
155,303
155,304
151,308
151,309
150,310
150,311
147,314
147,315
144,318
144,320
143,321
143,324
140,327
138,327
137,328
135,328
130,333
130,334
128,336
128,337
127,338
127,340
126,341
126,344
127,345
127,347
132,347
137,342
138,342
140,340
141,340
149,332
150,332
154,328
154,327
155,326
155,325
156,324
156,323
157,322
157,321
158,320
158,319
159,318
159,316
160,315
160,313
161,312
161,311
162,310
162,309
163,308
163,306
164,305
164,302
165,301
165,299
166,298
166,297
167,296
167,295
168,294
168,293
169,292
169,291
170,290
170,289
173,286
174,286
174,285
178,281
179,281
180,280
183,280
184,279
191,279
192,278
193,278
194,277
196,277
197,276
207,276
208,275
218,275
219,276
228,276
229,275
230,275
231,274
232,274
233,273
234,273
237,270
237,269
239,267
239,266
244,261
245,261
246,260
247,261
249,261
251,263
252,263
253,264
254,264
255,265
257,265
258,266
260,266
261,267
262,267
266,271
267,271
268,272
279,272
280,271
316,271
317,272
322,272
323,273
325,273
332,280
332,281
333,282
334,282
340,288
341,288
342,289
351,289
352,290
360,290
361,291
370,291
371,292
373,292
374,293
379,293
380,294
387,294
388,295
392,295
393,296
395,296
396,297
398,297
399,298
401,298
402,299
403,299
404,300
405,300
406,301
407,301
408,302
409,302
420,313
420,314
422,316
422,317
423,318
423,319
424,320
424,321
425,322
425,323
426,324
426,325
427,326
427,327
429,329
429,330
430,331
430,333
431,334
431,335
432,336
432,337
434,339
434,340
435,341
435,343
436,344
436,345
439,348
439,349
440,350
440,351
441,352
442,352
448,358
448,359
455,366
456,366
457,367
458,367
461,370
466,370
469,367
469,361
459,351
459,350
458,349
458,348
457,347
457,345
450,338
450,337
447,334
447,333
444,330
444,329
443,328
443,327
441,325
441,324
439,322
439,321
437,319
437,318
435,316
435,315
434,314
434,313
433,312
433,311
431,309
431,308
429,306
429,305
428,304
428,303
427,302
427,301
426,300
426,298
425,297
425,296
423,294
423,293
422,292
422,291
421,290
421,289
418,286
418,282
420,280
422,280
423,279
424,279
425,280
430,280
431,281
433,281
434,282
435,282
436,283
437,283
438,284
439,284
441,286
442,286
446,290
446,291
448,293
448,294
454,300
454,301
457,304
457,305
458,306
458,307
459,308
459,310
460,311
460,312
461,313
461,314
462,315
462,316
463,317
463,318
464,318
469,323
470,323
471,324
472,324
477,329
477,330
478,331
478,332
486,340
487,340
488,341
489,341
491,343
492,343
494,345
502,345
503,344
504,344
504,337
503,336
503,335
499,331
498,331
496,329
495,329
492,326
492,325
490,323
490,322
484,316
484,315
483,314
483,313
482,312
482,310
479,307
478,307
472,301
471,301
470,300
469,300
463,294
463,293
461,291
461,290
460,289
460,288
458,286
458,285
457,284
457,283
456,282
456,281
454,279
454,278
451,275
451,274
450,273
450,272
447,269
446,269
445,268
444,268
443,267
442,267
441,266
439,266
438,265
418,265
417,264
415,264
414,263
412,263
411,262
406,262
405,261
404,261
403,260
402,260
401,259
400,259
398,257
398,256
397,255
398,254
398,252
399,251
399,250
400,249
400,248
401,247
401,246
402,245
402,244
403,243
403,242
406,239
407,239
412,234
412,233
420,225
420,220
421,219
421,202
420,201
420,199
419,198
419,192
417,190
417,189
416,188
416,186
415,185
415,182
418,179
419,179
420,178
421,178
424,175
425,175
426,174
428,174
429,173
431,173
432,172
434,172
435,171
445,171
447,169
447,168
449,166
449,158
448,157
448,156
446,154
445,154
444,153
443,153
442,152
441,152
440,151
439,151
438,150
437,150
436,149
435,149
428,142
428,141
427,140
427,139
426,138
426,137
425,136
425,134
424,133
424,131
422,129
421,129
420,128
418,128
414,124
414,116
413,115
413,112
412,111
412,107
411,106
411,102
410,101
410,100
408,98
407,98
406,97
404,97
401,94
401,86
402,85
402,71
401,70
399,70
399,72
398,73
398,76
396,78
392,78
390,76
390,75
389,74
389,71
388,70
388,65
387,64
387,58
385,58
