1079
253,47
246,54
243,54
240,51
240,50
239,49
238,49
237,48
232,48
232,50
231,51
231,55
230,56
229,56
228,55
227,55
226,54
225,54
224,53
222,53
221,52
217,52
216,51
215,51
214,50
212,50
211,49
206,49
206,50
205,51
205,53
204,54
204,56
201,59
200,59
200,60
199,61
199,62
198,63
194,63
193,62
190,62
190,64
189,65
189,68
188,69
188,71
187,72
187,73
186,74
180,74
179,75
177,75
177,77
178,78
179,78
182,81
182,82
183,83
183,93
184,94
184,96
187,99
188,99
189,100
190,100
191,101
193,101
194,102
196,102
197,103
201,103
202,104
210,104
211,105
212,105
213,106
213,109
212,110
212,112
211,113
211,117
210,118
210,120
209,121
209,146
210,147
210,149
211,150
211,162
212,163
212,165
213,166
213,167
217,171
217,172
218,173
218,174
220,176
220,177
221,178
221,179
222,180
222,181
223,182
223,184
224,185
224,187
225,188
225,189
228,192
228,194
229,195
229,196
230,197
230,198
231,199
231,200
234,203
234,205
235,206
235,207
238,210
238,211
239,212
239,213
240,214
240,229
239,230
239,231
238,232
238,233
237,234
237,235
236,236
236,237
223,250
221,250
220,251
218,251
216,253
214,253
213,254
211,254
210,255
198,255
197,254
197,250
198,249
198,248
199,247
199,245
200,244
200,242
202,240
202,229
203,228
203,226
204,225
204,212
203,211
203,202
202,201
202,199
201,198
201,195
200,194
200,189
199,188
199,186
198,185
198,182
196,180
196,178
192,174
192,173
190,171
190,169
189,168
189,167
182,160
181,160
178,157
177,157
174,154
173,154
172,153
171,153
168,150
167,150
166,149
164,149
160,145
158,145
157,144
155,144
154,143
153,143
152,142
151,142
150,141
148,141
147,140
142,140
141,139
140,139
139,138
137,138
136,137
133,137
132,136
118,136
117,135
115,135
114,134
97,134
96,133
94,133
93,132
91,132
89,130
88,130
87,129
85,129
84,128
82,128
81,127
79,127
78,126
77,126
76,127
74,127
73,128
72,128
72,130
71,131
71,132
72,133
72,143
73,144
73,147
74,148
74,150
75,151
75,152
76,153
76,155
75,156
74,156
73,157
71,157
65,163
64,163
61,166
59,166
58,167
57,167
52,172
52,173
50,175
50,176
46,180
46,181
43,184
43,185
42,186
42,187
40,189
40,190
39,191
39,193
38,194
38,195
37,196
37,197
36,198
36,201
35,202
35,204
34,205
34,206
33,207
33,209
32,210
32,213
33,214
33,216
35,218
36,218
38,220
38,222
37,223
37,224
36,225
36,226
35,227
35,228
34,229
34,231
33,232
33,237
34,238
34,240
36,240
39,243
39,253
36,256
36,257
35,258
35,260
34,261
34,263
33,264
33,266
32,267
32,285
31,286
31,288
30,289
30,293
31,294
31,296
32,297
32,298
33,299
33,300
36,303
36,307
35,308
35,310
34,311
34,340
33,341
33,342
32,343
32,344
31,345
31,346
30,347
30,349
29,350
29,353
30,354
30,356
31,357
42,357
48,351
52,351
54,353
55,353
58,356
58,368
57,369
57,371
56,372
56,375
55,376
55,380
54,381
54,382
53,383
53,384
52,385
52,386
51,387
51,388
50,389
50,392
49,393
50,394
50,396
51,396
52,397
71,397
76,392
77,392
78,391
81,391
82,390
82,386
83,385
83,383
86,380
87,380
88,379
89,379
90,380
91,380
98,387
98,388
99,389
99,392
100,393
100,395
102,397
102,399
103,400
103,402
105,404
105,406
106,407
106,410
107,411
107,412
108,413
108,414
109,415
109,416
110,417
110,419
111,420
111,421
112,422
112,424
113,425
113,430
114,431
114,436
115,437
115,440
116,441
116,449
117,450
117,452
125,452
126,451
127,451
130,448
130,447
131,446
131,445
133,443
133,442
134,441
134,439
135,438
135,437
136,436
136,434
137,433
137,431
138,430
138,426
139,425
139,424
141,422
142,422
146,426
146,427
147,428
147,429
148,430
148,431
155,431
159,427
159,426
160,425
160,423
161,422
161,420
162,419
162,409
163,408
163,407
165,405
166,405
168,403
169,403
170,402
174,402
175,403
178,403
179,404
181,404
182,405
183,405
188,410
188,411
189,412
189,413
192,416
192,417
193,418
193,419
194,420
194,422
195,423
195,427
194,428
194,429
193,430
193,432
192,433
192,434
191,435
191,437
190,438
190,439
189,440
189,441
188,442
188,443
187,444
187,445
186,446
186,447
185,448
185,449
184,450
184,451
183,452
183,453
182,454
182,455
181,456
181,457
180,458
180,460
179,461
179,467
178,468
178,470
177,471
177,478
175,480
174,480
173,481
172,481
170,483
169,483
167,485
166,485
165,486
164,486
163,487
163,492
164,493
164,494
165,495
165,499
161,503
161,504
159,506
159,508
158,509
159,510
159,512
163,516
163,517
164,518
164,519
165,520
165,522
166,523
166,525
174,525
175,526
178,526
179,527
183,527
184,526
185,526
188,523
188,522
190,520
192,520
193,521
194,521
195,522
196,522
197,523
199,523
200,524
202,524
203,525
207,525
208,526
220,526
221,527
228,527
229,528
231,528
233,530
234,530
236,532
240,532
241,533
245,533
245,523
243,521
243,520
242,519
242,517
239,514
239,512
238,511
236,511
235,510
220,510
219,509
217,509
216,508
211,508
210,507
209,507
208,506
207,506
206,505
204,505
203,504
201,504
200,503
199,503
198,502
197,502
194,499
194,498
193,497
193,495
192,494
192,491
191,490
191,489
192,488
192,485
194,483
194,478
195,477
195,475
196,474
196,472
198,470
198,469
201,466
202,466
203,465
205,465
206,464
207,464
211,460
211,459
213,457
213,456
215,454
215,453
218,450
218,449
219,448
219,447
223,443
223,442
224,441
224,440
226,438
226,437
235,428
235,427
241,421
242,421
243,420
244,420
258,406
259,406
260,405
261,405
262,406
264,406
267,409
268,409
275,416
275,418
276,419
276,420
277,421
277,422
278,423
278,424
279,425
279,426
280,427
280,428
281,429
281,430
282,431
282,432
283,433
283,435
287,439
288,439
294,445
294,447
295,448
295,450
297,452
297,453
302,458
302,459
303,460
303,461
304,462
304,464
305,465
305,467
307,469
307,471
308,472
308,474
309,475
309,490
308,491
309,492
309,493
311,493
312,494
313,494
316,497
316,502
313,505
313,506
309,510
308,510
305,513
305,514
304,515
304,517
303,518
303,521
302,522
302,523
303,524
303,526
304,527
306,527
309,524
310,524
311,523
312,523
314,521
315,521
316,520
317,520
318,519
320,519
321,518
327,518
328,517
338,517
339,518
341,518
343,520
344,520
347,523
348,523
349,524
350,524
352,526
353,526
355,528
356,528
357,529
375,529
378,526
379,526
380,525
382,525
383,524
386,524
387,523
392,523
393,522
394,522
399,517
399,511
398,510
398,509
397,508
397,507
396,506
396,505
394,503
392,503
391,502
362,502
361,501
359,501
358,500
354,500
353,499
351,499
350,498
348,498
342,492
342,491
338,487
338,486
337,485
337,484
336,483
336,481
335,480
335,479
334,478
334,476
333,475
333,473
332,472
332,471
331,470
331,468
330,467
330,466
329,465
329,463
328,462
328,459
327,458
327,457
326,456
326,454
325,453
325,451
324,450
324,447
323,446
323,445
322,444
322,442
321,441
321,440
320,439
320,432
319,431
319,423
320,422
320,420
321,419
321,418
322,417
322,416
323,415
323,413
324,412
324,411
325,410
325,408
326,407
326,405
327,404
327,403
328,402
328,400
329,399
329,397
330,396
330,394
331,393
331,392
332,391
332,389
333,388
333,387
334,386
334,384
335,383
335,380
336,379
336,377
337,376
337,373
338,372
338,369
339,368
339,367
340,366
340,364
341,363
341,359
342,358
342,355
343,354
343,352
344,351
344,350
345,349
345,348
346,347
346,345
348,343
348,342
350,340
350,339
352,337
352,336
353,335
353,334
354,333
354,332
355,331
355,330
363,322
364,322
364,321
368,317
368,316
370,314
370,313
373,310
373,309
376,306
376,305
378,303
378,302
381,299
381,298
384,295
384,293
387,290
387,289
388,288
388,287
390,285
390,284
391,283
391,282
392,281
392,280
393,279
393,276
394,275
394,253
393,252
393,245
392,244
392,230
391,229
391,228
390,227
390,225
389,224
389,221
388,220
388,215
387,214
387,211
386,210
386,208
385,207
385,205
384,204
384,202
383,201
383,200
382,199
382,198
381,197
381,195
380,194
380,193
378,191
378,189
372,183
372,181
365,174
365,173
363,171
363,170
362,169
362,168
360,166
359,166
356,163
355,163
354,162
353,162
351,160
350,160
349,159
347,159
346,158
345,158
344,157
343,157
342,156
341,156
340,155
339,155
338,154
336,154
335,153
334,153
333,152
332,152
331,151
329,151
328,150
326,150
325,149
323,149
322,148
320,148
319,147
317,147
316,146
310,146
307,143
307,133
306,132
306,131
305,130
305,129
304,128
304,126
303,125
303,124
302,123
302,122
301,121
301,119
300,118
300,117
299,116
299,114
298,113
298,111
297,110
297,107
295,105
294,105
291,102
291,99
292,98
292,97
293,96
293,95
294,94
294,93
295,92
295,90
297,88
297,86
298,85
298,83
299,82
299,78
301,76
301,73
299,73
298,72
296,72
295,71
293,71
292,70
289,70
288,69
286,69
285,68
283,68
282,67
280,67
279,66
278,66
274,62
273,62
272,61
271,61
270,60
269,60
267,58
266,58
263,55
262,55
261,54
260,54
259,53
259,52
258,51
258,49
256,47
253,47
