823
103,23
103,25
102,26
102,34
103,35
103,39
104,40
104,44
105,45
105,49
106,50
106,52
107,53
107,65
108,66
108,71
109,72
109,78
108,79
108,82
107,83
107,84
105,86
105,87
104,88
104,90
103,91
103,93
104,94
104,96
105,97
105,99
106,100
106,102
107,103
107,104
108,105
108,107
109,108
109,111
110,112
110,118
111,119
111,122
112,123
112,126
113,127
113,141
112,142
112,144
110,146
110,147
109,148
109,149
108,150
108,152
107,153
107,154
105,156
105,157
103,159
103,160
102,161
102,162
101,163
101,164
100,165
100,166
99,167
99,169
98,170
98,172
97,173
97,174
96,175
96,176
94,178
94,179
93,180
93,181
92,182
92,183
91,184
91,186
90,187
90,199
91,200
91,202
92,203
92,214
93,215
93,218
94,219
94,221
95,222
95,229
96,230
96,232
97,233
97,234
98,235
98,239
99,240
99,243
100,244
100,246
101,247
101,249
102,250
102,258
101,259
101,260
99,262
99,264
98,265
98,269
99,270
99,276
98,277
98,278
97,279
97,281
96,282
96,283
95,284
95,285
94,286
94,288
93,289
93,290
92,291
92,293
91,294
91,295
87,299
87,300
86,301
86,302
85,303
85,304
83,306
83,307
80,310
80,312
79,313
79,315
78,316
78,317
77,318
77,319
76,320
76,321
75,322
75,324
74,325
74,327
73,328
73,330
72,331
72,333
71,334
71,337
70,338
70,342
69,343
69,344
68,345
68,347
67,348
67,352
66,353
66,355
65,356
65,359
64,360
64,363
63,364
63,367
62,368
62,383
63,384
63,386
64,387
64,388
66,390
74,390
75,389
77,389
78,388
80,388
80,387
82,385
82,384
83,383
83,382
84,381
84,376
85,375
85,370
86,369
86,366
87,365
87,362
88,361
88,360
90,358
90,355
91,354
91,351
92,350
92,349
93,348
93,347
94,346
94,345
95,344
95,343
98,340
98,339
99,338
99,337
100,336
100,335
107,328
108,328
109,327
110,327
112,325
113,325
116,322
117,322
118,321
119,321
123,317
124,317
125,316
126,316
127,315
128,315
129,314
133,314
136,317
136,318
137,319
139,319
140,320
142,320
143,321
144,321
146,323
147,323
150,326
150,327
152,329
152,331
153,332
153,333
154,334
154,339
153,340
153,349
152,350
152,352
151,353
151,358
150,359
150,365
149,366
149,370
148,371
148,374
147,375
147,376
146,377
146,379
145,380
145,382
144,383
144,385
143,386
143,387
142,388
142,390
141,391
141,394
140,395
140,398
139,399
139,401
138,402
138,403
137,404
137,407
136,408
136,414
135,415
135,417
134,418
134,419
133,420
133,423
132,424
132,436
131,437
131,438
130,439
130,440
129,441
129,443
128,444
128,450
124,454
122,454
121,455
118,455
117,456
114,456
113,457
109,457
108,458
106,458
101,463
101,464
100,465
100,467
99,468
99,469
100,470
100,472
101,473
101,474
112,474
113,475
116,475
117,476
130,476
131,475
144,475
145,474
157,474
158,473
181,473
182,472
203,472
204,471
213,471
213,464
212,463
212,460
211,459
211,458
210,457
210,454
214,450
216,450
217,449
218,449
219,450
222,450
223,451
224,451
226,453
227,453
232,458
233,458
234,459
235,459
236,460
237,460
238,461
239,461
242,464
243,464
248,469
248,470
249,471
249,472
255,478
255,480
252,483
249,483
248,484
246,484
243,487
234,487
233,488
231,488
230,489
229,489
228,490
227,490
226,491
225,491
224,492
223,492
222,493
221,493
218,496
218,498
217,499
217,503
218,504
218,506
219,507
219,508
220,509
220,512
221,513
221,515
222,516
229,516
230,515
244,515
245,514
250,514
251,513
255,513
256,512
259,512
260,511
262,511
263,510
265,510
266,509
268,509
269,508
270,508
271,507
274,507
275,506
278,506
279,505
281,505
282,504
284,504
285,503
287,503
288,502
290,502
291,501
294,501
295,500
297,500
298,499
300,499
301,498
303,498
303,497
304,496
304,495
305,494
305,493
309,489
309,488
310,487
310,484
311,483
311,481
313,479
314,479
315,478
316,479
318,479
319,480
326,480
327,481
336,481
337,482
346,482
347,483
356,483
357,484
359,484
360,485
361,485
362,486
364,486
365,487
396,487
397,488
401,488
402,489
425,489
426,490
442,490
443,491
458,491
459,492
477,492
478,493
509,493
510,492
516,492
517,493
528,493
530,491
530,490
532,488
532,487
533,486
533,476
532,475
532,472
531,471
531,469
528,466
526,466
525,465
518,465
517,464
516,464
515,463
513,463
512,462
511,462
510,463
507,463
506,464
497,464
496,463
495,463
494,462
491,462
490,461
485,461
484,460
477,460
476,459
472,459
471,458
468,458
467,457
437,457
436,458
420,458
419,459
399,459
398,458
389,458
388,457
386,457
385,456
384,456
383,455
381,455
380,454
377,454
376,453
375,453
374,452
373,452
372,451
371,451
370,450
369,450
368,449
367,449
365,447
364,447
360,443
359,443
356,440
355,440
350,435
349,435
346,432
345,432
343,430
342,430
339,427
338,427
335,424
335,423
334,422
334,421
333,420
333,419
332,418
332,417
331,416
331,415
330,414
330,413
329,412
329,411
328,410
328,408
327,407
327,404
326,403
326,391
325,390
325,381
324,380
324,378
323,377
323,369
322,368
322,366
321,365
321,363
320,362
320,351
319,350
319,347
318,346
318,343
317,342
317,336
316,335
316,333
315,332
315,330
314,329
314,326
313,325
313,322
312,321
312,317
311,316
311,310
310,309
310,308
309,307
309,305
308,304
308,301
306,299
306,298
305,297
305,294
304,293
304,291
302,289
302,288
301,287
301,286
300,285
300,284
299,283
299,281
298,280
298,277
295,274
295,273
294,272
294,271
293,270
293,268
292,267
292,266
291,265
291,264
290,263
290,261
289,260
289,259
288,258
288,257
287,256
287,255
286,254
286,253
285,252
285,251
284,250
284,249
283,248
283,247
278,242
278,241
277,240
277,235
275,233
275,232
274,231
274,230
273,229
273,228
270,225
270,224
269,223
269,221
268,221
258,211
258,210
256,208
255,208
252,205
252,204
250,202
249,202
248,201
247,201
244,198
243,198
242,197
241,197
240,196
239,196
238,195
237,195
234,192
233,192
231,190
230,190
223,183
223,182
222,181
222,180
217,175
217,174
214,171
214,170
212,168
212,167
211,166
211,165
209,163
209,162
208,161
208,160
206,158
206,157
203,154
203,153
202,152
202,149
201,148
202,147
202,140
203,139
203,136
204,135
204,132
205,131
205,129
206,128
206,127
207,126
207,124
208,123
208,122
209,121
209,120
210,119
210,117
211,116
211,114
212,113
212,108
213,107
213,105
214,104
214,102
215,101
215,88
214,87
214,85
213,84
213,80
214,79
214,77
215,76
215,74
216,73
216,63
217,62
217,59
218,58
218,56
219,55
219,53
220,52
220,49
221,48
221,33
220,32
220,30
219,29
214,29
213,30
212,30
211,31
210,31
208,33
207,33
196,44
195,44
194,45
193,45
192,46
191,46
190,47
188,47
187,48
182,48
181,49
167,49
166,48
149,48
148,47
146,47
145,46
143,46
142,45
141,45
140,44
138,44
137,43
135,43
134,42
133,42
131,40
129,40
128,39
125,39
112,26
111,26
109,24
108,24
107,23
103,23
