949
238,38
237,39
235,39
234,40
232,40
231,41
229,41
228,42
226,42
225,43
224,43
223,44
219,44
218,45
216,45
216,47
215,48
215,52
214,53
214,55
213,56
213,58
212,59
212,60
210,62
210,63
202,71
201,71
199,73
198,73
193,78
193,79
192,80
192,81
191,82
191,83
190,84
190,86
189,87
189,93
188,94
188,95
187,96
187,97
186,98
186,100
185,101
185,105
184,106
184,108
183,109
183,116
184,117
184,119
185,120
185,133
186,134
186,136
187,137
187,141
188,142
188,144
189,145
189,147
190,148
190,150
191,151
191,155
192,156
192,158
193,159
193,169
192,170
192,175
191,176
191,185
190,186
190,188
189,189
189,190
190,191
190,193
191,194
191,202
192,203
192,205
193,206
193,207
194,208
194,209
200,215
202,215
203,216
205,216
206,217
209,217
210,216
213,216
214,217
216,217
217,218
219,218
220,219
221,219
222,220
223,220
224,221
226,221
228,223
229,223
231,225
232,225
234,227
235,227
237,229
237,230
238,231
238,232
239,233
239,234
240,235
240,239
236,243
235,243
234,244
224,244
223,243
221,243
220,242
218,242
217,241
215,241
214,240
212,240
211,239
209,239
208,238
199,238
198,239
196,239
195,240
193,240
192,241
185,241
184,240
181,240
177,236
177,235
176,234
176,232
175,231
175,228
173,226
173,225
172,224
172,218
171,217
171,215
170,214
170,208
169,207
169,205
168,204
168,202
167,201
167,200
166,199
166,198
165,197
165,196
164,195
164,194
162,192
161,192
160,191
159,191
158,190
157,190
156,189
155,189
154,188
152,188
151,187
146,187
145,188
143,188
142,189
140,189
139,190
137,190
136,191
135,191
134,192
133,192
127,198
126,198
116,208
116,209
114,211
114,212
106,220
106,221
104,223
104,224
95,233
95,234
94,235
94,236
92,238
92,239
90,241
90,242
89,243
89,244
88,245
88,247
87,248
87,267
88,268
88,270
89,271
89,272
90,273
90,274
100,284
101,284
104,287
106,287
107,288
109,288
110,289
113,289
116,286
116,285
117,284
117,278
118,277
118,275
119,274
119,272
120,271
120,270
121,269
121,268
123,266
123,265
127,261
128,261
129,260
130,260
140,250
140,249
144,245
145,245
146,244
149,244
150,245
151,245
153,247
153,248
154,249
154,251
155,252
155,254
156,255
156,258
155,259
155,261
154,262
154,268
153,269
153,271
152,272
152,277
153,278
153,280
157,284
157,285
160,288
160,289
161,290
161,291
163,293
163,294
164,295
164,296
165,297
165,299
171,305
173,305
178,310
178,311
179,312
179,314
180,315
180,317
181,318
181,320
182,321
182,323
183,324
183,326
184,327
184,329
215,329
221,323
222,323
223,322
228,322
231,325
232,325
237,330
237,331
238,331
243,336
243,337
244,338
244,343
245,344
245,346
246,347
246,351
244,353
243,353
242,354
235,354
234,353
233,353
232,352
231,352
230,351
228,351
227,350
224,350
223,349
221,349
220,348
218,348
217,347
215,347
214,346
212,346
211,345
208,345
207,346
195,346
194,347
192,347
191,348
190,348
189,349
188,349
188,350
186,352
186,353
184,355
184,356
183,357
183,358
182,359
182,360
181,361
181,362
180,363
180,364
179,365
179,366
178,367
178,369
177,370
177,390
178,391
178,393
179,394
179,398
180,399
180,401
181,402
181,404
182,405
182,407
183,408
183,410
184,411
184,413
185,414
185,415
186,416
186,417
187,418
187,428
185,430
184,430
183,431
176,431
175,430
174,430
173,429
172,429
171,428
170,428
160,418
159,418
157,416
156,416
148,408
147,408
145,406
144,406
140,402
139,402
137,400
136,400
134,398
132,398
131,397
124,397
123,396
121,396
120,395
112,395
111,394
110,394
109,393
108,393
107,392
106,392
101,387
99,387
98,386
97,386
96,387
94,387
94,389
93,390
93,396
92,397
92,398
90,400
89,400
88,401
85,401
84,402
82,402
82,404
81,405
81,408
82,409
82,411
83,412
83,413
84,414
84,415
85,416
85,418
86,419
86,421
102,437
103,437
105,439
106,439
108,441
108,442
112,446
113,446
115,448
116,448
126,458
127,458
135,466
135,467
137,469
137,470
153,486
154,486
156,488
157,488
159,490
160,490
161,491
162,491
163,492
175,492
176,491
177,491
178,490
179,490
180,489
181,489
182,488
183,488
184,487
186,487
187,486
191,486
192,485
193,485
194,484
195,484
201,478
201,477
202,476
202,475
203,474
203,473
204,472
204,471
205,470
205,469
206,468
206,467
207,466
207,465
209,463
209,462
217,454
217,453
219,451
219,450
221,448
222,448
223,447
224,447
225,446
230,446
231,445
236,445
237,446
241,446
242,447
244,447
245,448
247,448
248,449
250,449
251,450
252,450
253,451
254,451
255,452
256,452
258,454
259,454
265,460
266,460
268,462
269,462
271,464
273,464
274,465
275,465
276,466
277,466
279,468
280,468
286,474
287,474
288,475
289,475
290,476
292,476
293,477
295,477
296,478
305,478
306,477
309,477
310,478
313,478
314,477
316,477
317,476
338,476
339,475
340,475
341,474
342,474
343,473
344,473
345,472
346,472
348,470
348,469
350,467
350,466
352,464
352,463
353,462
353,461
354,460
354,459
359,454
360,454
362,452
363,452
364,451
365,451
366,450
368,450
369,449
371,449
372,448
383,448
384,447
386,447
387,446
397,446
398,445
400,445
401,444
409,444
411,442
412,442
413,441
419,441
420,440
422,440
423,439
428,439
429,438
431,438
432,437
438,437
439,436
441,436
442,435
446,435
447,434
449,434
450,433
456,433
457,432
459,432
460,431
480,431
481,432
483,432
484,433
490,433
491,434
493,434
494,435
495,435
496,436
497,436
498,437
499,437
500,438
501,438
502,439
503,439
508,444
509,444
511,446
512,446
514,448
514,449
516,451
516,452
518,454
518,455
519,456
519,468
518,469
518,470
516,472
516,473
510,479
510,481
509,482
509,485
510,486
510,488
514,492
528,492
540,480
540,479
542,477
542,476
544,474
544,473
545,472
545,471
546,470
546,461
545,460
545,459
544,458
544,457
543,456
543,455
542,454
542,453
541,452
541,451
540,450
540,449
536,445
536,444
526,434
525,434
524,433
523,433
522,432
521,432
519,430
518,430
517,429
516,429
515,428
514,428
513,427
512,427
511,426
510,426
509,425
508,425
507,424
506,424
505,423
504,423
503,422
502,422
501,421
500,421
499,420
497,420
496,419
494,419
493,418
491,418
490,417
484,417
483,416
481,416
480,415
472,415
471,416
469,416
468,417
458,417
457,418
455,418
454,419
450,419
449,420
447,420
446,421
442,421
441,422
439,422
438,423
434,423
433,424
431,424
430,425
427,425
426,426
424,426
423,427
415,427
414,428
412,428
411,429
403,429
402,430
400,430
399,431
393,431
392,432
390,432
389,433
372,433
371,432
370,432
368,430
368,429
366,427
366,426
365,425
365,420
366,419
366,377
365,376
365,374
364,373
364,367
363,366
363,363
364,362
364,359
363,358
363,353
364,352
364,348
365,347
365,345
366,344
366,339
367,338
367,336
368,335
368,334
369,333
369,332
370,331
370,327
371,326
371,324
372,323
372,317
373,316
373,315
375,313
375,296
373,294
373,293
372,292
372,237
371,236
371,234
370,233
370,230
369,229
369,228
368,227
368,226
367,225
367,223
366,222
366,220
365,219
365,218
364,217
364,216
360,212
360,211
358,209
358,208
346,196
345,196
344,195
343,195
342,194
341,194
339,192
338,192
336,190
335,190
332,187
332,181
336,177
337,177
338,176
340,176
341,175
342,175
343,174
344,174
346,172
347,172
349,170
350,170
350,169
351,168
351,167
352,166
352,165
353,164
353,163
354,162
354,141
352,139
352,138
350,136
350,135
348,133
347,133
346,132
345,132
344,131
342,131
341,130
340,130
336,126
336,125
334,123
334,122
333,121
333,119
332,118
332,92
331,91
331,89
330,88
330,84
329,83
329,82
328,81
328,80
327,79
327,78
326,77
326,75
321,70
321,69
313,61
312,61
310,59
309,59
307,57
306,57
305,56
304,56
303,55
302,55
301,54
300,54
299,53
298,53
297,52
296,52
295,51
294,51
293,50
292,50
291,49
289,49
288,48
286,48
285,47
283,47
282,46
280,46
279,45
277,45
276,44
273,44
272,43
270,43
269,42
261,42
260,41
258,41
257,40
243,40
242,39
240,39
239,38
