1197
166,13
166,14
165,15
165,17
164,18
164,19
163,20
163,21
162,22
162,23
160,25
160,27
159,28
159,30
158,31
158,34
157,35
157,37
156,38
156,39
155,40
155,42
154,43
154,46
153,47
153,53
152,54
152,87
153,88
153,94
154,95
154,113
152,115
126,115
125,116
123,116
122,117
117,117
116,118
110,118
109,119
103,119
102,120
96,120
95,121
90,121
89,122
87,122
86,123
82,123
81,124
75,124
74,125
68,125
67,126
62,126
61,127
59,127
58,128
57,128
57,131
58,132
58,133
59,133
60,134
61,134
67,140
69,140
70,141
72,141
73,142
75,142
76,143
78,143
79,144
80,144
81,145
100,145
101,144
102,144
103,143
105,143
106,142
109,142
110,141
113,141
114,140
118,140
119,139
124,139
125,138
129,138
130,139
134,139
135,140
138,140
139,141
142,141
143,142
144,142
146,144
147,144
148,145
149,145
154,150
154,152
155,153
155,154
156,155
156,156
157,157
157,158
158,159
158,160
159,160
160,161
161,161
163,163
163,164
162,165
162,166
160,168
160,169
159,170
159,172
158,173
158,174
156,176
156,177
152,181
152,182
151,183
151,184
149,186
148,186
147,187
146,187
141,192
140,192
139,193
125,193
124,194
117,194
116,195
111,195
110,196
108,196
107,197
103,197
102,198
96,198
95,199
89,199
88,200
83,200
82,201
79,201
78,202
76,202
75,203
74,203
73,204
72,204
71,205
70,205
69,206
68,206
67,207
67,209
66,210
66,212
65,213
65,216
64,217
64,219
62,221
62,222
61,223
61,224
59,226
59,227
58,228
58,229
57,230
57,233
56,234
56,260
57,261
57,263
58,264
58,266
59,267
59,268
62,271
62,281
61,282
61,284
60,285
61,286
61,288
66,293
66,294
67,295
68,295
74,301
75,301
76,302
77,302
81,306
81,307
85,311
85,312
86,313
86,314
98,314
99,315
100,315
103,318
103,319
104,320
104,322
105,323
105,324
106,325
106,326
107,327
107,328
109,328
113,332
114,332
117,335
126,335
127,334
131,334
132,333
134,333
135,332
140,332
141,331
146,331
147,330
149,330
150,329
152,329
157,324
159,324
161,322
162,322
174,310
174,309
175,308
175,306
176,305
176,303
177,302
177,301
179,299
180,299
183,302
183,303
184,304
184,311
185,312
185,318
186,319
186,325
187,326
187,329
188,330
188,331
189,332
189,333
190,334
190,335
191,336
191,337
192,338
192,340
193,341
193,342
194,343
194,344
196,346
196,347
197,348
197,349
198,350
198,351
199,352
199,354
200,355
200,356
204,360
204,361
205,362
205,363
211,369
211,370
212,371
212,373
208,377
208,378
205,381
204,381
203,382
201,382
200,383
199,383
197,385
196,385
195,386
194,386
193,387
192,387
191,388
190,388
189,389
188,389
187,390
186,390
182,394
181,394
180,395
179,395
179,396
178,397
178,399
177,400
177,404
176,405
176,407
177,408
177,410
178,411
178,413
179,414
179,415
180,416
180,417
184,421
184,422
186,424
186,425
188,427
188,428
189,429
189,430
191,432
191,434
192,435
192,436
193,437
193,438
194,439
194,440
195,441
195,442
196,443
196,444
198,446
198,448
199,449
199,450
200,451
200,452
202,454
202,455
203,456
203,458
204,459
204,461
205,462
205,465
206,466
206,468
207,469
207,471
209,473
209,474
210,475
210,476
211,477
211,478
212,479
212,484
211,485
211,486
209,488
209,489
207,491
207,496
211,500
211,501
212,502
212,503
213,504
222,504
223,503
228,503
229,502
231,502
232,501
232,500
235,497
235,495
238,492
238,489
235,486
235,484
233,482
233,481
232,480
232,479
231,478
231,477
230,476
230,475
229,474
229,472
228,471
228,469
227,468
227,465
226,464
226,460
225,459
225,453
224,452
224,450
223,449
223,448
221,446
221,444
220,443
220,442
219,441
219,440
218,439
218,438
217,437
217,436
216,435
216,433
215,432
215,430
214,429
214,426
213,425
213,423
212,422
212,420
211,419
211,417
210,416
210,415
209,414
209,412
210,411
211,411
212,410
227,410
228,409
232,409
233,410
235,410
239,414
239,415
240,416
241,416
244,419
244,420
245,421
245,423
246,424
246,426
247,427
247,429
248,430
248,431
249,432
249,434
250,435
250,436
251,437
251,438
252,439
252,441
253,442
253,443
254,444
254,445
256,447
256,449
257,450
257,456
258,457
258,461
259,462
259,465
260,466
260,468
261,469
261,470
262,471
262,472
263,473
263,477
264,478
264,484
265,485
265,491
266,492
266,498
267,499
267,503
266,504
266,505
265,506
265,507
264,508
264,509
263,510
263,511
262,512
262,513
261,514
261,516
260,517
260,527
261,528
261,530
292,530
292,528
293,527
293,523
294,522
294,515
283,504
283,503
282,502
282,500
281,499
281,493
280,492
280,462
281,461
281,455
282,454
282,449
283,448
283,446
284,445
284,441
285,440
285,437
286,436
286,433
287,432
287,429
288,428
288,425
291,422
292,422
294,420
295,420
296,419
297,419
298,418
301,418
302,417
318,417
319,416
322,416
323,415
325,415
326,414
327,414
328,413
329,413
330,412
332,412
333,411
336,411
337,410
340,410
341,409
342,409
343,410
345,410
347,412
348,412
349,413
350,413
354,417
354,418
357,421
357,422
359,424
359,425
361,427
361,428
362,429
362,430
363,431
363,432
364,433
364,436
365,437
365,439
366,440
366,443
367,444
367,446
368,447
368,448
369,449
369,450
370,451
370,453
371,454
371,459
372,460
372,466
373,467
373,473
374,474
374,479
375,480
375,482
376,483
376,497
375,498
375,499
374,500
374,501
372,503
372,504
371,505
371,507
369,509
369,510
368,511
368,512
367,513
367,514
366,515
366,517
365,518
365,523
393,523
393,522
394,521
394,520
395,519
395,517
396,516
396,515
397,514
397,513
398,512
398,509
397,508
397,507
395,505
395,503
393,501
393,500
392,499
392,496
391,495
391,469
392,468
392,462
393,461
393,455
394,454
394,448
395,447
395,441
396,440
396,435
397,434
397,432
402,427
403,427
404,426
405,426
406,425
407,425
408,424
409,424
410,423
413,423
414,422
422,422
423,423
424,423
426,425
426,426
431,431
431,432
433,434
433,435
435,435
437,437
438,437
440,439
441,439
444,442
445,442
446,443
448,443
449,444
450,444
451,445
452,445
453,446
454,446
455,447
456,447
458,449
459,449
460,450
462,450
463,451
465,451
466,452
468,452
469,453
471,453
472,454
473,454
474,455
476,455
477,456
479,456
480,457
482,457
483,458
486,458
487,459
488,459
491,462
491,463
492,464
492,465
493,466
493,467
494,468
494,469
496,471
501,471
502,470
504,470
505,469
507,469
509,467
510,467
512,465
512,464
513,463
513,461
514,460
514,459
515,458
515,457
516,456
516,455
517,454
517,453
518,452
518,451
519,450
519,447
520,446
520,441
519,440
518,440
517,439
515,439
514,438
513,438
512,437
510,437
509,436
506,436
505,435
504,436
501,436
500,437
497,437
496,438
495,438
494,439
493,439
492,440
487,440
486,439
482,439
481,438
479,438
478,437
476,437
475,436
474,436
473,435
472,435
471,434
469,434
467,432
466,432
465,431
464,431
460,427
460,426
459,425
459,424
458,424
454,420
454,419
453,418
453,417
450,414
450,413
448,411
448,409
447,408
447,407
446,406
446,404
445,403
445,402
443,400
443,399
442,398
442,397
441,396
441,395
440,394
440,393
439,392
439,390
438,389
437,389
436,388
435,388
434,387
431,387
430,386
428,386
423,381
423,379
422,378
422,372
425,369
425,367
427,365
427,364
429,362
429,361
430,360
430,359
432,357
432,356
433,355
433,353
434,352
434,351
435,350
435,349
436,348
436,347
437,346
437,345
439,343
439,342
440,341
440,338
441,337
441,331
442,330
442,306
441,305
441,303
440,302
440,299
441,298
442,298
443,297
444,297
445,298
450,298
451,299
453,299
454,300
456,300
457,301
460,301
461,302
464,302
465,303
467,303
468,304
497,304
498,305
499,305
501,307
502,307
506,311
507,311
510,314
511,314
512,315
513,315
514,316
516,316
517,317
518,317
519,318
520,318
521,319
522,319
525,322
526,322
527,323
528,323
529,324
530,324
534,328
535,328
536,329
537,329
538,330
541,330
541,299
540,298
539,298
537,296
536,296
534,294
533,294
532,293
531,293
529,291
528,291
527,290
525,290
524,289
514,289
513,290
511,290
510,291
509,291
508,292
507,292
506,293
505,293
504,294
502,294
501,295
500,295
499,296
480,296
479,295
473,295
472,294
469,294
468,293
467,293
466,292
465,292
464,291
463,291
461,289
460,289
459,288
458,288
457,287
455,287
453,285
452,285
451,284
450,284
449,283
448,283
447,282
446,282
445,281
444,281
443,280
442,280
439,277
439,275
438,275
433,270
433,268
432,267
431,267
427,263
427,262
425,260
424,260
421,257
421,256
419,254
418,254
417,253
415,253
412,250
411,250
410,249
409,249
408,248
407,248
406,247
403,247
402,246
395,246
394,245
388,245
387,244
383,244
382,243
380,243
379,242
377,242
376,243
374,243
373,244
369,244
368,245
363,245
362,246
359,246
358,247
356,247
355,248
352,248
351,249
350,249
349,250
348,250
347,251
346,251
344,253
342,253
341,254
340,254
339,255
338,255
337,256
335,256
334,257
332,257
331,258
327,258
326,259
320,259
319,260
313,260
312,261
306,261
305,262
300,262
299,263
297,263
296,264
293,264
292,265
289,265
288,266
285,266
284,267
282,267
281,268
261,268
260,267
255,267
254,266
253,266
248,261
248,260
245,257
244,257
240,253
239,253
238,252
237,252
235,250
235,248
234,247
234,244
233,243
233,241
232,240
232,236
233,235
233,233
234,232
234,231
235,230
235,229
236,228
236,227
237,226
237,225
238,224
238,220
237,219
237,217
236,216
236,211
235,210
235,207
234,206
234,205
233,204
233,202
232,201
232,200
230,198
230,197
229,196
229,195
228,194
228,193
227,192
227,191
226,190
226,189
225,188
225,187
221,183
221,182
220,181
220,180
219,179
218,179
215,176
215,175
212,172
211,172
208,169
208,168
205,165
204,165
199,160
198,160
197,159
196,159
194,157
194,153
195,152
195,114
194,113
194,107
193,106
193,86
192,85
192,79
191,78
191,74
190,73
190,71
189,70
189,65
188,64
188,60
187,59
187,56
186,55
186,53
185,52
185,50
184,49
184,47
183,46
183,45
182,44
182,42
181,41
181,39
180,38
180,35
179,34
179,30
178,29
178,25
177,24
177,22
176,21
176,19
172,15
172,14
171,14
170,13
166,13
