969
365,67
364,68
362,68
361,69
360,69
359,70
358,70
352,76
351,76
350,77
349,77
344,82
343,82
342,83
334,83
333,82
331,82
330,81
321,81
320,82
318,82
317,83
316,83
315,84
314,84
313,85
312,85
300,97
299,97
298,98
297,98
290,105
289,105
288,106
287,106
285,108
284,108
283,109
268,109
267,108
265,108
264,107
261,107
260,108
258,108
258,110
257,111
257,116
252,121
252,125
253,126
254,126
257,129
258,129
259,130
260,130
264,134
265,134
269,138
269,139
270,140
270,141
271,142
271,147
270,148
270,150
269,151
269,153
268,154
268,157
267,158
267,166
268,167
268,169
269,169
270,170
271,170
272,171
273,171
274,172
275,172
283,180
283,181
284,182
284,187
283,188
283,190
282,191
282,194
281,195
281,196
280,197
280,198
279,199
279,200
278,201
278,202
277,203
277,204
276,205
276,206
275,207
275,209
274,210
274,212
273,213
273,214
272,215
272,216
271,217
271,218
269,220
269,222
268,223
268,226
267,227
267,231
266,232
266,234
265,235
265,242
264,243
264,245
263,246
263,248
262,249
262,250
261,251
261,252
260,253
260,254
259,255
259,256
258,257
258,258
257,259
257,260
256,261
256,262
254,264
254,265
253,266
253,267
252,268
252,269
251,270
251,271
250,272
250,273
249,274
249,275
248,276
248,277
247,278
247,279
246,280
246,281
245,282
245,283
244,284
244,285
240,289
240,290
239,291
239,292
236,295
236,296
235,297
235,298
232,301
232,302
231,303
231,304
225,310
224,310
223,311
222,311
221,312
220,312
219,313
218,313
209,322
209,323
208,324
208,325
194,339
194,340
190,344
187,344
186,343
180,343
179,342
177,342
176,341
173,341
172,340
171,340
170,339
169,339
168,338
166,338
165,337
163,337
162,336
161,336
160,335
159,335
158,334
157,334
156,333
155,333
151,329
150,329
142,321
142,320
141,319
141,318
138,315
138,314
137,313
137,312
136,311
136,310
134,308
134,307
133,306
133,304
132,303
132,301
131,300
131,298
130,297
130,295
129,294
129,292
128,291
128,287
127,286
127,284
126,283
126,275
127,274
127,272
128,271
128,270
129,269
129,268
130,267
130,266
132,264
132,263
135,260
135,259
140,254
141,254
145,250
145,249
146,248
146,247
147,246
147,243
145,243
144,242
143,242
142,243
140,243
139,244
138,244
137,245
136,245
128,253
128,254
125,257
125,258
124,259
124,260
118,266
118,267
117,268
117,269
116,270
116,271
115,272
115,273
114,274
114,276
113,277
113,281
112,282
112,284
111,285
111,305
112,306
112,308
113,309
113,312
114,313
114,315
115,316
115,317
116,318
116,319
117,320
117,321
118,322
118,323
119,324
119,325
122,328
122,329
123,330
123,331
134,342
135,342
136,343
137,343
140,346
141,346
142,347
143,347
146,350
147,350
148,351
149,351
151,353
152,353
153,354
157,354
158,355
160,355
161,356
162,356
163,357
164,357
165,358
167,358
168,359
170,359
171,360
172,360
174,362
175,362
180,367
180,371
179,372
179,373
178,374
178,375
177,376
177,377
176,378
176,381
175,382
175,390
174,391
174,393
173,394
173,416
174,417
174,419
175,420
175,427
176,428
176,433
177,434
177,436
178,437
178,439
179,440
179,442
180,443
180,446
170,456
169,456
153,472
153,474
152,475
152,479
153,480
153,482
162,491
162,492
163,493
163,494
164,494
174,504
174,505
177,508
177,509
178,510
178,511
184,517
185,517
188,520
189,520
190,521
191,521
195,525
212,525
213,524
214,524
215,523
216,523
217,522
218,522
218,521
222,517
222,509
218,505
216,505
215,504
196,504
195,503
194,503
193,502
192,502
187,497
187,496
186,496
182,492
182,491
181,490
181,489
180,488
180,487
179,486
179,481
180,480
180,479
188,471
189,471
195,465
195,464
202,457
202,456
203,455
203,454
204,453
204,452
205,451
205,449
206,448
206,447
207,446
207,440
208,439
208,437
209,436
209,434
210,433
210,431
211,430
211,429
213,427
213,426
216,423
216,422
217,421
217,420
222,415
223,415
224,414
225,414
226,413
227,413
228,412
229,412
230,411
232,411
233,410
247,410
248,411
250,411
251,412
255,412
256,413
258,413
259,414
260,414
266,420
266,421
267,422
267,423
268,424
268,425
269,426
269,427
270,428
270,459
269,460
269,462
268,463
268,466
269,467
269,469
271,469
272,470
273,470
274,471
278,471
279,472
281,472
282,473
289,473
290,474
292,474
293,475
340,475
341,474
343,474
344,473
346,473
347,472
348,472
349,471
349,462
348,461
348,460
343,455
343,454
342,453
342,452
340,452
339,451
333,451
332,452
329,452
328,453
326,453
325,454
324,454
323,455
322,455
321,456
320,456
319,457
318,457
317,458
313,458
312,459
306,459
305,458
303,458
302,457
301,457
295,451
295,450
294,449
294,447
293,446
293,441
292,440
292,438
291,437
291,420
290,419
290,417
289,416
289,402
288,401
288,399
287,398
287,393
286,392
286,390
285,389
285,382
284,381
284,379
283,378
283,377
282,376
282,374
281,373
281,372
280,371
280,370
279,369
279,367
278,366
278,361
282,357
284,357
285,356
287,356
288,355
290,355
291,354
294,354
295,353
296,353
297,352
298,352
301,349
302,349
303,348
304,348
307,345
308,345
309,344
310,344
310,343
316,337
317,337
318,336
319,336
322,333
323,333
326,330
327,330
328,329
329,329
334,324
335,324
337,322
339,322
343,326
343,327
344,328
344,329
345,330
345,332
346,333
346,335
347,336
347,339
348,340
348,342
349,343
349,347
350,348
350,350
351,351
351,353
352,354
352,356
353,357
353,360
354,361
354,363
355,364
355,365
356,366
356,367
357,368
357,369
358,370
358,371
359,371
360,372
368,372
372,368
372,366
373,365
373,364
374,363
374,349
373,348
373,346
372,345
372,339
371,338
371,336
370,335
370,332
369,331
369,329
368,328
368,324
367,323
367,321
366,320
366,318
365,317
365,315
364,314
364,310
363,309
363,307
362,306
362,302
363,301
363,299
368,294
370,294
371,293
372,293
373,294
375,294
376,295
390,295
391,294
392,294
393,293
394,293
395,292
396,292
399,289
400,289
401,288
402,288
404,286
405,286
406,285
407,285
408,284
409,284
410,283
411,283
412,282
413,282
414,281
415,281
416,280
417,280
418,279
419,279
420,278
421,278
422,277
424,277
425,276
427,276
428,275
429,275
430,274
432,274
433,273
435,273
436,272
443,272
444,273
446,273
447,274
448,274
450,276
451,276
452,277
453,277
454,278
455,278
456,279
457,279
458,280
459,280
462,283
463,283
464,284
465,284
466,285
468,285
469,286
470,286
471,287
472,287
475,290
476,290
477,291
479,291
480,292
482,292
483,293
484,293
485,294
486,294
487,295
503,295
504,294
504,282
503,281
503,279
502,278
502,276
501,275
501,274
500,273
500,272
499,271
498,271
496,269
494,269
493,268
480,268
479,267
475,267
474,266
473,266
471,264
470,264
469,263
468,263
467,262
466,262
461,257
460,257
459,256
457,256
456,255
454,255
453,254
451,254
450,253
419,253
418,254
416,254
415,255
391,255
386,250
386,249
385,248
385,247
384,246
384,245
383,244
383,243
381,241
381,240
380,239
380,237
379,236
379,234
378,233
378,231
377,230
377,227
376,226
376,224
375,223
375,222
374,221
374,220
372,218
372,217
371,216
371,215
370,214
370,213
369,212
369,211
368,210
368,209
367,208
367,207
364,204
364,203
363,202
363,201
361,199
360,199
359,198
358,198
354,194
353,194
352,193
351,193
348,190
347,190
346,189
345,189
335,179
335,178
334,177
334,176
333,175
333,174
332,173
332,172
331,171
331,168
330,167
330,162
331,161
331,158
332,157
332,155
333,154
333,153
337,149
338,149
341,146
342,146
343,145
344,145
345,144
346,144
347,143
348,143
349,142
350,142
351,141
352,141
353,140
354,140
355,139
356,139
357,138
358,138
359,137
360,137
361,136
363,136
364,135
365,135
366,134
367,134
368,133
369,133
370,132
371,132
372,131
373,131
374,130
375,130
376,129
377,129
380,126
381,126
382,125
383,125
384,124
384,120
383,120
382,119
381,120
379,120
378,121
375,121
374,122
372,122
371,123
369,123
368,124
366,124
365,125
359,125
358,124
357,124
356,123
355,123
351,119
351,117
354,114
354,113
355,112
355,111
356,110
356,109
362,103
362,102
365,99
365,98
366,97
366,96
369,93
369,92
370,91
370,90
371,89
371,88
372,87
372,84
373,83
373,81
374,80
374,69
373,68
371,68
370,67
365,67
