949
82,13
81,14
72,14
71,15
64,15
63,16
57,16
56,17
53,17
52,18
50,18
49,19
48,19
48,22
51,25
52,25
53,26
54,26
55,27
56,27
57,28
58,28
59,29
60,29
61,30
65,30
66,31
70,31
71,32
75,32
76,33
81,33
82,34
84,34
85,35
87,35
88,36
89,36
90,37
91,37
92,38
95,38
96,39
98,39
99,40
101,40
103,42
104,42
107,45
107,46
109,48
110,48
111,49
112,49
116,53
116,54
117,54
119,56
120,56
126,62
127,62
130,65
131,65
134,68
135,68
143,76
144,76
145,77
145,78
151,84
151,85
155,89
155,90
157,92
157,93
158,94
158,95
162,99
162,100
163,101
163,103
164,104
164,106
165,107
165,108
166,109
166,111
167,112
167,114
170,117
170,118
171,119
171,121
172,122
172,123
173,124
173,128
174,129
174,133
175,134
175,138
176,139
176,142
177,143
177,147
178,148
178,154
179,155
179,160
180,161
180,172
179,173
179,178
175,182
175,183
173,185
173,186
169,190
168,190
167,191
165,191
163,193
162,193
161,194
160,194
159,195
157,195
156,196
155,196
154,197
153,197
152,198
150,198
149,199
148,199
145,202
144,202
143,203
140,203
138,201
137,201
136,200
135,200
134,199
133,199
131,197
129,197
128,196
127,196
126,195
125,195
124,194
123,194
120,191
118,191
117,190
116,190
115,189
114,189
113,188
111,188
110,187
109,187
104,182
103,182
102,181
101,181
96,176
95,176
92,173
91,173
88,170
87,170
86,169
85,169
84,168
83,168
81,166
80,166
79,165
77,165
76,164
75,164
73,162
71,162
70,161
69,161
68,160
67,160
65,158
64,158
63,157
61,157
60,156
58,156
57,155
53,155
52,154
47,154
46,153
41,153
40,152
38,152
37,151
34,151
33,150
27,150
26,149
14,149
13,150
11,150
11,156
13,158
13,159
14,160
14,161
16,163
16,164
17,165
17,166
19,168
19,169
23,173
23,174
25,176
25,177
26,178
26,179
31,184
31,185
32,186
32,187
35,190
35,191
38,194
38,195
39,196
39,197
40,198
40,199
41,200
41,202
42,203
42,205
43,206
43,207
44,208
44,209
45,210
45,212
47,214
47,216
48,217
48,219
49,220
49,222
50,223
50,225
51,226
51,229
52,230
52,233
53,234
53,237
54,238
54,239
55,240
55,243
56,244
56,247
57,248
57,252
58,253
58,256
59,257
59,261
60,262
60,266
61,267
61,270
62,271
62,272
63,273
63,277
64,278
64,282
65,283
65,306
66,307
66,366
67,367
67,369
68,370
68,372
69,373
69,375
70,376
71,375
73,375
74,374
75,374
78,371
79,371
81,369
81,367
82,366
82,365
83,364
83,363
84,362
84,361
85,360
85,359
87,357
87,356
88,355
88,354
90,352
90,350
91,349
91,348
92,347
92,346
93,345
93,344
94,343
94,342
95,341
95,340
96,339
96,338
98,336
98,334
99,333
99,332
100,331
100,329
101,328
101,326
102,325
102,324
103,323
103,322
104,321
104,319
105,318
105,315
106,314
106,312
107,311
107,309
108,308
108,305
109,304
109,303
110,302
110,301
111,300
111,299
112,298
112,297
113,296
113,295
114,294
114,292
115,291
115,289
116,288
116,287
117,286
117,284
120,281
120,280
121,279
121,278
122,277
122,276
123,275
123,274
130,267
130,266
138,258
139,258
140,257
149,257
150,258
151,258
153,260
154,260
155,261
156,261
158,263
160,263
161,264
162,264
165,267
165,268
166,269
166,270
170,274
170,275
171,276
171,277
173,279
173,280
175,282
175,283
176,284
176,285
178,287
178,289
179,290
179,294
180,295
180,298
181,299
181,303
182,304
182,308
183,309
183,312
184,313
184,315
185,316
185,318
186,319
186,322
187,323
187,328
188,329
188,334
189,335
189,340
190,341
190,350
191,351
191,424
190,425
190,438
189,439
189,459
188,460
188,492
187,493
187,498
186,499
186,504
185,505
185,523
184,524
184,526
183,527
183,530
182,531
182,535
181,536
181,541
180,542
180,550
179,551
179,561
178,562
178,566
177,567
177,568
176,569
176,571
175,572
175,575
174,576
174,579
173,580
173,581
171,583
171,584
172,585
171,586
174,589
181,589
182,588
182,587
184,585
185,585
190,580
190,579
194,575
195,575
198,572
198,571
203,566
204,566
204,565
206,563
206,562
208,560
208,559
209,558
210,558
211,557
211,556
212,555
212,554
215,551
215,550
219,546
219,545
222,542
222,541
224,539
224,538
230,532
230,531
231,530
231,529
237,523
237,522
238,521
238,520
241,517
241,516
244,513
244,512
247,509
247,508
249,506
249,505
253,501
253,500
255,498
255,497
256,496
256,495
261,490
261,489
262,488
262,487
265,484
265,483
267,481
267,480
271,476
271,475
272,474
272,473
274,471
274,470
279,465
279,464
280,463
280,462
285,457
285,456
286,455
286,454
289,451
289,450
290,449
290,448
295,443
295,442
296,441
296,440
298,438
298,437
300,435
300,434
302,432
302,431
303,430
303,429
305,427
305,426
306,425
306,424
307,423
307,422
310,419
310,418
312,416
312,414
314,412
314,411
316,409
316,408
318,406
318,405
319,404
319,403
321,401
321,399
323,397
323,396
325,394
325,393
327,391
327,390
328,389
328,388
330,386
330,385
331,384
331,383
332,382
332,381
335,378
335,377
337,375
337,373
338,372
338,371
340,369
340,368
342,366
342,365
344,363
344,362
345,361
345,360
346,359
346,358
347,357
347,356
351,352
351,351
352,350
352,349
353,348
353,347
354,346
354,345
355,344
355,343
357,341
357,340
359,338
359,337
360,336
360,335
361,334
361,332
362,331
362,330
363,329
363,328
364,327
364,325
365,324
365,323
368,320
368,319
369,318
369,316
370,315
370,314
371,313
371,312
372,311
372,309
373,308
373,307
375,305
375,304
377,302
377,299
379,297
379,295
380,294
380,292
382,290
382,289
384,287
384,285
385,284
385,283
386,282
386,281
387,280
387,279
388,278
388,276
389,275
389,274
392,271
392,270
393,269
393,267
394,266
394,265
395,264
395,263
396,262
396,260
397,259
397,257
398,256
398,255
400,253
400,251
401,250
401,248
402,247
402,246
403,245
403,243
404,242
404,240
405,239
405,238
406,237
406,235
407,234
407,233
409,231
409,229
410,228
410,226
411,225
411,223
412,222
412,220
413,219
413,217
414,216
414,215
416,213
416,211
417,210
417,209
418,208
418,206
419,205
419,204
420,203
420,201
421,200
421,199
422,198
422,197
423,196
423,195
425,193
425,192
429,188
430,188
431,187
432,187
439,180
439,177
438,176
438,174
433,169
432,169
430,167
430,166
427,163
426,163
418,155
417,155
416,154
415,154
413,152
413,151
410,148
409,148
408,147
407,147
405,145
404,145
400,141
399,141
398,140
397,140
394,137
393,137
390,134
389,134
387,132
386,132
384,130
383,130
382,129
381,129
377,125
376,125
375,124
374,124
373,123
372,123
370,121
369,121
367,119
366,119
363,116
362,116
360,114
359,114
358,113
357,113
356,112
355,112
351,108
350,108
349,107
348,107
346,105
345,105
343,103
342,103
340,101
339,101
337,99
336,99
335,98
334,98
333,97
332,97
330,95
329,95
327,93
326,93
325,92
324,92
322,90
321,90
320,89
319,89
318,88
317,88
316,87
315,87
311,83
309,83
307,81
306,81
305,80
304,80
302,78
301,78
299,76
298,76
296,74
295,74
294,73
292,73
290,71
289,71
287,69
286,69
285,68
283,68
282,67
281,67
279,65
277,65
276,64
275,64
274,63
273,63
271,61
270,61
269,60
267,60
266,59
265,59
263,57
261,57
260,56
259,56
258,55
257,55
256,54
255,54
254,53
253,53
252,52
251,52
250,51
249,51
248,50
246,50
245,49
243,49
242,48
240,48
239,47
238,47
237,46
235,46
233,44
232,44
231,43
230,43
229,42
227,42
226,41
224,41
223,40
222,40
221,39
219,39
218,38
216,38
214,36
213,36
212,35
210,35
209,34
207,34
206,33
205,33
204,32
200,32
199,31
196,31
195,30
192,30
191,29
190,29
189,28
187,28
186,27
183,27
182,26
179,26
178,25
174,25
173,24
170,24
169,23
166,23
165,22
162,22
161,21
158,21
157,20
154,20
153,19
148,19
147,18
141,18
140,17
134,17
133,16
127,16
126,15
121,15
120,14
112,14
111,13
