1165
456,54
455,55
453,55
452,56
450,56
449,57
448,57
447,58
446,58
445,59
444,59
444,60
443,61
443,62
440,65
439,65
436,68
435,68
433,70
432,70
432,72
431,73
431,77
430,78
430,79
429,80
429,82
424,87
423,87
416,94
414,94
413,95
411,95
410,96
409,96
408,97
408,99
407,100
407,105
408,106
408,108
409,108
410,109
411,109
413,111
414,111
417,114
418,114
421,117
421,118
426,123
426,126
427,127
427,149
426,150
426,155
425,156
425,158
424,159
424,163
423,164
423,165
422,166
422,169
421,170
421,173
420,174
420,175
419,176
419,177
417,179
417,180
416,181
416,182
411,187
410,187
409,188
409,189
406,192
405,192
404,193
404,194
399,199
398,199
395,202
394,202
392,204
390,204
389,205
387,205
386,206
385,206
382,209
364,209
361,206
359,206
358,205
355,205
354,204
352,204
350,202
349,202
344,197
344,196
343,195
343,193
342,192
342,191
341,190
341,189
340,188
340,186
339,185
339,183
338,182
338,178
337,177
337,173
336,172
336,171
335,170
335,168
334,167
334,165
333,164
333,140
332,139
332,135
333,134
333,127
332,126
332,124
331,123
331,114
330,113
330,107
327,104
327,102
326,101
326,98
325,97
325,95
324,94
323,94
320,91
320,90
319,89
318,89
317,88
315,88
314,87
310,87
309,86
307,86
306,85
293,85
292,84
290,84
289,83
288,84
286,84
285,85
281,85
280,86
278,86
277,87
275,87
274,88
273,88
272,89
271,89
270,90
270,91
267,94
266,94
265,95
265,96
262,99
262,100
261,101
261,103
259,105
259,107
258,108
258,111
257,112
257,114
256,115
256,123
255,124
255,126
254,127
254,134
253,135
253,138
250,141
249,141
246,144
245,144
243,146
241,146
240,147
232,147
231,146
230,146
227,143
227,142
224,139
224,137
223,136
223,134
221,132
221,131
220,130
220,129
219,128
219,127
218,126
218,124
215,121
215,120
214,119
214,117
210,113
210,111
209,110
209,108
207,106
207,105
206,105
205,104
203,104
202,103
201,103
200,102
198,102
196,100
194,100
193,99
191,99
190,98
188,98
187,97
179,97
178,98
176,98
175,99
170,99
169,100
167,100
166,101
165,101
164,102
163,102
162,103
161,103
158,106
156,106
155,107
154,107
154,108
151,111
150,111
150,112
149,113
149,114
148,115
148,117
147,118
147,120
145,122
145,123
144,124
144,125
143,126
143,129
142,130
142,132
141,133
141,135
140,136
140,138
138,140
138,142
137,143
137,146
136,147
136,148
135,149
135,151
134,152
134,153
133,154
133,157
132,158
132,161
131,162
131,163
130,164
130,165
128,167
128,168
127,169
127,170
126,171
126,173
125,174
125,175
123,177
123,178
122,179
122,181
121,182
121,185
120,186
120,192
119,193
119,194
118,195
118,197
117,198
117,199
116,200
116,203
115,204
115,206
114,207
114,208
113,209
113,211
112,212
112,213
111,214
111,216
109,218
109,220
108,221
108,223
107,224
107,225
106,226
106,228
104,230
104,232
103,233
103,236
101,238
101,240
100,241
100,253
99,254
99,256
98,257
98,262
97,263
97,265
96,266
96,287
95,288
95,293
91,297
91,298
83,306
82,306
80,308
78,308
77,309
75,309
73,311
72,311
71,312
70,312
70,314
69,315
69,325
68,326
68,328
67,329
67,359
66,360
66,362
65,363
65,365
64,366
64,371
63,372
63,373
62,374
62,377
61,378
61,383
60,384
60,386
59,387
59,393
57,395
57,397
56,398
56,400
55,401
55,403
54,404
54,409
55,410
55,412
57,414
58,414
61,417
61,418
64,421
64,423
65,424
65,425
66,426
66,427
67,428
67,429
71,433
71,434
73,436
73,437
74,438
74,439
78,443
78,445
79,446
79,448
80,449
80,451
81,452
81,453
83,455
83,459
84,460
84,462
85,463
85,465
86,466
86,467
87,467
88,468
131,468
131,467
132,466
132,465
133,464
133,453
132,452
132,451
131,450
131,448
130,447
130,446
129,445
128,445
125,442
124,442
123,441
120,441
119,440
98,440
96,438
95,438
90,433
90,432
88,430
88,429
85,426
85,425
83,423
83,422
82,421
82,420
80,418
80,416
79,415
79,411
78,410
78,408
77,407
77,397
78,396
78,394
79,393
79,391
80,390
80,389
81,388
81,382
82,381
82,375
83,374
83,372
84,371
84,367
85,366
85,364
86,363
86,362
87,361
87,358
88,357
88,355
90,353
90,352
95,347
96,347
98,345
100,345
101,344
114,344
115,345
115,352
114,353
114,358
115,359
115,360
116,361
116,362
117,362
120,365
120,367
121,368
121,370
123,372
123,375
124,376
124,378
125,379
125,380
126,381
126,382
130,386
130,387
132,389
132,390
133,391
133,392
135,394
135,395
136,396
136,397
137,398
137,399
138,400
138,401
140,403
140,405
141,406
141,407
142,408
142,409
143,410
143,411
145,413
145,414
146,415
146,416
147,417
147,419
148,420
148,422
149,423
149,425
150,426
150,427
152,429
152,430
153,431
153,432
154,433
154,434
155,435
155,437
156,438
156,439
157,440
157,441
159,443
159,463
160,464
160,466
161,467
161,468
162,469
162,470
207,470
208,471
230,471
230,448
223,441
221,441
220,440
215,440
214,439
212,439
211,438
196,438
195,439
193,439
192,440
178,440
171,433
171,432
169,430
169,429
168,428
168,427
166,425
166,424
165,423
165,422
164,421
164,419
163,418
163,414
162,413
162,408
161,407
161,406
160,405
160,403
159,402
159,400
158,399
158,391
157,390
157,387
156,386
156,384
155,383
155,379
154,378
154,376
153,375
153,374
154,373
154,371
159,366
159,365
161,363
161,362
162,361
162,358
163,357
163,353
164,352
164,350
166,348
166,347
169,344
169,343
173,339
173,338
175,336
175,334
176,333
176,331
179,328
180,328
181,327
181,326
184,323
185,323
186,322
187,322
188,321
189,321
190,322
193,322
194,323
195,323
196,324
198,324
199,325
200,325
201,326
204,326
205,327
211,327
212,328
214,328
215,329
218,329
219,330
221,330
222,331
224,331
225,332
309,332
315,338
315,342
314,343
314,345
313,346
313,353
312,354
312,361
311,362
311,364
310,365
310,368
308,370
308,371
307,372
307,373
306,374
306,377
305,378
305,393
304,394
304,396
303,397
303,402
301,404
301,408
303,410
303,416
301,418
301,420
300,421
300,427
299,428
299,440
298,441
298,443
297,444
297,447
296,448
296,449
295,450
295,452
293,454
293,456
292,457
292,459
291,460
291,462
290,463
290,466
289,467
289,469
288,470
288,480
289,481
289,483
290,484
290,485
293,488
297,488
298,489
300,489
301,490
334,490
335,489
337,489
338,488
350,488
352,486
352,482
353,481
353,479
354,478
354,476
355,475
355,466
352,463
350,463
349,462
347,462
346,461
344,461
343,460
341,460
340,459
335,459
333,461
329,461
328,460
322,460
317,455
317,452
318,451
318,448
319,447
319,441
320,440
320,438
321,437
321,434
322,433
322,431
323,430
323,427
324,426
324,424
325,423
325,421
326,420
326,416
327,415
327,413
328,412
328,409
329,408
329,406
330,405
330,401
331,400
331,392
332,391
332,389
333,388
333,386
334,385
334,384
335,383
335,381
336,380
336,379
337,378
337,375
338,374
338,370
339,369
339,367
340,366
340,363
341,362
341,360
342,359
342,357
343,356
343,353
344,352
344,350
346,348
346,347
348,345
351,345
354,348
354,349
355,350
355,351
356,352
356,354
357,355
357,356
360,359
361,359
363,361
364,361
365,362
366,362
371,367
373,367
374,368
375,368
376,369
377,369
380,372
380,373
383,376
383,377
385,379
385,387
386,388
386,390
387,391
387,409
388,410
388,420
389,421
389,423
390,424
390,426
391,427
391,428
392,429
392,430
393,431
393,436
394,437
394,439
395,440
395,444
396,445
396,447
397,448
397,463
398,464
398,470
399,471
399,473
400,474
400,480
401,481
401,483
403,485
417,485
418,486
419,486
420,487
442,487
443,488
453,488
453,487
456,484
457,484
458,483
458,469
452,463
451,463
449,461
448,461
447,460
446,460
445,459
443,459
442,458
422,458
418,454
418,453
417,452
417,451
416,450
416,448
415,447
415,444
414,443
414,441
413,440
413,433
412,432
412,429
411,428
411,426
410,425
410,422
409,421
409,419
408,418
408,397
407,396
407,394
406,393
406,388
405,387
405,384
404,383
404,381
403,380
403,374
402,373
402,371
401,370
401,363
402,362
402,360
404,358
404,357
405,356
405,348
406,347
406,343
407,342
407,340
408,339
408,337
409,336
409,335
410,334
410,332
411,331
411,330
414,327
416,327
417,326
419,326
422,323
423,323
426,320
427,320
429,318
430,318
431,317
432,317
433,316
434,316
435,315
435,314
437,312
437,311
438,310
438,309
440,307
440,306
441,305
441,304
445,300
445,299
452,292
452,291
453,290
453,289
454,288
454,287
455,286
455,285
456,284
456,282
457,281
457,280
459,278
459,275
460,274
460,272
461,271
461,269
462,268
462,267
463,266
463,265
464,264
464,262
465,261
465,260
466,259
466,251
467,250
467,248
469,246
469,245
470,244
470,243
471,242
471,241
472,240
472,239
473,238
473,227
474,226
474,224
475,223
475,221
476,220
476,205
477,204
477,202
478,201
478,198
479,197
479,195
480,194
480,192
481,191
481,168
480,167
480,166
481,165
481,163
482,162
482,161
486,157
486,156
491,151
492,151
493,150
494,150
494,149
497,146
499,146
500,145
511,145
512,144
513,144
514,143
514,142
515,141
515,140
516,139
516,138
517,137
517,136
520,133
521,133
522,132
523,132
524,131
525,131
526,130
528,130
529,129
531,129
532,128
534,128
535,127
537,127
538,126
539,126
540,125
540,123
541,122
541,121
545,117
545,115
546,114
546,112
547,111
547,102
546,101
546,99
545,98
545,95
540,90
539,90
538,89
536,89
529,82
529,81
528,80
528,79
526,79
525,78
519,78
518,77
516,77
515,78
512,78
511,79
510,79
509,80
507,80
506,81
505,81
504,82
496,82
491,77
491,76
490,75
490,73
489,72
489,70
488,69
488,67
487,66
486,66
485,65
484,65
480,61
478,61
477,60
475,60
474,59
473,59
472,58
470,58
469,57
468,57
467,56
465,56
464,55
462,55
461,54
456,54
