708
314,76
313,77
311,77
309,79
308,79
306,81
305,81
304,82
302,82
300,84
298,84
297,85
295,85
292,88
291,88
286,93
285,93
284,94
283,94
280,97
279,97
274,102
273,102
262,113
261,113
261,115
260,116
260,117
259,118
259,119
254,124
254,125
251,128
251,129
250,130
250,131
245,136
245,137
244,138
244,139
241,142
240,142
238,144
237,144
232,149
231,149
228,152
227,152
226,153
225,153
220,158
219,158
214,163
213,163
211,165
210,165
208,167
207,167
203,171
202,171
201,172
199,172
198,173
197,173
196,174
195,174
190,179
190,180
189,181
190,182
190,183
193,186
194,186
195,187
197,187
201,191
202,191
206,195
206,198
204,200
203,200
202,201
198,201
197,202
195,202
194,203
192,203
191,204
189,204
188,205
163,205
162,204
161,204
157,200
155,200
154,199
152,199
150,197
149,197
144,192
143,192
142,191
140,191
139,190
138,190
137,189
136,189
133,186
132,186
131,185
130,185
127,182
126,182
125,181
124,181
120,177
119,177
117,175
116,175
115,174
114,174
113,173
111,173
110,172
109,172
108,171
107,171
106,170
105,170
102,167
101,167
98,164
96,164
95,163
94,163
93,162
92,162
91,161
90,161
89,160
87,160
86,159
84,159
83,158
81,158
78,155
76,155
75,154
73,154
72,153
71,153
70,152
67,152
66,151
53,151
52,152
50,152
46,156
45,156
45,158
44,159
44,170
45,171
45,177
46,178
46,179
47,180
47,181
48,182
48,186
49,187
49,190
50,191
50,193
54,197
54,198
55,199
55,201
56,202
56,207
57,208
57,210
59,212
59,213
60,214
60,216
61,217
61,219
62,220
62,224
63,225
63,227
65,229
65,232
66,233
66,234
67,235
67,236
69,238
69,239
70,240
70,241
71,242
71,243
72,244
72,245
73,246
73,268
72,269
72,270
71,271
71,272
70,273
70,274
69,275
69,276
67,278
67,279
65,281
65,282
63,284
63,286
62,287
62,290
61,291
61,292
60,293
60,294
59,295
59,296
57,298
57,300
56,301
56,303
55,304
55,305
50,310
50,311
49,312
49,314
48,315
48,319
47,320
47,321
46,322
46,323
45,324
45,327
44,328
44,331
43,332
43,333
42,334
42,335
41,336
41,337
40,338
40,339
39,340
39,343
38,344
38,355
39,356
39,358
40,358
43,361
56,361
57,360
58,360
59,359
61,359
62,358
63,358
64,357
66,357
67,356
69,356
70,355
72,355
74,353
76,353
77,352
80,352
81,351
82,351
83,350
85,350
86,349
87,349
89,347
91,347
93,345
94,345
95,344
96,344
97,343
99,343
100,342
102,342
104,340
105,340
106,339
107,339
108,338
112,338
113,337
115,337
116,336
117,336
119,334
120,334
121,333
122,333
123,332
125,332
126,331
129,331
130,330
133,330
137,326
139,326
140,325
144,325
145,324
147,324
148,323
152,323
153,322
172,322
173,323
174,323
177,326
178,326
181,329
182,329
183,330
186,330
187,331
188,331
189,332
191,332
193,334
193,335
192,336
191,336
190,337
189,337
188,338
187,338
186,339
185,339
184,340
183,340
182,341
181,341
181,343
180,344
180,346
181,347
181,349
185,353
185,371
186,372
186,374
187,375
187,381
188,382
188,385
189,386
189,388
191,390
191,391
192,392
192,395
193,396
193,398
194,399
194,401
195,402
195,403
197,403
198,404
210,404
212,402
215,402
216,401
219,401
220,400
222,400
223,399
224,399
225,398
226,398
227,397
229,397
230,396
232,396
233,395
235,395
239,391
240,391
241,390
243,390
244,389
246,389
249,386
250,386
251,385
252,385
253,384
254,384
256,382
258,382
258,381
261,378
262,378
263,377
264,378
265,378
267,380
268,380
269,381
270,381
273,384
274,384
277,387
280,387
281,388
284,388
285,389
287,389
288,390
289,390
290,391
292,391
293,392
294,392
295,393
300,393
301,394
302,394
304,396
304,405
302,407
302,409
301,410
301,415
300,416
300,421
297,424
297,425
296,426
296,436
297,437
297,438
300,441
300,442
302,444
302,445
306,449
306,451
307,452
307,454
313,454
314,453
315,453
316,452
317,452
317,450
322,445
323,445
324,444
324,442
325,441
325,440
328,437
330,437
330,436
339,427
339,426
340,425
340,424
343,421
344,421
344,420
349,415
349,414
352,411
353,411
353,410
355,408
355,407
358,404
360,404
361,403
361,402
364,399
365,399
368,396
369,396
370,395
384,395
385,394
387,394
388,393
396,393
397,392
399,392
400,391
411,391
412,390
419,390
420,389
422,389
423,388
428,388
429,387
435,387
436,386
439,386
440,385
443,385
444,384
447,384
448,383
450,383
451,382
452,382
453,381
455,381
457,379
459,379
460,378
462,378
463,377
465,377
466,376
468,376
469,375
470,375
472,373
473,373
474,372
476,372
478,370
479,370
480,369
482,369
484,367
485,367
489,363
491,363
496,358
497,358
502,353
503,353
504,352
505,352
508,349
509,349
511,347
511,346
521,336
521,335
523,333
523,332
527,328
527,327
532,322
534,322
534,320
538,316
538,315
539,314
539,307
538,307
534,303
534,301
538,297
539,297
539,286
537,284
537,283
535,281
535,279
534,278
534,277
533,276
532,276
529,273
529,272
528,271
528,269
527,268
527,266
523,262
523,261
522,260
522,258
517,253
517,252
515,250
514,250
511,247
511,245
510,244
510,243
509,242
508,242
501,235
501,234
500,233
500,232
497,229
497,228
495,226
495,225
493,223
493,222
491,220
490,220
489,219
488,219
487,218
487,217
486,216
486,214
485,213
485,212
480,207
480,206
475,201
475,200
474,200
473,199
472,199
469,196
469,194
467,192
466,192
461,187
460,187
459,186
458,186
455,183
454,183
449,178
448,178
446,176
445,176
438,169
438,168
437,167
436,167
432,163
430,163
429,162
427,162
425,160
423,160
422,159
421,159
419,157
418,157
417,156
416,156
413,153
412,153
409,150
408,150
407,149
405,149
404,148
400,148
399,147
396,147
395,146
393,146
389,142
389,141
388,141
384,137
384,136
383,135
383,134
377,128
376,128
365,117
364,117
359,112
359,111
358,111
356,109
355,109
353,107
352,107
347,102
346,102
335,91
334,91
330,87
329,87
328,86
327,86
323,82
322,82
317,77
315,77
