724
400,44
399,45
397,45
395,47
395,49
394,50
394,56
395,57
395,59
396,60
396,70
397,71
397,73
398,74
398,86
399,87
399,89
400,90
400,102
399,103
399,105
398,106
398,108
397,109
397,110
396,111
396,112
395,113
395,114
394,115
394,116
393,117
393,118
390,121
389,121
388,122
387,122
386,123
385,123
384,124
382,124
381,125
379,125
378,126
374,126
373,127
371,127
370,128
366,128
365,129
363,129
362,130
360,130
359,131
357,131
356,132
352,132
351,133
349,133
348,134
346,134
345,135
343,135
342,136
340,136
339,137
337,137
336,138
332,138
331,139
329,139
328,140
327,140
326,141
325,141
324,142
320,142
319,143
317,143
316,144
314,144
313,145
311,145
310,146
308,146
307,147
305,147
304,148
302,148
301,149
299,149
298,150
297,150
296,151
295,151
294,152
293,152
292,153
291,153
290,154
289,154
288,155
287,155
286,156
285,156
284,157
283,157
282,158
281,158
280,159
279,159
278,160
277,160
276,161
275,161
274,162
273,162
272,163
271,163
270,164
269,164
266,167
265,167
264,168
263,168
260,171
259,171
258,172
257,172
256,173
255,173
254,174
253,174
248,179
247,179
246,180
245,180
240,185
239,185
238,186
237,186
232,191
231,191
230,192
229,192
224,197
223,197
222,198
221,198
210,209
209,209
208,210
207,210
192,225
191,225
190,226
189,226
180,235
180,236
179,237
179,238
166,251
166,252
165,253
165,254
154,265
154,266
153,267
153,268
148,273
148,274
147,275
147,276
142,281
142,282
141,283
141,284
136,289
136,290
135,291
135,292
130,297
130,298
129,299
129,300
120,309
119,309
118,310
116,310
115,311
114,311
112,313
111,313
110,314
109,314
106,317
105,317
104,318
103,318
96,325
95,325
94,326
93,326
78,341
78,342
77,343
77,344
74,347
74,348
73,349
73,350
70,353
70,354
69,355
69,356
68,357
68,358
67,359
67,360
66,361
66,362
65,363
65,364
64,365
64,366
63,367
63,368
62,369
62,370
61,371
61,373
60,374
60,376
59,377
59,379
58,380
58,382
57,383
57,384
56,385
56,386
55,387
55,389
54,390
54,394
53,395
53,397
52,398
52,402
51,403
51,405
50,406
50,408
49,409
49,411
48,412
48,430
49,431
49,433
56,433
58,431
58,430
59,429
59,428
60,427
60,426
61,425
61,424
64,421
64,420
65,419
65,418
68,415
68,414
69,413
69,412
72,409
72,408
73,407
73,406
78,401
78,400
79,399
79,398
84,393
84,392
85,391
85,390
94,381
94,380
95,379
95,378
108,365
109,365
110,364
111,364
116,359
117,359
118,358
120,358
121,357
123,357
124,356
126,356
127,355
135,355
136,356
138,356
139,357
140,357
141,358
142,358
143,359
144,359
145,360
146,360
147,361
148,361
151,364
152,364
153,365
154,365
163,374
164,374
165,375
173,375
173,355
172,354
172,352
171,351
171,345
170,344
170,343
169,342
169,340
167,338
167,337
166,336
166,335
157,326
157,324
156,323
157,322
157,320
168,309
169,309
170,308
171,308
176,303
177,303
178,302
179,302
182,299
183,299
184,298
185,298
186,297
187,297
188,296
189,296
190,295
191,295
192,294
193,294
194,293
195,293
196,292
197,292
198,291
199,291
200,290
201,290
202,289
203,289
204,288
205,288
206,287
207,287
208,286
210,286
211,285
213,285
214,284
216,284
217,283
219,283
220,282
221,282
222,281
223,281
224,280
226,280
227,279
231,279
232,278
234,278
235,277
241,277
242,276
244,276
245,275
249,275
250,274
252,274
253,273
263,273
264,272
266,272
267,271
279,271
280,270
282,270
283,269
293,269
294,268
296,268
297,267
309,267
310,268
312,268
313,269
333,269
334,270
336,270
337,271
361,271
362,272
364,272
367,275
367,278
366,279
366,280
365,281
365,282
362,285
362,286
361,287
361,288
348,301
348,302
347,303
347,304
341,310
341,312
340,313
340,314
341,315
341,317
365,317
366,316
368,316
369,315
373,315
374,314
376,314
377,313
379,313
380,312
382,312
383,311
386,311
388,309
389,309
390,308
391,308
392,307
393,307
394,306
395,306
398,303
399,303
400,302
401,302
406,297
407,297
408,296
409,296
410,295
410,294
413,291
414,291
415,290
416,291
418,291
423,296
423,297
424,298
424,299
427,302
427,303
428,304
428,305
429,306
429,307
430,308
430,309
431,310
431,311
432,312
432,318
433,319
433,321
434,322
434,342
435,343
435,345
442,345
452,335
452,334
453,333
453,332
456,329
456,328
457,327
457,326
458,325
458,324
459,323
459,322
462,319
462,318
463,317
463,316
464,315
464,314
467,311
470,311
471,312
472,312
473,313
474,313
475,314
476,314
477,315
478,315
481,318
482,318
483,319
484,319
485,320
486,320
487,321
488,321
489,322
490,322
491,323
492,323
493,324
494,324
495,325
496,325
503,332
504,332
505,333
506,333
523,350
523,351
524,352
524,353
531,360
531,361
532,362
532,363
535,366
535,367
536,368
536,369
542,375
554,375
554,374
555,373
555,351
554,350
554,348
553,347
553,343
552,342
552,340
551,339
551,335
550,334
550,332
549,331
549,325
548,324
548,322
547,321
547,319
546,318
546,316
545,315
546,314
546,312
547,311
547,267
546,266
546,264
545,263
545,253
544,252
544,250
543,249
543,245
542,244
542,242
541,241
541,239
540,238
540,237
539,236
539,235
538,234
538,232
537,231
537,229
536,228
536,227
535,226
535,225
534,224
534,223
533,222
533,220
531,218
531,217
530,216
530,215
529,214
529,213
528,212
528,211
527,210
527,209
526,208
526,207
523,204
523,203
522,202
522,201
519,198
519,197
518,196
518,195
511,188
511,187
510,186
510,185
507,182
506,182
505,181
504,181
475,152
475,151
474,150
474,149
473,148
473,147
472,146
472,144
471,143
471,141
470,140
470,139
469,138
469,137
468,136
468,134
467,133
467,131
466,130
466,129
465,128
465,127
464,126
464,124
463,123
463,121
462,120
462,118
461,117
461,115
460,114
460,112
459,111
459,109
458,108
458,106
457,105
457,103
456,102
456,101
455,100
455,99
454,98
454,97
453,96
453,95
452,94
452,92
451,91
451,89
450,88
450,87
447,84
447,83
446,82
446,81
443,78
443,77
442,76
442,75
437,70
437,69
436,68
436,67
417,48
416,48
415,47
414,47
413,46
412,46
411,45
409,45
408,44
