741
329,50
328,51
326,51
318,59
317,59
313,63
313,64
307,70
307,71
303,75
303,76
302,77
302,79
299,82
299,83
297,85
297,86
296,87
296,88
295,89
295,90
294,91
294,92
293,93
293,94
292,95
292,96
291,97
291,99
290,100
290,102
289,103
289,105
288,106
288,108
287,109
287,112
286,113
286,116
285,117
285,119
284,120
284,122
283,123
283,125
281,127
279,127
278,126
276,126
275,125
273,125
272,124
271,124
270,123
268,123
267,122
265,122
264,121
263,121
262,120
260,120
259,119
257,119
256,118
254,118
253,117
251,117
250,116
247,116
246,115
244,115
243,114
240,114
239,113
237,113
236,112
234,112
233,111
230,111
229,110
227,110
226,109
223,109
222,108
220,108
219,107
216,107
215,106
213,106
212,105
209,105
208,104
206,104
205,103
202,103
201,102
197,102
196,101
193,101
192,100
188,100
187,99
182,99
181,98
178,98
177,97
174,97
173,96
170,96
169,95
166,95
165,94
159,94
158,93
146,93
145,92
133,92
132,93
126,93
125,94
119,94
118,95
114,95
113,96
110,96
109,97
107,97
106,98
105,98
104,99
102,99
101,100
100,100
99,101
98,101
97,102
96,102
95,103
94,103
93,104
92,104
91,105
90,105
89,106
88,106
86,108
85,108
83,110
82,110
80,112
79,112
70,121
70,122
68,124
68,125
67,126
67,127
66,128
66,131
65,132
65,137
64,138
64,152
62,154
61,154
60,155
58,155
57,156
56,156
55,157
54,157
53,158
51,158
50,159
49,159
48,160
47,160
46,161
45,161
44,162
43,162
42,163
41,163
40,164
39,164
38,165
37,165
34,168
34,169
33,170
33,171
32,172
32,174
31,175
31,181
32,182
32,184
33,185
33,186
37,190
45,190
46,191
63,191
64,190
68,190
71,193
71,195
64,202
63,202
61,204
60,204
58,206
57,206
55,208
54,208
53,209
52,209
48,213
47,213
46,214
44,214
43,215
41,215
40,216
39,216
38,217
36,217
34,219
34,225
35,226
35,228
36,229
36,230
38,232
38,233
39,233
41,235
42,235
43,236
45,236
46,237
50,237
51,238
67,238
68,237
81,237
82,238
88,238
89,239
94,239
95,240
99,240
100,241
104,241
105,242
109,242
110,243
113,243
114,244
119,244
120,245
121,245
122,246
122,248
119,251
119,252
116,255
116,256
113,259
113,260
111,262
111,263
109,265
109,266
107,268
107,269
106,270
106,271
104,273
104,274
103,275
103,276
102,277
102,278
101,279
101,281
100,282
100,283
99,284
99,286
98,287
98,288
97,289
97,291
96,292
96,295
95,296
95,299
94,300
94,303
93,304
93,308
92,309
92,316
91,317
91,346
92,347
92,350
93,351
93,352
94,353
94,354
95,355
95,356
96,357
96,358
97,359
97,360
98,361
98,362
107,371
108,371
109,372
110,372
111,373
113,373
114,374
121,374
122,373
124,373
125,372
125,370
126,369
126,366
127,365
127,358
128,357
128,353
129,352
129,349
130,348
130,346
131,345
131,343
132,342
132,340
133,339
133,337
134,336
134,335
135,334
135,333
136,332
136,330
137,329
137,328
138,327
138,326
139,325
139,324
140,323
140,322
141,321
141,320
142,319
142,318
144,316
144,315
145,314
145,313
147,311
147,310
149,308
149,307
165,291
166,291
169,288
170,288
172,286
173,286
174,287
175,287
177,289
178,289
179,290
181,290
183,292
185,292
186,293
187,293
188,294
189,294
190,295
192,295
193,296
194,296
195,297
197,297
198,298
200,298
201,299
202,299
203,300
205,300
206,301
208,301
209,302
211,302
212,303
214,303
215,304
218,304
219,305
222,305
223,306
226,306
227,307
230,307
231,308
235,308
236,309
241,309
242,310
250,310
251,311
292,311
293,310
299,310
300,311
302,311
310,319
311,319
317,325
318,325
323,330
324,330
329,335
330,335
335,340
336,340
339,343
340,343
344,347
345,347
347,349
348,349
351,352
352,352
354,354
355,354
358,357
359,357
361,359
362,359
364,361
365,361
367,363
368,363
369,364
370,364
372,366
373,366
374,367
375,367
377,369
379,369
380,370
381,370
382,371
384,371
385,372
389,372
389,365
374,350
373,350
365,342
364,342
354,332
353,332
339,318
338,318
326,306
326,305
328,303
330,303
331,302
333,302
334,301
336,301
337,300
339,300
340,299
341,299
342,298
343,298
344,297
345,297
346,296
347,296
348,295
349,295
350,294
351,294
352,293
353,293
354,292
355,292
357,290
358,290
360,288
361,288
366,283
367,283
381,269
381,268
385,264
385,263
389,259
389,258
391,256
391,255
394,252
394,251
396,249
396,248
399,245
399,244
400,243
400,242
403,239
403,238
404,237
404,236
406,234
406,233
408,231
408,230
410,228
410,227
412,225
412,224
414,222
414,221
416,219
416,218
417,217
417,216
419,214
419,213
420,212
420,211
422,209
422,208
423,207
423,206
424,205
424,204
425,203
425,202
427,200
427,199
428,198
428,197
429,196
429,195
430,194
430,193
431,192
431,191
432,190
432,189
433,188
433,187
434,186
434,185
435,184
435,183
437,181
437,180
438,179
438,178
442,174
442,173
445,170
446,170
448,168
449,168
451,166
452,166
453,165
454,165
455,164
456,164
458,162
459,162
460,161
461,161
462,160
463,160
465,158
466,158
467,157
468,157
470,155
471,155
472,154
473,154
474,153
475,153
476,152
477,152
478,151
479,151
481,149
482,149
483,148
484,148
486,146
487,146
488,145
489,145
491,143
492,143
495,140
496,140
499,137
500,137
507,130
508,130
510,128
511,128
511,126
512,125
512,124
513,123
513,114
512,114
511,113
507,113
506,114
504,114
503,115
502,115
501,116
500,116
499,117
498,117
496,119
495,119
493,121
492,121
491,122
490,122
489,123
488,123
486,125
485,125
484,126
483,126
481,128
480,128
479,129
476,129
475,130
472,130
471,131
468,131
467,132
463,132
462,133
457,133
456,134
452,134
451,135
447,135
446,136
443,136
442,137
441,137
440,138
434,138
433,137
429,137
428,138
417,138
416,139
398,139
397,138
394,138
393,137
390,137
389,136
387,136
386,137
384,137
383,138
382,138
382,139
381,140
381,142
380,143
380,148
379,149
363,149
362,148
355,148
354,147
350,147
349,146
347,146
346,145
344,145
343,144
342,144
341,143
340,143
339,142
338,142
332,136
332,135
331,134
331,131
330,130
330,127
329,126
329,98
330,97
330,87
331,86
331,77
332,76
332,74
333,73
333,71
335,69
335,67
336,66
336,52
335,51
333,51
332,50
