716
224,26
223,27
221,27
221,29
220,30
220,40
219,41
219,43
218,44
218,48
217,49
217,51
216,52
216,56
215,57
215,59
214,60
214,62
213,63
213,66
212,67
212,69
211,70
211,71
210,72
210,74
209,75
209,77
208,78
208,79
207,80
207,82
206,83
206,84
205,85
205,86
204,87
204,88
203,89
203,91
202,92
202,95
201,96
201,98
200,99
200,100
199,101
199,103
198,104
198,109
195,112
176,112
175,113
169,113
168,114
166,114
165,115
162,115
161,116
153,116
152,117
150,117
149,118
134,118
133,119
131,119
130,120
119,120
118,119
116,119
115,118
111,118
110,117
108,117
107,116
105,116
104,115
101,115
100,114
92,114
92,116
91,117
92,118
92,120
93,121
93,122
94,123
94,124
95,125
95,126
96,127
96,128
98,130
98,131
99,132
99,133
101,135
101,136
102,137
102,138
106,142
106,143
107,144
107,145
109,147
110,147
115,152
115,153
120,158
121,158
122,159
123,159
125,161
126,161
127,162
128,162
131,165
132,165
133,166
134,166
135,167
136,167
137,168
138,168
139,169
140,169
141,170
144,170
145,171
147,171
148,172
149,172
150,173
157,173
158,174
162,174
163,175
165,175
167,177
168,177
169,178
178,178
179,179
182,179
183,180
184,180
185,181
191,181
192,182
194,182
195,183
196,183
197,184
199,184
200,185
203,185
204,186
205,186
206,187
207,187
208,188
209,188
210,189
211,189
214,192
215,192
217,194
218,194
223,199
223,200
230,207
230,208
231,209
231,210
232,211
232,212
233,213
233,214
234,215
234,216
235,217
235,220
236,221
236,223
237,224
237,225
238,226
238,231
239,232
239,234
240,235
240,237
241,238
241,268
240,269
240,270
232,278
231,278
229,280
229,281
225,285
224,285
223,286
222,286
217,291
216,291
214,293
213,293
211,295
210,295
209,296
208,296
207,297
206,297
204,299
203,299
202,300
201,300
200,301
199,301
198,302
197,302
196,303
195,303
194,304
193,304
192,305
191,305
190,306
188,306
187,307
186,307
185,308
183,308
182,309
179,309
178,310
177,310
176,311
174,311
173,312
167,312
166,313
164,313
163,314
154,314
153,315
151,315
150,316
150,318
149,319
149,321
148,322
148,323
147,324
147,325
146,326
146,328
145,329
145,331
144,332
144,335
143,336
143,339
142,340
142,342
141,343
141,350
140,351
140,354
137,357
136,357
134,359
133,359
132,360
131,360
128,363
127,363
123,367
122,367
121,368
120,368
114,374
112,374
111,373
111,372
110,371
110,368
109,367
109,366
108,365
108,364
107,363
107,362
106,361
106,360
105,359
105,358
100,353
100,352
99,351
98,351
97,350
96,350
94,348
92,348
91,347
88,347
87,346
85,346
84,345
82,345
80,343
80,341
79,340
79,338
78,337
78,336
77,335
77,332
76,331
76,329
75,328
71,328
69,330
69,332
68,333
68,375
69,376
69,386
70,387
70,389
71,390
71,392
72,393
72,395
73,396
73,400
74,401
74,405
75,406
75,408
76,409
76,414
70,420
70,421
69,422
69,423
68,424
68,425
64,429
64,430
63,431
63,432
62,433
62,435
58,439
58,440
57,441
57,442
56,443
56,444
55,445
55,446
54,447
54,449
53,450
53,451
52,452
52,454
51,455
51,456
50,457
50,458
49,459
49,461
48,462
48,464
47,465
47,468
46,469
46,471
45,472
45,474
44,475
44,480
43,481
43,497
44,498
44,501
45,502
45,503
46,504
46,506
47,507
47,508
48,509
49,509
53,513
54,513
55,514
60,514
61,515
63,515
64,516
87,516
88,515
90,515
91,514
96,514
97,513
99,513
100,512
102,512
103,511
105,511
106,510
107,510
108,509
109,509
110,508
111,508
112,507
113,507
115,505
116,505
118,503
119,503
130,492
131,492
132,491
135,491
136,490
138,490
139,489
141,489
142,488
143,488
145,486
146,486
147,485
149,485
150,484
153,484
155,486
159,486
160,487
161,487
166,492
166,493
168,495
168,496
169,497
169,498
179,508
180,508
181,509
182,509
184,511
185,511
188,514
190,514
191,515
193,515
195,517
196,517
198,519
200,519
201,520
202,520
203,521
204,521
205,522
210,522
211,523
213,523
214,524
216,524
217,525
227,525
228,526
230,526
231,527
246,527
248,525
248,524
249,523
249,521
250,520
250,519
251,518
251,503
250,502
250,500
249,499
249,496
248,495
248,493
239,484
239,483
238,482
238,475
237,474
237,472
236,471
236,470
235,469
235,467
234,466
233,466
228,461
226,461
225,460
215,460
214,459
214,458
221,451
222,451
223,450
224,450
225,449
225,448
233,440
234,440
239,435
239,434
244,429
245,429
250,424
250,423
255,418
255,417
259,413
259,411
263,407
263,406
266,403
266,401
270,397
270,396
272,394
272,393
273,392
273,391
274,390
274,389
275,388
275,387
277,385
277,384
278,383
278,382
280,380
280,379
281,378
281,377
282,376
282,375
283,374
283,373
284,372
284,371
285,370
285,368
286,367
286,365
287,364
287,363
288,362
288,361
289,360
289,359
290,358
290,354
291,353
291,351
292,350
292,349
293,348
293,346
294,345
294,343
295,342
295,339
296,338
296,334
297,333
297,331
298,330
298,323
299,322
299,318
300,317
300,315
301,314
301,274
300,273
300,271
299,270
299,265
300,264
300,262
302,260
302,258
303,257
303,255
305,253
305,252
306,251
306,246
307,245
307,211
306,210
306,206
303,206
302,207
301,207
297,211
296,211
295,212
294,212
293,213
292,213
291,214
290,214
289,215
286,215
283,212
283,210
282,209
282,207
281,206
281,205
280,204
280,203
276,199
276,197
275,196
275,195
274,194
274,193
273,192
273,191
270,188
270,186
266,182
266,181
264,179
264,178
263,177
263,175
262,174
262,171
261,170
261,169
260,168
260,167
259,166
259,164
258,163
258,162
256,160
256,159
255,158
255,155
254,154
254,152
253,151
253,149
252,148
252,144
251,143
251,139
250,138
250,136
249,135
249,130
248,129
248,122
247,121
247,119
246,118
246,75
245,74
245,69
244,68
244,67
243,66
243,64
242,63
242,61
241,60
241,56
240,55
240,52
239,51
239,50
238,49
238,47
237,46
237,44
236,43
236,42
235,41
235,40
234,39
234,38
232,36
232,35
231,34
231,33
230,32
230,30
227,27
225,27
224,26
