601
350,49
349,50
347,50
346,51
344,51
343,52
341,52
340,53
338,53
337,54
336,54
335,55
334,55
333,56
332,56
328,60
326,60
325,61
324,61
322,63
321,63
317,67
316,67
315,68
314,68
313,69
312,69
306,75
305,75
304,76
303,76
303,77
301,79
300,79
299,80
298,80
297,81
295,81
294,82
285,82
284,81
279,81
278,80
273,80
272,79
262,79
261,78
236,78
235,79
228,79
227,80
221,80
220,81
216,81
215,82
211,82
210,83
208,83
207,84
206,84
205,85
203,85
202,86
201,86
200,87
199,87
198,88
196,88
195,89
193,89
192,90
191,90
190,91
189,91
188,92
187,92
184,95
183,95
182,96
181,96
180,97
179,97
176,100
175,100
174,101
173,101
170,104
169,104
165,108
164,108
160,112
159,112
157,114
143,114
142,113
138,113
137,112
135,112
134,111
132,111
131,110
128,110
127,109
122,109
121,108
111,108
110,107
106,107
105,108
101,108
100,109
98,109
97,110
96,110
92,114
91,114
88,117
88,118
87,119
87,121
86,122
86,124
85,125
85,126
84,127
84,129
83,130
83,135
82,136
82,144
81,145
82,146
82,165
83,166
83,170
84,171
84,174
85,175
85,177
86,178
86,180
87,181
87,184
88,185
88,187
89,188
89,190
90,191
90,193
91,194
91,195
93,197
93,198
94,199
94,200
95,201
95,202
96,203
96,204
98,206
98,207
99,208
99,209
102,212
102,213
103,214
103,215
104,216
104,217
109,222
109,223
110,224
110,225
118,233
118,235
119,236
119,238
120,239
120,240
121,241
121,243
122,244
122,245
124,247
124,248
125,249
125,250
129,254
129,263
128,264
128,265
126,267
126,268
125,269
125,270
122,273
122,274
119,277
119,278
117,280
117,281
116,282
116,283
112,287
112,288
111,289
111,291
109,293
109,294
108,295
108,296
107,297
107,298
105,300
105,301
104,302
104,304
103,305
103,306
102,307
102,310
101,311
101,314
100,315
100,318
99,319
99,321
98,322
98,330
97,331
97,361
96,362
96,363
95,364
95,366
94,367
94,368
93,369
93,370
92,371
92,372
91,373
91,376
90,377
90,381
89,382
89,387
88,388
88,395
87,396
87,418
88,419
88,426
89,427
89,431
90,432
90,435
91,436
91,438
92,439
92,440
93,441
93,442
94,443
94,444
95,445
95,447
96,448
96,449
97,450
97,452
98,453
98,455
101,458
101,459
102,460
102,461
103,462
103,463
105,465
105,466
106,467
106,468
107,469
107,470
109,472
109,474
110,475
110,476
111,477
111,478
112,479
112,480
114,482
114,483
116,485
116,487
117,488
117,489
118,490
118,491
119,492
119,494
120,495
120,496
121,497
121,499
122,500
122,502
123,503
123,504
125,506
125,507
126,508
126,509
127,509
128,510
129,510
131,512
133,512
135,514
136,514
138,516
146,516
147,517
154,517
155,518
161,518
162,519
165,519
166,520
168,520
169,521
170,521
172,523
173,523
174,524
176,524
177,525
178,525
180,527
181,527
182,528
183,528
184,529
186,529
187,530
190,530
191,531
196,531
197,532
205,532
206,531
213,531
214,530
216,530
217,529
219,529
223,525
225,525
227,523
227,522
231,518
232,518
234,516
234,515
237,512
239,512
241,510
243,510
244,509
246,509
247,508
248,508
249,507
250,507
251,506
254,506
255,505
260,505
261,504
264,504
265,503
267,503
268,502
270,502
271,501
272,501
273,500
274,500
277,497
278,497
279,496
280,496
281,495
281,494
285,490
285,489
286,488
286,487
287,486
287,485
288,484
288,478
287,477
287,475
286,474
286,473
285,472
285,471
282,468
282,467
281,466
281,465
275,459
275,458
271,454
271,452
270,451
271,450
271,448
272,447
272,446
278,440
278,439
283,434
283,433
289,427
289,426
292,423
292,422
294,420
294,419
295,418
295,417
296,416
296,415
297,414
297,412
298,411
298,408
299,407
299,405
300,404
300,402
301,401
301,379
300,378
300,374
299,373
299,371
298,370
298,366
297,365
297,361
296,360
296,357
295,356
295,351
294,350
294,345
293,344
293,335
294,334
294,331
295,330
295,328
296,327
296,326
297,325
297,324
302,319
303,319
304,318
304,317
307,314
308,314
309,313
310,313
313,310
314,310
319,305
321,305
322,304
322,303
325,300
326,300
327,299
328,299
329,298
329,297
334,292
335,292
336,291
336,290
341,285
342,285
343,284
343,282
347,278
347,277
349,275
349,274
350,273
350,272
352,270
352,268
353,267
353,266
354,265
354,264
355,263
355,262
356,261
356,260
357,259
357,257
358,256
358,253
359,252
359,249
360,248
360,244
361,243
361,241
362,240
362,238
363,237
363,194
364,193
364,188
365,187
365,184
366,183
366,181
367,180
367,178
368,177
368,176
369,175
369,174
370,173
370,172
371,171
371,169
372,168
372,166
373,165
373,162
374,161
374,160
375,159
375,158
376,157
376,155
377,154
377,151
378,150
378,146
379,145
379,141
380,140
380,137
381,136
381,131
382,130
382,128
383,127
383,119
384,118
384,84
383,83
383,80
382,79
382,78
381,77
381,75
380,74
380,72
379,71
379,69
378,68
378,66
377,65
377,63
375,61
375,60
372,57
372,56
370,54
369,54
368,53
367,53
366,52
365,52
364,51
363,51
362,50
360,50
359,49
350,49
