973
232,41
231,42
230,42
229,43
229,45
228,46
228,48
225,51
225,55
226,56
228,56
232,60
232,61
233,62
233,63
239,69
239,70
245,76
245,77
247,79
247,80
248,81
248,82
249,83
249,84
251,86
251,87
257,93
257,95
258,96
258,97
259,98
259,99
260,100
260,106
259,107
259,108
258,109
258,110
256,112
256,114
255,115
255,120
256,121
256,124
255,125
250,125
249,124
248,124
247,125
239,125
238,126
237,126
236,127
234,127
233,126
233,87
232,86
232,82
231,81
231,78
230,77
230,75
229,74
229,73
228,72
228,71
226,69
225,69
224,68
221,68
220,69
219,69
218,70
217,70
212,75
212,76
209,79
209,80
208,81
208,82
207,83
207,84
206,85
206,87
205,88
205,89
204,90
204,91
203,92
203,93
202,94
202,96
201,97
201,99
200,100
200,103
199,104
199,107
198,108
198,113
199,114
199,116
200,117
200,119
201,120
201,126
198,129
195,129
184,118
183,118
182,117
181,117
179,115
178,115
177,114
176,114
175,113
173,113
172,112
169,112
168,111
163,111
162,110
161,111
158,111
157,112
156,112
155,113
153,113
152,114
151,114
150,115
149,115
149,117
148,118
148,119
149,120
149,122
154,127
155,127
159,131
159,132
161,134
161,135
167,141
167,142
169,144
169,145
170,146
170,148
168,150
167,150
166,151
163,151
162,152
161,152
158,155
135,155
134,156
133,156
131,158
131,159
130,160
130,165
131,166
131,167
133,169
133,170
134,171
134,173
135,174
135,175
136,176
136,177
137,178
137,179
143,185
144,185
146,187
147,187
150,190
154,190
155,191
157,191
167,201
167,202
176,202
177,201
181,201
182,202
183,202
184,203
184,209
183,210
183,216
184,217
184,223
183,224
180,224
179,225
169,225
168,226
164,226
163,227
159,227
149,217
148,217
146,215
145,215
144,214
143,214
142,213
141,213
139,211
138,211
137,210
135,210
134,209
132,209
131,208
130,208
129,207
128,207
127,206
124,206
123,205
121,205
120,204
117,204
116,203
110,203
109,204
106,204
105,205
102,205
99,202
99,201
96,198
95,198
91,194
91,193
90,192
90,191
82,183
82,182
81,181
81,179
80,178
80,177
79,176
79,174
78,173
78,171
77,170
77,168
76,167
76,166
75,165
71,165
70,166
70,167
69,168
69,169
68,170
68,173
67,174
67,188
66,189
62,189
53,180
53,179
52,178
47,178
46,179
46,180
45,181
45,182
44,183
44,188
45,189
45,192
46,193
46,194
47,195
47,196
48,197
48,198
49,199
49,200
48,201
47,201
44,198
43,198
42,197
41,197
40,196
35,196
34,197
34,199
33,200
33,201
34,202
34,205
35,206
35,207
36,208
36,209
38,211
38,212
40,214
40,215
43,218
43,219
42,220
41,220
40,221
38,221
37,222
36,222
35,223
34,223
32,225
32,229
36,233
37,233
38,234
39,234
40,235
41,235
42,236
44,236
48,240
50,240
53,243
54,243
56,245
64,245
65,246
76,246
77,247
81,247
82,248
83,248
84,249
84,250
85,251
85,252
86,253
86,254
95,263
97,263
99,265
100,265
101,266
102,266
103,267
104,267
105,268
107,268
108,269
109,269
110,270
111,270
112,271
114,271
115,272
117,272
118,273
120,273
121,274
126,274
127,275
130,275
131,276
135,276
136,275
140,275
141,274
145,274
146,273
147,273
148,274
151,274
152,275
154,275
157,278
157,279
159,281
160,281
161,282
163,282
164,283
167,283
168,282
171,282
172,281
183,281
184,282
186,282
187,283
192,283
193,284
196,284
197,285
202,285
203,284
209,284
214,289
215,289
217,291
217,292
218,293
218,295
219,296
219,297
220,298
220,307
219,308
219,326
218,327
218,328
217,329
217,330
216,331
216,332
215,333
215,334
214,335
214,337
213,338
213,339
212,340
212,341
210,343
210,344
198,356
198,357
197,358
197,359
196,360
196,361
193,364
193,365
192,366
192,367
191,368
191,369
189,371
189,372
188,373
188,374
187,375
187,376
185,378
185,379
184,380
184,382
183,383
183,384
182,385
182,386
181,387
181,390
180,391
180,395
179,396
179,401
175,405
175,406
173,408
173,410
172,411
172,414
171,415
171,422
172,423
172,425
173,426
173,427
175,429
175,430
178,433
178,434
179,435
179,438
180,439
180,450
181,451
181,452
183,454
183,455
184,456
184,457
185,458
185,463
186,464
186,466
187,467
187,468
188,469
188,470
189,471
189,473
190,474
190,476
192,478
192,480
193,481
193,483
194,484
194,486
195,487
195,489
196,490
196,492
197,493
197,496
195,498
183,498
182,499
179,499
178,500
177,500
176,501
175,501
174,502
173,502
172,503
171,503
170,504
166,504
165,505
161,505
160,506
157,506
156,507
154,507
153,508
152,508
151,509
150,509
149,510
148,510
147,511
146,511
145,512
145,513
144,514
144,521
139,526
139,528
138,529
139,530
139,532
140,533
151,533
152,534
153,534
154,535
154,536
153,537
153,541
155,543
162,543
163,542
176,542
177,543
180,543
181,544
193,544
194,543
197,543
198,542
200,542
201,541
204,541
205,540
208,540
209,539
214,539
215,538
221,538
222,537
231,537
232,536
239,536
240,535
242,535
243,534
245,534
246,533
247,533
248,532
249,532
252,529
253,529
253,528
256,525
256,515
255,514
255,513
254,512
254,511
252,509
252,508
250,506
250,505
247,502
247,501
246,500
246,495
247,494
247,479
248,478
248,457
247,456
247,452
246,451
246,445
245,444
245,442
244,441
244,439
242,437
242,436
240,434
240,433
236,429
236,428
235,427
235,424
238,421
239,421
241,419
242,419
244,417
245,417
249,413
250,413
255,408
256,408
262,402
262,401
268,395
268,394
269,393
269,392
270,391
270,389
271,388
271,387
272,386
273,386
274,387
274,397
275,398
275,401
276,402
276,405
277,406
277,408
278,409
278,410
279,411
279,412
280,413
280,414
281,415
281,416
282,417
282,420
280,422
279,422
278,423
277,423
275,425
275,426
272,429
267,429
266,428
262,428
261,427
260,427
259,428
257,428
256,429
256,431
255,432
255,433
256,434
256,436
257,436
267,446
267,447
268,448
268,450
269,451
269,453
273,457
274,457
275,458
276,458
277,459
278,459
280,461
281,461
283,463
284,463
285,464
286,464
291,469
292,469
299,476
300,476
302,478
303,478
305,480
306,480
307,481
309,481
310,482
312,482
313,483
328,483
329,482
331,482
332,481
333,481
335,479
335,459
334,458
334,448
335,447
335,445
339,441
339,439
340,438
340,436
341,435
341,420
340,419
340,413
342,411
345,411
354,420
354,421
355,422
355,424
356,425
356,426
359,429
359,430
361,432
361,433
363,435
367,435
368,434
368,433
369,432
369,416
368,415
368,413
367,412
367,410
366,409
366,408
365,407
365,406
362,403
362,402
350,390
349,390
341,382
341,381
333,373
333,372
330,369
330,368
328,366
328,365
326,363
326,362
323,359
323,357
324,356
324,355
325,354
325,353
326,352
326,351
327,350
327,349
328,348
328,347
329,346
329,345
330,344
330,343
331,342
331,340
332,339
332,338
333,337
333,335
334,334
334,332
335,331
335,326
334,325
334,313
333,312
333,310
332,309
332,308
331,307
331,301
332,300
332,296
333,295
333,293
334,292
334,291
335,290
335,288
336,287
336,282
335,281
335,279
334,278
334,274
336,272
337,272
338,271
339,271
341,269
342,269
343,268
343,267
344,266
344,262
345,261
345,260
346,259
346,258
347,257
347,255
348,254
348,252
349,251
349,249
350,248
350,246
351,245
351,243
352,242
352,240
353,239
353,237
354,236
354,230
355,229
355,224
356,223
356,214
355,213
355,206
354,205
354,200
353,199
353,196
352,195
352,193
351,192
351,190
350,189
350,187
349,186
349,184
346,181
346,179
345,178
345,175
344,174
344,173
343,172
343,171
341,169
341,168
338,165
338,164
328,154
327,154
323,150
322,150
320,148
320,146
322,144
322,143
323,142
323,141
324,140
324,138
325,137
325,134
326,133
326,115
325,114
325,111
324,110
324,109
323,108
323,107
322,106
322,105
320,103
320,102
318,100
317,100
316,99
315,99
313,97
312,97
311,96
310,96
309,95
308,95
306,93
305,93
302,90
301,90
299,88
297,88
296,87
295,87
293,85
293,84
292,83
292,80
291,79
291,76
290,75
290,73
289,72
289,71
288,70
288,69
276,57
275,57
274,56
273,56
272,55
271,55
268,52
267,52
266,51
265,51
263,49
262,49
260,47
259,47
258,46
257,46
256,45
255,45
254,44
251,44
250,43
246,43
245,42
242,42
241,41
232,41
