846
471,44
470,45
468,45
467,46
465,46
464,47
463,47
462,48
461,48
457,52
455,52
454,53
453,53
452,54
451,54
450,55
448,55
447,56
446,56
445,57
443,57
442,58
441,58
440,59
439,59
438,60
437,60
436,61
435,61
434,62
433,62
432,63
431,63
430,64
429,64
428,65
427,65
426,66
425,66
424,67
423,67
421,69
420,69
419,70
418,70
417,71
416,71
415,72
414,72
413,73
412,73
410,75
409,75
407,77
406,77
404,79
403,79
401,81
400,81
398,83
397,83
395,85
394,85
393,86
392,86
387,91
386,91
383,94
382,94
379,97
378,97
328,147
328,148
323,153
323,154
319,158
319,159
316,162
316,163
314,165
314,166
312,168
312,169
308,173
308,174
306,176
306,177
304,179
304,180
302,182
302,183
300,185
300,186
298,188
298,189
296,191
296,192
294,194
294,195
292,197
292,198
291,199
291,200
289,202
289,203
288,204
288,205
287,206
287,207
285,209
285,210
284,211
284,212
283,213
283,214
282,215
282,216
281,217
281,218
280,219
280,222
281,223
282,223
284,225
284,230
283,231
283,232
281,234
275,234
272,237
271,237
268,234
268,231
269,230
269,224
270,223
270,202
269,201
269,194
268,193
268,191
266,189
265,189
264,188
261,188
260,187
259,187
258,186
257,186
255,184
251,184
250,185
250,190
257,197
258,197
262,201
262,203
263,204
263,216
262,217
261,217
259,215
259,212
257,210
257,209
252,204
252,203
251,202
251,201
245,195
245,194
244,193
242,193
241,192
240,193
238,193
237,194
237,196
236,197
236,198
237,199
237,201
239,201
240,202
241,202
247,208
247,210
248,211
248,212
249,213
249,214
250,215
250,216
251,217
251,220
252,221
252,222
253,223
253,224
254,225
254,227
255,228
255,230
256,231
256,233
257,234
257,241
255,243
254,243
234,223
233,223
230,220
230,219
229,218
228,218
226,216
225,216
215,206
214,206
211,203
210,203
207,200
206,200
204,198
203,198
198,193
197,193
195,191
194,191
193,190
192,190
190,188
189,188
187,186
186,186
184,184
183,184
182,183
181,183
179,181
178,181
177,180
175,180
173,178
172,178
171,177
170,177
169,176
168,176
167,175
166,175
165,174
164,174
163,173
161,173
160,172
159,172
158,171
157,171
156,170
155,170
154,169
152,169
151,168
150,168
149,167
147,167
146,166
145,166
141,162
140,162
139,161
137,161
136,160
116,160
115,159
114,159
113,158
112,158
107,153
107,152
106,151
106,150
105,149
103,149
102,148
88,148
87,149
85,149
85,150
84,151
84,152
83,153
83,154
82,155
82,157
81,158
81,161
80,162
80,167
79,168
79,172
78,173
78,181
79,182
79,183
80,184
80,186
81,187
81,188
82,189
82,191
83,192
83,195
84,196
84,200
85,201
85,204
86,205
86,206
88,208
88,209
89,210
89,211
104,226
105,226
106,227
107,227
109,229
110,229
112,231
113,231
115,233
116,233
127,244
127,245
128,246
128,247
130,249
130,251
131,252
131,254
132,255
132,257
133,258
133,260
134,261
134,276
133,277
133,291
134,292
134,302
135,303
135,305
136,306
136,307
140,311
141,311
142,312
154,312
156,314
156,315
154,317
154,318
152,320
152,321
151,322
151,323
150,324
150,325
149,326
149,329
148,330
148,334
147,335
147,341
146,342
146,383
147,384
147,387
148,388
148,391
149,392
149,393
150,394
150,396
151,397
151,398
152,399
152,400
153,401
153,403
154,404
154,405
155,406
155,407
156,408
156,410
157,411
157,412
158,413
158,414
159,415
159,416
160,417
160,418
161,419
161,420
162,421
162,422
163,423
163,424
164,425
164,426
166,428
166,429
167,430
167,431
169,433
169,434
170,435
170,436
172,438
172,439
176,443
176,444
185,453
186,453
188,455
189,455
192,458
193,458
194,459
195,459
197,461
198,461
199,462
200,462
201,463
203,463
204,464
205,464
206,465
208,465
209,466
224,466
225,465
226,465
227,464
228,464
229,463
230,463
234,459
234,458
236,456
236,455
237,454
237,453
238,452
238,451
239,450
239,449
240,448
240,446
241,445
241,443
242,442
242,441
243,440
243,438
244,437
244,434
245,433
245,430
246,429
246,422
247,421
247,406
248,405
248,396
249,395
249,384
250,383
250,370
251,369
251,364
252,363
252,358
253,357
253,353
254,352
254,349
255,348
255,346
256,345
256,343
257,342
257,340
258,339
258,337
259,336
259,334
260,333
260,332
261,331
261,330
262,329
262,328
263,327
263,326
265,324
266,325
266,368
265,369
265,373
266,374
266,376
269,376
270,375
271,375
271,374
274,371
274,369
275,368
275,367
276,366
276,364
277,363
277,361
278,360
278,358
279,357
279,352
280,351
280,345
281,344
281,336
282,335
282,320
284,318
285,319
285,320
286,321
286,324
287,325
287,326
288,327
288,328
289,329
289,330
290,331
290,332
291,333
291,334
293,336
293,337
295,339
295,340
296,341
296,342
301,347
301,348
306,353
306,354
307,355
307,356
308,357
308,359
309,360
309,363
310,364
310,367
311,368
311,371
312,372
312,377
313,378
313,382
314,383
314,395
315,396
315,399
316,400
316,403
317,404
317,407
318,408
318,410
319,411
319,413
320,414
320,416
321,417
321,418
322,419
322,420
323,421
323,422
325,424
325,425
326,426
326,427
327,428
327,429
329,431
330,431
331,432
337,432
338,431
339,431
340,430
342,430
343,431
346,431
347,432
348,432
349,433
356,433
358,431
359,431
360,430
362,430
366,426
367,426
368,425
378,425
379,424
380,424
381,423
382,423
383,422
384,422
385,421
386,421
387,420
388,420
389,419
390,419
394,415
394,414
397,411
397,410
399,408
399,407
401,405
401,404
409,396
410,396
410,395
417,388
418,388
419,387
420,387
424,383
424,382
426,380
426,379
427,378
427,377
428,376
428,374
429,373
429,372
430,371
430,370
437,363
437,362
439,360
439,359
441,357
441,356
442,355
442,354
443,353
443,348
444,347
444,330
443,329
443,328
442,327
442,325
441,324
441,323
440,322
440,321
439,320
439,318
438,317
438,315
437,314
437,312
436,311
436,309
435,308
435,307
434,306
434,304
433,303
433,301
432,300
432,298
431,297
431,296
430,295
430,294
428,292
428,291
426,289
426,288
416,278
416,277
413,274
413,272
412,271
412,269
413,268
413,266
416,263
417,263
418,262
426,262
427,261
430,261
431,260
436,260
437,259
439,259
440,258
442,258
443,257
445,257
446,256
448,256
449,255
450,255
451,254
452,254
453,253
454,253
457,250
458,250
461,247
461,246
462,245
462,212
463,211
463,204
464,203
464,200
465,199
465,196
466,195
466,193
467,192
467,189
468,188
468,186
469,185
469,183
470,182
470,180
471,179
471,177
472,176
472,175
473,174
473,173
474,172
474,171
475,170
475,169
476,168
476,167
477,166
477,165
478,164
478,163
480,161
480,160
481,159
481,158
482,157
482,156
483,155
483,154
484,153
484,152
486,150
486,149
487,148
487,147
488,146
488,145
489,144
489,143
490,142
490,141
491,140
491,138
492,137
492,136
493,135
493,134
494,133
494,132
495,131
495,130
496,129
496,128
497,127
497,126
498,125
498,123
499,122
499,121
500,120
500,118
501,117
501,116
502,115
502,110
503,109
503,103
504,102
504,75
503,74
503,72
502,71
502,68
501,67
501,65
500,64
500,61
499,60
499,58
498,57
498,56
497,55
497,54
490,47
488,47
487,46
484,46
483,45
480,45
479,44
