1239
198,4
197,5
195,5
193,7
192,7
190,9
189,9
185,13
184,13
180,17
179,17
175,21
174,21
168,27
167,27
157,37
156,37
155,38
155,39
153,41
152,41
151,42
151,43
145,49
145,50
137,58
137,59
132,64
132,65
129,68
129,69
127,71
127,72
126,73
126,74
123,77
123,78
121,80
121,81
120,82
120,83
118,85
118,86
117,87
117,88
116,89
116,90
114,92
114,93
113,94
113,95
112,96
112,97
111,98
111,99
110,100
110,101
109,102
109,103
108,104
108,106
107,107
107,108
106,109
106,112
105,113
105,115
104,116
104,118
103,119
103,120
102,121
102,123
101,124
101,127
100,128
100,132
99,133
99,137
98,138
98,144
97,145
97,157
96,158
96,159
97,160
97,174
98,175
98,181
99,182
99,186
100,187
100,190
101,191
101,194
102,195
102,198
103,199
103,201
104,202
104,204
105,205
105,206
106,207
106,209
107,210
107,212
108,213
108,214
109,215
109,216
110,217
110,218
111,219
111,221
112,222
112,223
113,224
113,225
115,227
115,229
117,231
117,232
119,234
119,235
120,236
120,237
122,239
122,240
123,241
123,242
126,245
126,246
128,248
128,249
130,251
130,252
132,254
132,255
134,257
134,258
136,260
136,261
139,264
139,265
141,267
141,268
143,270
143,271
145,273
145,274
147,276
147,277
150,280
150,281
151,282
151,283
153,285
153,286
156,289
156,290
157,291
157,292
159,294
159,295
161,297
161,298
163,300
163,301
165,303
165,304
166,305
166,306
167,307
167,308
169,310
169,311
170,312
170,313
172,315
172,316
174,318
174,319
175,320
175,321
176,322
176,323
178,325
178,326
179,327
179,328
181,330
181,331
182,332
182,333
183,334
183,335
185,337
185,338
184,339
183,339
182,338
181,338
179,336
177,336
176,335
175,335
173,333
171,333
170,332
168,332
167,331
166,331
165,330
162,330
161,329
158,329
157,328
154,328
153,327
148,327
147,326
142,326
141,325
139,325
138,324
136,324
135,323
133,323
132,322
130,322
129,321
127,321
126,320
124,320
123,319
121,319
120,318
119,318
117,316
115,316
113,314
112,314
111,313
110,313
109,312
108,312
105,309
104,309
103,308
102,308
96,302
95,302
92,299
92,298
89,295
89,294
85,290
85,289
83,287
83,286
82,285
82,284
81,283
81,282
80,281
80,280
79,279
79,277
78,276
78,275
77,274
77,273
76,272
76,269
75,268
75,265
74,264
74,256
73,255
73,236
72,237
70,237
69,238
69,239
68,240
68,241
67,242
67,243
66,244
66,245
65,246
65,247
64,248
64,250
63,251
63,252
62,253
62,255
61,256
61,258
60,259
60,261
59,262
59,264
58,265
58,267
57,268
57,271
56,272
56,274
55,275
55,278
54,279
54,282
53,283
53,287
52,288
52,293
51,294
51,302
50,303
50,329
51,330
51,339
52,340
52,343
53,344
53,348
54,349
54,352
55,353
55,356
56,357
56,360
57,361
57,363
58,364
58,367
59,368
59,369
60,370
60,371
61,372
61,374
62,375
62,376
63,377
63,379
64,380
64,381
65,382
65,383
66,384
66,385
67,386
67,387
68,388
68,389
69,390
69,391
70,392
70,393
71,394
71,395
73,397
73,398
74,399
74,400
76,402
76,403
78,405
78,406
79,407
79,408
82,411
82,412
85,415
85,416
87,418
87,419
92,424
92,425
108,441
109,441
112,444
113,443
115,443
116,442
116,439
115,438
115,432
114,431
114,430
115,429
115,421
116,420
116,418
117,417
117,416
118,415
118,413
119,412
119,411
131,399
132,399
134,397
135,397
136,396
137,396
139,394
141,394
142,393
144,393
145,392
147,392
148,391
150,391
151,390
156,390
157,389
169,389
170,390
172,390
173,391
174,391
175,392
176,392
177,393
178,393
181,396
182,396
184,398
184,399
188,403
188,404
190,406
190,407
191,408
191,409
192,410
192,411
193,412
193,413
194,414
194,415
195,416
195,418
196,419
196,422
197,423
197,425
198,426
198,429
199,430
199,433
200,434
200,438
201,439
201,444
202,445
202,451
203,452
203,458
204,459
204,476
205,477
205,492
206,493
206,520
205,521
205,526
204,527
204,530
203,531
203,532
202,533
202,536
201,537
201,539
200,540
200,541
199,542
199,544
197,546
197,547
196,548
196,550
195,551
195,552
194,553
194,555
192,557
192,559
191,560
191,561
190,562
190,563
189,564
189,566
188,567
188,579
189,580
189,581
190,582
190,583
192,585
192,586
193,587
194,587
196,589
197,589
198,590
200,590
201,591
203,591
204,592
206,592
207,593
219,593
220,592
227,592
228,591
230,591
231,590
233,590
234,589
237,589
238,588
239,588
241,586
242,586
243,585
244,585
245,584
246,584
247,583
248,583
250,581
251,581
252,580
253,580
254,579
255,579
257,577
258,577
260,575
261,575
262,574
263,574
265,572
266,572
268,570
269,570
272,567
273,567
275,565
276,565
278,563
279,563
282,560
283,560
287,556
288,556
292,552
293,552
295,550
296,550
299,547
300,547
309,538
310,538
319,529
320,529
323,526
324,526
335,515
335,514
340,509
342,509
344,507
344,506
349,501
349,500
354,495
354,494
358,490
358,489
360,487
360,486
363,483
363,482
367,478
367,477
370,474
370,473
373,470
373,469
375,467
375,466
379,462
379,461
381,459
381,458
384,455
384,454
388,450
388,449
389,448
389,447
391,445
391,444
393,442
393,441
395,439
395,438
397,436
397,435
398,434
398,433
400,431
400,430
401,429
401,428
402,427
402,426
404,424
404,423
405,422
405,421
406,420
406,419
407,418
407,417
408,416
408,415
409,414
409,413
410,412
410,411
411,410
411,409
412,408
412,407
413,406
413,404
414,403
414,401
415,400
415,399
416,398
416,396
417,395
417,394
418,393
418,391
419,390
419,388
420,387
420,385
421,384
421,381
422,380
422,379
423,378
423,375
424,374
424,370
425,369
425,366
426,365
426,361
427,360
427,356
428,355
428,345
429,344
429,325
428,324
428,315
427,314
427,310
426,309
426,306
425,305
425,301
424,300
424,297
423,296
423,294
422,293
422,291
421,290
421,288
420,287
420,286
419,285
419,283
418,282
418,281
417,280
417,279
416,278
416,277
415,276
415,275
414,274
414,273
413,272
413,271
411,269
411,268
410,267
410,266
407,263
407,262
395,250
395,249
378,232
378,231
373,226
373,225
368,220
368,219
364,215
364,214
363,213
363,212
360,209
360,208
358,206
358,205
356,203
356,202
354,200
354,199
353,198
353,197
352,196
352,195
351,194
351,193
349,191
349,190
348,189
348,187
347,186
347,185
346,184
346,182
345,181
345,179
344,178
344,176
343,175
343,166
344,165
344,163
345,162
345,161
346,160
346,159
347,158
347,157
356,148
357,148
359,146
361,146
362,145
372,145
373,146
375,146
384,155
384,156
386,158
386,159
387,160
387,161
388,162
388,163
389,164
389,165
390,166
390,167
391,168
391,170
392,171
392,173
393,174
396,174
396,173
398,171
398,168
399,167
399,166
400,165
400,163
402,161
402,160
403,159
403,158
404,157
404,156
409,151
409,150
411,148
412,148
415,145
416,145
417,144
419,144
420,143
422,143
423,142
424,142
425,141
432,141
433,140
434,140
435,141
440,141
441,142
444,142
444,141
445,140
444,139
444,137
443,136
443,135
442,134
442,132
441,131
441,130
438,127
438,126
435,123
435,122
428,115
427,115
423,111
422,111
420,109
419,109
418,108
417,108
416,107
415,107
414,106
413,106
412,105
411,105
410,104
409,104
408,103
406,103
405,102
403,102
401,100
396,100
395,99
391,99
390,98
384,98
383,97
362,97
361,98
358,98
357,99
353,99
352,100
351,100
350,101
347,101
346,102
343,102
341,104
340,104
338,106
337,106
336,107
335,107
333,109
332,109
326,115
325,115
324,116
324,117
321,120
321,121
319,123
319,125
318,126
318,127
317,128
317,130
316,131
316,133
315,134
315,137
314,138
314,145
313,146
313,150
314,151
314,158
315,159
315,162
316,163
316,166
317,167
317,169
318,170
318,172
319,173
319,175
320,176
320,177
321,178
321,180
322,181
322,182
323,183
323,184
324,185
324,187
325,188
325,189
327,191
327,192
328,193
328,194
329,195
329,196
330,197
330,198
331,199
331,200
333,202
333,203
335,205
335,206
338,209
338,210
340,212
340,213
342,215
342,216
345,219
345,220
349,224
349,225
352,228
352,229
355,232
355,233
358,236
358,237
361,240
361,241
363,243
363,244
365,246
365,247
367,249
367,250
369,252
369,253
371,255
371,256
372,257
372,258
374,260
374,261
375,262
375,263
377,265
377,266
378,267
378,268
379,269
379,270
380,271
380,272
382,274
382,275
383,276
383,277
384,278
384,279
385,280
385,281
386,282
386,283
387,284
387,285
388,286
388,287
389,288
389,289
390,290
390,292
392,294
392,295
393,296
393,299
395,301
395,303
396,304
396,306
397,307
397,308
398,309
398,311
399,312
399,314
400,315
400,318
401,319
401,322
402,323
402,325
403,326
403,329
404,330
404,333
405,334
405,339
406,340
406,346
407,347
407,354
408,355
408,371
407,372
405,370
405,362
404,361
404,356
403,355
403,352
402,351
402,348
401,347
401,345
400,344
400,342
399,341
399,340
398,339
398,336
396,334
396,332
395,331
395,330
394,329
394,328
393,327
393,325
392,324
392,323
390,321
390,320
389,319
389,318
387,316
387,315
385,313
385,312
383,310
383,309
381,307
381,306
378,303
378,302
374,298
374,297
369,292
369,291
350,272
349,272
340,263
339,263
335,259
334,259
331,256
330,256
326,252
325,252
322,249
321,249
318,246
317,246
315,244
314,244
311,241
310,241
307,238
306,238
305,237
304,237
301,234
300,234
297,231
296,231
295,230
294,230
292,228
291,228
289,226
288,226
286,224
285,224
283,222
282,222
280,220
279,220
276,217
275,217
274,216
273,216
270,213
269,213
267,211
266,211
264,209
263,209
260,206
259,206
258,205
257,205
254,202
253,202
250,199
249,199
248,198
247,198
244,195
243,195
240,192
239,192
237,190
236,190
233,187
232,187
229,184
228,184
223,179
222,179
218,175
217,175
207,165
206,165
204,163
204,162
192,150
192,149
190,147
190,146
187,143
187,142
184,139
184,138
182,136
182,134
180,132
180,131
178,129
178,127
176,125
176,124
175,123
175,121
174,120
174,118
173,117
173,115
172,114
172,112
171,111
171,108
170,107
170,102
169,101
169,95
168,94
168,85
169,84
169,78
170,77
170,72
171,71
171,68
172,67
172,65
173,64
173,60
174,59
174,58
175,57
175,55
176,54
176,51
177,50
177,49
178,48
178,47
179,46
179,44
180,43
180,42
181,41
181,39
183,37
183,36
184,35
184,34
185,33
185,32
186,31
186,30
188,28
188,27
189,26
189,25
191,23
191,22
192,21
192,20
194,18
194,17
198,13
198,12
200,10
200,9
202,7
202,6
201,5
201,4
198,4
