927
120,29
119,30
119,32
118,33
118,41
119,42
119,50
112,57
111,57
111,58
106,63
105,63
104,64
103,64
99,68
98,68
97,69
97,70
95,72
95,73
94,74
94,75
93,76
93,77
92,78
92,79
91,80
91,81
90,82
90,83
89,84
89,85
87,87
87,88
86,89
86,90
83,93
83,94
69,108
68,108
61,115
60,115
56,119
56,120
54,122
54,123
52,125
52,126
51,127
51,129
50,130
50,133
49,134
49,135
50,136
50,138
51,139
51,140
52,141
52,142
57,147
58,147
59,148
60,148
61,149
62,149
63,150
75,150
76,149
77,149
78,148
80,148
83,145
84,145
86,143
87,143
89,141
90,141
92,139
94,139
95,138
96,138
97,137
100,137
101,136
104,136
105,135
111,135
112,134
125,134
126,135
153,135
154,134
157,134
158,133
161,133
162,134
165,134
166,135
168,135
169,136
171,136
172,137
173,137
181,145
181,146
183,148
183,149
184,150
184,151
186,153
186,154
187,155
187,156
188,157
188,158
190,160
190,161
191,162
191,163
192,164
192,165
193,166
193,167
194,168
194,169
195,170
195,171
197,173
197,174
198,175
198,176
200,178
200,179
201,180
201,182
202,183
202,185
203,186
203,188
204,189
204,196
205,197
205,201
204,202
204,205
203,206
203,210
202,211
202,215
201,216
201,219
200,220
200,237
201,238
201,240
202,241
202,243
203,244
203,246
204,247
204,249
205,250
205,252
206,253
206,255
207,256
207,258
208,259
208,261
209,262
209,265
210,266
210,270
211,271
211,276
212,277
212,280
213,281
213,285
214,286
214,288
215,289
215,291
216,292
216,299
217,300
217,306
218,307
218,340
217,341
217,346
216,347
216,350
215,351
215,360
214,361
214,368
213,369
213,382
212,383
212,389
211,390
211,394
210,395
210,398
209,399
209,401
208,402
208,404
207,405
207,407
206,408
206,409
204,411
204,412
203,413
203,415
202,416
202,417
201,418
201,419
200,420
200,421
199,422
199,423
197,425
197,426
189,434
189,435
187,437
187,438
186,439
186,440
185,441
185,442
184,443
184,444
183,445
183,448
184,449
185,449
186,450
188,450
189,451
193,451
194,452
209,452
210,451
212,451
212,450
213,449
213,447
214,446
214,444
215,443
215,436
216,435
216,431
217,430
217,429
223,423
223,422
225,420
225,419
226,418
226,417
228,415
228,414
229,413
229,408
230,407
230,402
231,401
231,398
232,397
232,393
233,392
233,389
234,388
234,385
235,384
235,382
236,381
236,379
237,378
237,376
238,375
238,374
239,373
239,371
240,370
240,369
241,368
241,366
242,365
242,364
243,363
243,361
244,360
244,358
245,357
245,353
246,352
246,349
247,348
247,341
248,340
248,335
249,334
249,328
250,327
250,324
251,323
251,320
252,319
252,316
253,315
253,312
254,311
254,310
259,305
261,305
262,304
266,304
267,303
272,303
274,305
274,307
275,308
275,311
276,312
276,315
277,316
277,319
278,320
278,323
279,324
279,327
280,328
280,331
281,332
281,335
282,336
282,339
283,340
283,343
284,344
284,346
285,347
285,350
286,351
286,352
287,353
287,354
288,355
288,357
289,358
289,359
290,360
290,361
291,362
291,363
292,364
292,365
293,366
293,368
294,369
294,371
295,372
295,374
296,375
296,377
297,378
297,381
298,382
298,385
299,386
299,390
300,391
300,399
301,400
301,410
302,411
302,416
301,417
301,424
300,425
300,427
298,429
298,430
295,433
295,434
293,436
293,437
292,438
292,439
291,440
291,441
289,443
289,446
290,447
291,447
292,448
294,448
295,449
297,449
298,450
303,450
304,451
315,451
316,450
317,450
317,449
318,448
318,447
319,446
319,444
320,443
320,442
321,441
321,439
322,438
322,432
321,431
321,427
322,426
322,423
323,422
323,421
324,420
324,419
325,418
325,417
326,416
326,415
328,413
328,412
329,411
329,407
328,406
328,403
327,402
327,399
326,398
326,396
325,395
325,394
324,393
324,391
323,390
323,389
322,388
322,385
321,384
321,382
320,381
320,379
319,378
319,375
318,374
318,371
317,370
317,367
316,366
316,361
315,360
315,355
314,354
314,346
313,345
313,335
312,334
312,331
311,330
311,324
310,323
310,317
309,316
309,315
310,314
310,313
311,312
317,312
318,313
323,313
324,314
334,314
335,315
355,315
356,314
360,314
361,313
365,313
366,312
370,312
371,311
373,311
374,310
375,310
376,309
378,309
379,308
380,308
381,307
383,307
384,306
385,306
386,305
388,305
389,304
390,304
391,303
392,303
394,301
396,301
397,300
399,300
400,299
401,300
402,300
405,303
405,304
409,308
409,309
410,310
410,311
411,312
411,313
412,314
412,315
413,316
413,317
415,319
415,320
416,321
416,322
417,323
417,324
418,325
418,327
419,328
419,329
420,330
420,331
421,332
421,333
422,334
422,335
423,336
423,337
424,338
424,339
425,340
425,341
426,342
426,343
427,344
427,345
428,346
428,347
430,349
430,350
434,354
434,355
439,360
439,361
447,369
447,370
448,371
448,373
449,374
449,376
450,377
450,379
451,380
451,381
452,382
452,384
453,385
453,387
454,388
454,390
455,391
455,394
456,395
456,397
457,398
457,400
458,401
458,402
459,403
459,405
460,406
460,409
461,410
461,414
462,415
462,423
463,424
463,462
462,463
462,468
461,469
461,471
460,472
460,473
459,474
459,476
457,478
457,479
455,481
455,482
453,484
453,485
452,486
452,487
451,488
451,490
450,491
450,493
449,494
449,498
451,500
453,500
454,501
458,501
459,502
477,502
479,500
479,498
480,497
480,494
481,493
481,483
482,482
483,482
484,481
493,481
494,480
494,479
495,478
495,476
496,475
496,472
497,471
497,460
498,459
498,458
500,456
500,455
503,452
503,451
504,450
504,448
505,447
505,446
506,445
506,444
507,443
507,430
506,429
506,425
505,424
505,420
504,419
504,416
503,415
503,410
502,409
502,404
501,403
501,399
500,398
500,391
499,390
499,385
498,384
498,378
497,377
497,362
496,361
496,349
495,348
495,346
494,345
494,344
493,343
493,341
492,340
492,338
491,337
491,336
490,335
490,333
489,332
489,330
488,329
488,327
487,326
487,323
486,322
486,313
485,312
485,311
486,310
486,307
487,306
487,305
488,304
488,303
489,302
489,300
492,297
492,296
494,294
494,293
495,292
495,290
497,288
497,286
499,284
499,283
500,282
500,281
502,279
502,278
503,277
503,276
504,275
504,274
505,273
505,271
506,270
506,269
507,268
507,266
508,265
508,264
509,263
509,260
510,259
510,254
511,253
511,249
512,248
512,234
511,233
511,231
510,230
510,229
509,228
509,226
508,225
508,223
507,222
507,220
506,219
506,217
505,216
505,214
504,213
504,212
503,211
503,210
500,207
500,206
497,203
497,202
492,197
491,197
488,194
487,194
483,190
482,190
481,189
480,189
478,187
477,187
476,186
475,186
473,184
472,184
471,183
470,183
469,182
468,182
467,181
466,181
465,180
464,180
463,179
461,179
460,178
458,178
457,177
455,177
454,176
451,176
450,175
445,175
444,174
438,174
437,173
427,173
426,172
424,172
423,173
419,173
418,174
415,174
414,175
408,175
407,176
404,176
403,177
399,177
398,178
395,178
394,179
390,179
389,180
381,180
380,181
343,181
342,180
337,180
336,179
335,179
334,178
333,178
332,177
331,177
329,175
328,175
327,174
326,174
320,168
319,168
311,160
310,160
304,154
303,154
285,136
285,135
278,128
278,127
274,123
274,122
271,119
271,118
268,115
268,114
266,112
266,111
262,107
262,106
257,101
257,100
254,97
254,96
250,92
250,91
236,77
235,77
231,73
230,73
226,69
225,69
221,65
220,65
219,64
218,64
217,63
216,63
215,62
214,62
212,60
211,60
210,59
209,59
208,58
207,58
205,56
204,56
203,55
201,55
200,54
199,54
198,53
196,53
195,52
193,52
192,51
190,51
189,50
187,50
186,49
184,49
183,48
179,48
178,47
175,47
174,46
171,46
170,45
166,45
165,44
160,44
159,43
147,43
144,40
143,40
142,39
138,39
137,40
136,40
135,41
134,41
131,38
131,37
128,34
128,33
125,30
124,30
123,29
120,29
