874
382,66
381,67
376,67
375,68
372,68
371,69
369,69
368,70
366,70
365,71
364,71
363,72
362,72
361,73
360,73
358,75
357,75
354,78
353,78
349,82
349,83
346,86
346,87
344,89
344,90
342,92
342,93
341,94
341,95
340,96
340,97
339,98
339,99
338,100
338,101
337,102
337,104
336,105
336,107
335,108
335,110
334,111
334,114
333,115
333,118
332,119
332,123
331,124
331,128
330,129
330,136
329,137
329,166
330,167
330,172
331,173
331,179
332,180
332,187
331,188
331,190
330,191
330,192
327,195
326,195
325,196
324,196
323,197
321,197
320,198
316,198
315,199
306,199
305,200
299,200
298,201
293,201
292,202
287,202
286,203
283,203
282,204
278,204
277,205
274,205
273,206
270,206
269,207
266,207
265,208
262,208
261,209
258,209
257,210
255,210
254,211
251,211
250,212
248,212
247,213
245,213
244,214
242,214
241,215
238,215
237,216
235,216
234,217
232,217
231,218
229,218
228,219
226,219
225,220
223,220
222,221
220,221
219,222
218,222
217,223
215,223
214,224
212,224
211,225
210,225
209,226
207,226
206,227
205,227
204,228
203,228
202,229
201,229
200,230
198,230
197,231
196,231
195,232
193,232
192,233
191,233
190,234
188,234
187,235
186,235
185,236
183,236
182,237
180,237
179,238
178,238
177,239
175,239
174,240
172,240
171,241
169,241
168,242
166,242
165,243
162,243
161,244
159,244
158,245
155,245
154,246
152,246
151,247
147,247
146,248
142,248
141,249
137,249
136,250
130,250
129,251
122,251
121,252
109,252
108,253
74,253
73,254
66,254
65,255
63,255
62,256
62,258
63,259
65,259
66,260
68,260
69,261
71,261
72,262
75,262
76,263
78,263
83,268
83,272
77,278
76,278
73,281
72,281
71,282
70,282
68,284
67,284
66,285
65,285
63,287
62,287
60,289
59,289
54,294
54,297
58,297
59,296
61,296
62,295
64,295
65,294
67,294
68,293
70,293
71,292
73,292
74,291
76,291
77,290
80,290
81,289
84,289
85,288
89,288
90,287
108,287
110,289
107,292
106,292
105,293
104,293
103,294
102,294
101,295
100,295
99,296
97,296
96,297
95,297
94,298
92,298
91,299
89,299
88,300
86,300
85,301
83,301
82,302
80,302
79,303
77,303
76,304
74,304
73,305
72,305
71,306
70,306
70,311
75,316
76,316
78,318
79,318
80,319
81,319
82,320
83,320
85,322
86,322
87,323
88,323
89,324
90,324
91,325
92,325
93,326
94,326
95,327
97,327
99,329
101,329
102,330
103,330
104,331
105,331
106,332
107,332
109,334
110,334
113,337
113,338
111,340
87,340
86,339
76,339
75,338
64,338
63,337
62,338
60,338
59,339
58,339
58,342
60,344
61,344
62,345
63,345
64,346
65,346
66,347
67,347
68,348
69,348
70,349
71,349
72,350
73,350
74,351
75,351
76,352
77,352
78,353
79,353
80,354
82,354
83,355
84,355
85,356
86,356
87,357
89,357
90,358
91,358
92,359
93,359
94,360
96,360
97,361
99,361
100,362
101,362
102,363
104,363
105,364
107,364
108,365
110,365
111,366
113,366
114,367
116,367
117,368
119,368
120,369
122,369
123,370
125,370
126,371
129,371
130,372
132,372
133,373
136,373
137,374
140,374
141,375
144,375
145,376
148,376
149,377
153,377
154,378
157,378
158,379
163,379
164,380
168,380
169,381
174,381
175,382
181,382
182,383
188,383
189,384
198,384
199,385
210,385
211,386
230,386
231,387
232,387
233,388
233,390
234,391
234,394
235,395
235,398
236,399
236,401
237,402
237,405
238,406
238,408
239,409
239,411
240,412
240,414
241,415
241,418
242,419
242,429
241,430
241,432
240,433
240,434
239,435
239,436
238,437
238,438
237,439
237,440
236,441
236,446
237,447
238,447
239,448
241,448
242,449
244,449
245,450
246,450
247,451
249,451
250,452
252,452
253,453
255,453
256,454
258,454
259,455
261,455
262,456
264,456
265,457
267,457
268,458
270,458
271,459
272,459
273,460
275,460
276,461
279,461
280,462
281,462
282,463
284,463
285,464
288,464
289,465
291,465
292,466
294,466
295,467
301,467
302,468
310,468
311,467
315,467
316,466
317,466
320,463
320,461
321,460
321,457
320,456
320,453
319,452
320,451
320,450
323,447
324,447
325,446
328,446
329,445
331,445
330,444
331,443
330,443
328,441
327,441
326,440
325,440
324,439
323,439
322,438
320,438
319,437
318,437
317,436
315,436
314,435
311,435
310,434
307,434
306,433
294,433
293,434
290,434
289,433
289,432
288,431
289,430
289,429
290,428
307,428
308,427
311,427
312,426
314,426
315,425
316,425
317,424
319,424
320,423
321,423
322,422
323,422
324,421
325,421
325,418
324,418
323,417
320,417
317,414
317,413
316,412
317,411
317,403
314,400
313,400
312,399
310,399
309,398
299,398
298,399
295,399
294,400
291,400
290,401
288,401
287,402
283,402
282,403
278,403
277,402
276,402
273,399
273,396
272,395
272,390
271,389
272,388
272,387
273,386
274,386
275,385
286,385
287,384
295,384
296,383
301,383
302,382
307,382
308,381
311,381
312,380
316,380
317,379
319,379
320,378
323,378
324,377
326,377
327,376
330,376
331,375
333,375
334,374
336,374
337,373
338,373
339,372
341,372
342,371
344,371
345,370
346,370
347,369
349,369
350,368
351,368
352,367
354,367
355,366
356,366
357,365
358,365
359,364
360,364
361,363
362,363
363,362
364,362
365,361
366,361
367,360
368,360
369,359
370,359
371,358
372,358
373,357
374,357
375,356
376,356
377,355
378,355
380,353
381,353
382,352
383,352
385,350
386,350
388,348
389,348
391,346
392,346
394,344
395,344
397,342
398,342
402,338
403,338
406,335
407,335
414,328
415,328
423,320
423,319
429,313
429,312
433,308
433,307
435,305
435,304
437,302
437,301
439,299
439,298
440,297
440,296
442,294
442,293
443,292
443,291
444,290
444,289
445,288
445,286
446,285
446,284
447,283
447,281
448,280
448,278
449,277
449,275
450,274
450,271
451,270
451,246
450,245
450,243
449,242
449,240
448,239
448,237
447,236
447,235
446,234
446,233
445,232
445,231
444,230
444,229
443,228
443,227
441,225
441,224
440,223
440,222
437,219
437,218
433,214
433,213
424,204
424,203
403,182
403,181
399,177
399,176
396,173
396,172
395,171
395,170
393,168
393,167
392,166
392,164
391,163
391,161
390,160
390,156
389,155
389,152
390,151
390,150
395,145
397,145
398,144
401,144
402,143
405,143
406,142
408,142
409,141
412,141
413,140
415,140
416,139
419,139
420,138
423,138
424,137
429,137
430,138
436,138
437,139
441,139
442,140
445,140
446,141
449,141
450,142
453,142
454,143
457,143
458,144
460,144
461,145
464,145
465,146
467,146
468,147
470,147
471,148
473,148
474,149
477,149
478,150
484,150
485,151
496,151
497,150
500,150
501,149
502,149
504,147
504,142
503,141
503,140
502,139
501,139
499,137
498,137
497,136
496,136
495,135
494,135
493,134
492,134
491,133
490,133
489,132
488,132
487,131
485,131
484,130
483,130
482,129
480,129
479,128
478,128
477,127
475,127
474,126
473,126
472,125
471,125
470,124
469,124
468,123
467,123
466,122
465,122
464,121
463,121
461,119
460,119
455,114
454,114
448,108
448,107
444,103
444,102
442,100
442,99
440,97
440,96
439,95
439,93
438,92
438,91
437,90
437,89
434,86
434,85
431,82
430,82
427,79
426,79
424,77
423,77
422,76
421,76
420,75
419,75
418,74
417,74
416,73
415,73
414,72
413,72
412,71
410,71
409,70
407,70
406,69
403,69
402,68
399,68
398,67
392,67
391,66
