1034
311,63
310,64
307,64
306,65
305,65
304,66
303,66
302,67
301,67
300,68
299,68
296,71
295,71
286,80
286,81
282,85
277,85
276,84
273,84
272,83
267,83
266,82
265,82
264,83
261,83
260,84
248,84
247,85
243,85
242,86
239,86
238,87
237,87
236,88
235,88
234,89
233,89
232,90
230,90
215,75
214,75
212,73
211,73
209,71
208,71
206,69
205,69
204,68
203,68
202,67
201,67
200,66
198,66
197,65
195,65
194,64
189,64
188,65
187,65
186,66
185,66
184,67
184,69
183,70
183,71
184,72
184,74
185,75
185,76
186,77
186,79
187,80
187,82
188,83
188,85
189,86
189,89
190,90
190,91
191,92
191,93
192,94
192,95
193,96
193,97
195,99
195,101
196,102
196,103
197,104
197,105
198,106
198,107
200,109
200,110
201,111
201,114
195,120
194,120
191,123
191,124
188,127
188,128
185,131
185,132
183,134
183,135
182,136
182,137
181,138
181,139
179,141
179,142
177,144
177,145
175,147
175,148
174,149
174,150
173,151
173,152
172,153
172,154
167,159
166,159
164,161
163,161
161,163
159,163
158,164
154,164
153,165
150,165
149,166
147,166
146,167
144,167
143,168
142,168
141,169
140,169
139,170
137,170
134,167
134,165
133,164
133,163
132,162
132,160
131,159
131,157
130,156
130,155
129,154
129,153
125,149
125,148
123,146
123,145
120,142
120,141
115,136
114,136
110,132
109,132
108,131
106,131
102,127
102,126
101,125
101,124
102,123
102,115
103,114
103,107
101,105
101,104
100,103
100,100
101,99
101,86
100,85
95,85
94,86
93,86
86,93
85,93
84,94
83,94
71,106
71,107
69,109
69,110
68,111
68,112
67,113
67,114
62,119
62,120
60,122
60,123
58,125
58,126
57,127
57,128
56,129
56,131
55,132
55,134
54,135
54,139
53,140
53,141
52,142
52,145
51,146
51,147
52,148
52,150
53,151
53,152
54,153
54,154
57,157
57,161
56,162
56,164
55,165
55,168
54,169
54,173
55,174
55,176
56,177
56,178
57,179
57,180
58,181
58,182
59,183
59,184
60,185
60,186
62,188
62,189
65,192
65,193
70,198
71,198
81,208
82,208
83,209
84,209
87,212
88,212
89,213
90,213
92,215
94,215
95,216
97,216
98,217
100,217
101,218
111,218
112,219
113,219
117,223
117,224
118,225
119,225
122,228
124,228
125,229
134,229
135,230
138,230
139,231
143,231
144,232
155,232
156,233
161,233
162,232
166,232
167,231
169,231
170,232
173,232
179,238
179,240
180,241
180,242
181,243
181,244
183,246
184,246
191,253
191,255
192,256
192,258
193,259
193,260
194,261
194,262
195,263
195,271
194,272
194,277
193,278
193,280
194,281
194,287
195,288
195,295
190,300
190,301
189,302
189,303
188,304
188,305
187,306
187,307
186,308
186,309
185,310
185,311
181,315
180,315
178,317
176,317
175,318
174,318
173,319
172,319
158,333
158,334
157,335
157,336
156,337
156,338
155,339
155,340
153,342
153,343
151,345
151,346
150,347
150,348
149,349
149,352
148,353
148,356
147,357
147,359
146,360
146,361
145,362
145,365
144,366
144,370
143,371
143,378
142,379
142,393
143,394
143,396
144,397
144,398
145,399
145,400
146,401
146,402
147,403
147,404
148,405
148,408
147,409
147,410
146,411
146,413
145,414
145,425
146,426
146,429
147,430
147,431
148,432
148,437
147,438
147,439
146,440
146,442
145,443
146,444
146,446
147,447
147,448
148,449
148,455
149,456
149,466
150,467
150,473
151,474
151,477
152,478
152,480
153,481
153,483
154,484
154,487
155,488
155,489
156,490
156,492
157,493
157,495
158,496
158,498
159,499
159,500
160,501
160,502
161,503
161,504
162,505
162,510
159,513
156,513
155,514
153,514
152,515
151,515
149,517
147,517
146,518
145,518
138,525
136,525
135,526
134,526
133,527
132,527
130,529
129,529
129,530
126,533
126,534
125,535
125,537
124,538
124,539
123,540
123,544
124,545
134,545
135,546
147,546
148,545
172,545
173,544
176,544
177,545
193,545
194,544
207,544
208,543
215,543
217,541
217,539
218,538
218,528
217,527
217,524
216,523
216,521
215,520
215,519
214,518
214,516
213,515
213,514
211,512
211,510
210,509
210,506
211,505
211,503
212,502
212,501
213,500
213,498
214,497
214,491
215,490
215,486
216,485
216,481
217,480
217,475
218,474
218,468
219,467
219,451
218,450
218,448
217,447
217,446
216,445
216,444
215,443
215,442
214,441
214,440
213,439
213,438
212,437
212,436
211,435
211,433
209,431
209,430
206,427
206,421
207,420
207,418
208,417
208,414
209,413
209,411
213,407
213,406
217,402
217,401
218,400
218,398
220,396
220,395
223,392
223,391
224,390
224,389
225,388
225,386
226,385
226,384
228,382
228,381
229,380
229,378
231,376
231,375
232,374
232,373
238,367
239,367
240,366
242,366
243,365
245,367
245,373
246,374
246,377
247,378
247,380
248,381
248,383
250,385
250,386
253,389
253,390
256,393
257,393
261,397
261,398
262,399
262,401
263,402
263,403
265,405
265,406
269,410
269,411
270,411
271,412
277,412
278,411
278,410
279,409
279,407
280,406
280,384
279,383
279,380
278,379
278,367
279,366
280,366
288,374
288,376
289,377
289,378
292,381
292,382
297,387
297,388
298,389
299,389
306,396
307,396
310,399
310,400
315,405
316,405
320,409
321,409
322,410
323,410
324,411
326,411
331,416
331,423
326,428
326,429
325,430
325,431
324,432
324,434
323,435
323,437
322,438
322,441
321,442
321,444
320,445
320,448
319,449
319,459
320,460
320,468
321,469
321,474
322,475
322,478
323,479
323,482
324,483
324,489
325,490
325,493
326,494
326,499
327,500
327,502
328,503
328,504
331,507
331,509
332,510
332,516
331,517
331,518
330,519
330,520
329,521
329,522
328,523
328,526
327,527
327,530
326,531
326,533
325,534
325,538
326,539
326,540
330,544
332,544
333,545
355,545
356,546
397,546
398,545
407,545
408,546
422,546
424,544
425,544
426,543
427,544
432,544
433,543
434,543
434,538
433,537
433,535
432,534
432,533
428,529
427,529
426,528
425,528
424,527
423,527
422,526
420,526
419,525
417,525
411,519
410,519
407,516
406,516
405,515
403,515
402,514
400,514
399,513
397,513
396,512
395,512
392,509
391,509
390,508
389,508
385,504
385,501
384,500
385,499
385,497
386,496
386,489
385,488
385,487
386,486
386,482
387,481
387,478
388,477
388,474
389,473
389,470
390,469
390,453
391,452
391,450
392,449
392,445
393,444
393,419
391,417
391,413
392,412
392,404
391,403
391,397
390,396
390,394
388,392
388,390
387,389
387,379
386,378
386,370
385,369
385,367
384,366
384,364
383,363
383,359
382,358
382,357
381,356
381,355
380,354
380,353
379,352
379,350
378,349
378,348
377,347
377,346
376,345
376,344
373,341
373,340
372,339
372,338
371,337
371,335
369,333
369,332
367,330
367,329
358,320
357,320
356,319
354,319
353,318
352,318
351,317
349,317
348,316
347,316
344,313
344,312
338,306
338,305
332,299
331,299
329,297
329,296
328,295
328,290
326,288
326,287
325,286
325,284
324,283
324,278
323,277
323,276
324,275
324,269
323,268
323,266
322,265
322,264
323,263
323,262
324,261
324,260
328,256
328,255
332,251
332,250
334,248
334,247
335,246
335,245
336,244
336,243
339,240
340,240
342,238
343,238
343,237
344,236
344,235
345,234
345,232
348,229
349,229
350,228
351,228
352,229
355,229
356,230
362,230
363,229
369,229
370,228
373,228
374,227
376,227
377,226
378,226
379,225
381,225
382,224
383,224
384,223
387,223
388,222
401,222
402,221
403,221
405,219
406,219
408,217
411,217
412,216
419,216
420,215
422,215
423,214
424,214
425,213
427,213
428,212
429,212
432,209
433,209
434,208
435,208
439,204
440,204
448,196
449,196
451,194
452,194
455,191
455,190
456,189
456,188
457,187
457,186
458,185
458,167
457,166
457,163
456,162
456,159
455,158
455,156
454,155
454,154
453,153
453,152
452,151
452,147
451,146
451,139
450,138
450,137
446,133
446,132
445,131
445,130
441,126
441,125
439,123
439,122
438,121
437,121
436,120
435,120
422,107
421,107
420,106
418,106
417,105
414,105
413,104
412,105
410,105
408,107
408,111
409,112
409,113
411,115
411,116
412,117
412,119
413,120
413,121
414,122
414,129
413,130
413,132
411,134
411,135
407,139
406,139
405,140
403,140
402,141
401,141
400,142
399,142
398,143
397,143
395,145
394,145
390,149
389,149
385,153
385,154
384,155
384,156
380,160
360,160
359,161
355,161
353,159
353,156
352,155
352,152
351,151
351,150
350,149
350,148
345,143
345,142
342,139
342,138
335,131
335,130
331,126
330,126
326,122
326,121
321,116
321,115
316,110
316,109
314,107
314,102
316,100
316,99
317,98
317,97
318,96
318,94
319,93
319,92
321,90
321,88
323,86
323,84
324,83
324,81
325,80
325,79
327,77
327,75
328,74
328,68
325,65
324,65
323,64
320,64
319,63
311,63
