898
134,36
133,37
132,37
131,38
130,38
129,39
128,39
126,41
125,41
123,43
121,43
120,44
119,44
116,47
115,47
115,48
85,78
85,80
84,81
84,82
83,83
83,84
80,87
80,88
79,89
79,90
77,92
77,93
75,95
75,97
72,100
72,101
71,102
71,107
70,108
70,112
69,113
69,122
70,123
70,176
71,177
71,187
72,188
72,196
73,197
73,198
74,199
74,201
75,202
75,204
76,205
76,206
77,207
77,208
78,209
78,214
79,215
79,217
81,219
81,223
82,224
82,225
84,227
84,232
85,233
85,236
86,237
86,238
87,238
88,239
89,239
97,247
97,248
99,250
100,250
105,255
107,255
110,258
111,258
112,259
113,259
114,260
115,260
118,263
121,263
124,266
126,266
127,267
129,267
130,268
131,268
132,269
133,269
139,275
139,276
140,276
145,281
145,282
146,283
147,283
149,285
151,285
152,286
153,286
154,287
155,287
156,288
157,288
159,290
159,292
160,293
160,297
161,298
161,299
163,301
163,306
164,307
164,315
163,316
163,320
162,321
162,325
161,326
161,327
160,328
160,335
159,336
159,347
158,348
158,349
157,350
157,354
156,355
156,364
153,367
153,369
152,370
152,374
151,375
151,376
150,377
150,380
149,381
149,383
148,384
148,385
147,386
147,387
146,388
146,390
145,391
145,393
144,394
144,395
143,396
143,397
142,398
142,399
140,401
140,402
139,403
139,407
136,410
136,411
135,412
135,416
133,418
133,419
132,420
132,428
131,429
131,432
130,433
130,434
129,435
129,436
128,437
128,439
127,440
127,442
126,443
126,444
125,445
125,447
124,448
124,449
123,450
123,451
122,452
122,453
121,454
121,461
120,462
120,463
118,465
118,467
117,468
117,478
116,479
116,488
114,490
114,492
113,493
113,500
112,501
112,502
111,503
111,513
110,514
110,515
108,517
108,518
105,521
105,522
104,523
104,526
100,530
99,530
98,531
97,531
94,534
92,534
88,538
87,538
86,539
85,539
84,540
82,540
79,543
78,543
77,544
75,544
75,546
74,547
74,550
73,551
73,552
72,553
72,557
71,558
71,567
72,568
72,569
90,569
91,570
91,572
92,573
92,576
93,577
93,578
108,578
112,582
112,583
142,583
143,582
144,582
149,577
152,577
153,576
154,576
155,575
156,575
157,574
158,574
159,573
162,573
163,572
164,572
165,571
166,571
167,570
170,570
171,569
172,569
173,568
174,568
175,567
178,567
179,566
184,566
185,565
186,565
187,564
188,564
189,563
190,563
190,559
194,555
194,554
196,552
196,550
200,546
200,545
203,542
203,541
209,535
215,535
216,536
217,536
218,537
222,537
223,538
259,538
260,537
261,537
265,533
266,533
268,531
269,531
271,529
272,529
273,528
275,528
275,527
282,520
282,519
283,518
283,517
285,515
286,515
288,513
288,512
291,509
291,508
292,507
292,505
294,503
295,503
296,502
298,502
299,501
300,501
301,500
302,500
303,501
304,501
305,502
306,502
309,505
310,505
311,506
314,506
319,511
320,511
324,515
325,515
330,520
330,521
334,525
334,526
336,528
336,529
337,530
337,532
342,537
342,538
345,541
345,542
346,543
346,544
347,545
347,556
348,557
348,558
349,558
350,559
351,559
352,560
355,560
356,561
357,561
360,564
361,564
362,565
363,565
364,566
369,566
370,567
377,567
378,568
379,568
380,569
385,569
386,570
394,570
395,571
396,571
397,572
430,572
432,570
433,570
434,569
436,569
437,568
438,568
439,567
440,567
441,566
444,566
444,564
450,558
450,557
451,556
451,555
454,552
454,551
455,550
455,536
454,535
453,535
452,534
451,534
450,533
448,533
447,532
446,532
444,530
443,530
442,529
441,529
440,528
439,528
438,527
437,527
436,526
434,526
433,525
432,525
430,523
430,522
428,520
428,519
427,518
427,516
428,515
428,514
429,513
429,512
430,511
430,509
431,508
431,493
430,492
430,489
429,488
429,487
428,486
428,485
427,484
427,483
426,482
426,481
425,480
425,479
424,478
424,476
423,475
423,474
421,472
421,471
420,470
420,469
419,468
419,467
418,466
418,465
417,464
417,461
414,458
414,457
413,456
413,455
411,453
411,452
409,450
409,448
408,447
408,446
405,443
405,442
402,439
402,438
399,435
399,429
398,428
398,423
397,422
397,404
398,403
398,384
397,383
397,382
396,381
396,380
395,379
395,376
394,375
394,372
391,369
391,358
388,355
388,346
387,345
387,344
386,343
386,342
385,341
385,337
384,336
384,332
383,331
383,330
380,327
380,322
379,321
379,320
378,319
378,313
377,312
377,307
376,306
376,305
375,304
375,303
374,302
374,299
373,298
373,297
371,295
371,293
372,292
372,291
373,290
373,289
377,285
378,285
379,284
381,284
382,283
383,283
383,282
384,281
384,280
387,277
389,277
390,276
390,275
398,267
399,267
401,265
402,265
408,259
409,259
409,258
415,252
415,251
417,249
417,248
421,244
422,244
422,243
423,242
423,241
424,240
424,235
425,234
425,233
426,232
426,230
429,227
429,223
430,222
430,219
431,218
431,216
432,215
432,214
433,213
433,212
434,211
434,210
435,209
435,208
436,207
436,203
437,202
437,199
438,198
438,195
439,194
439,193
440,192
440,191
441,190
441,188
442,187
442,186
443,185
443,182
444,181
444,180
445,179
445,175
446,174
446,173
447,172
447,113
446,112
446,111
445,110
445,101
444,100
444,94
443,93
443,92
442,91
442,90
441,89
441,87
440,86
440,83
437,80
437,77
436,76
436,75
435,74
435,73
434,72
434,70
432,68
431,68
426,63
426,62
425,61
424,61
423,60
422,60
421,59
413,59
412,60
409,60
406,57
406,56
405,55
405,53
404,53
401,50
400,50
399,49
387,49
386,50
385,50
385,51
384,52
384,60
385,61
385,64
386,65
386,71
387,72
387,77
388,78
388,80
389,81
389,98
386,101
385,100
383,100
379,96
379,95
378,94
378,93
376,91
376,90
375,90
374,89
365,89
364,90
363,90
363,91
362,92
362,94
361,95
361,96
360,97
360,98
359,99
359,113
360,114
360,115
361,116
361,127
362,128
362,130
365,133
365,134
366,135
366,138
367,139
367,140
371,144
371,151
370,152
370,153
369,154
369,160
368,161
368,165
366,167
366,168
360,174
359,174
359,175
357,177
355,177
354,178
353,178
349,182
348,182
347,183
346,183
345,184
342,184
341,185
337,185
332,180
331,180
328,177
328,176
327,175
327,173
326,172
326,171
325,170
325,159
324,158
324,110
325,109
325,92
324,91
324,87
321,84
321,81
320,80
320,78
319,77
319,76
318,76
317,75
313,75
312,74
305,74
304,73
293,73
292,74
289,74
288,75
286,75
285,76
284,76
283,77
282,77
279,80
274,80
273,79
272,79
271,78
249,78
248,77
247,77
246,76
245,76
244,75
241,75
240,74
235,74
234,73
232,73
231,72
230,72
229,71
223,71
222,70
209,70
208,71
206,71
206,72
203,75
202,75
202,77
201,78
201,80
196,85
196,86
195,87
195,102
196,103
196,106
197,107
197,108
198,109
198,110
199,111
199,117
200,118
200,119
201,120
201,128
200,129
200,130
198,132
198,133
197,134
197,135
196,136
196,140
195,141
195,147
191,151
191,152
190,153
190,154
189,155
189,157
186,160
185,160
185,161
180,166
179,166
178,167
167,167
166,166
163,166
162,165
152,165
150,163
150,157
149,156
149,143
150,142
150,138
151,137
151,134
152,133
152,131
153,130
153,128
154,127
154,126
158,122
158,121
164,115
164,114
165,113
165,111
168,108
168,103
169,102
169,99
170,98
170,80
169,79
169,76
168,75
168,74
167,74
166,73
154,73
153,72
154,71
154,70
156,68
156,67
158,65
158,64
159,63
159,62
161,60
162,60
164,58
166,58
168,56
169,56
171,54
172,54
173,53
174,53
175,52
175,40
174,40
173,39
168,39
167,38
163,38
162,37
161,37
160,36
134,36
