1545
203,34
202,35
197,35
196,36
193,36
192,37
189,37
188,38
186,38
185,39
184,39
183,40
183,41
182,42
182,47
183,48
183,49
184,49
185,50
186,50
187,51
188,51
189,52
190,52
191,53
192,53
193,54
194,54
195,55
196,55
198,57
199,57
200,58
201,58
204,61
205,61
208,64
209,64
221,76
221,77
225,81
225,82
228,85
228,86
230,88
230,89
231,90
231,91
233,93
233,94
234,95
234,96
235,97
235,98
236,99
236,100
237,101
237,103
239,105
237,107
236,106
236,105
235,104
235,103
223,91
222,91
219,88
218,88
216,86
215,86
214,85
213,85
211,83
210,83
209,82
208,82
207,81
206,81
205,80
203,80
202,79
201,79
200,78
198,78
197,77
195,77
194,76
191,76
190,75
186,75
185,74
180,74
179,73
161,73
160,74
155,74
154,75
150,75
149,76
146,76
145,77
143,77
142,78
139,78
138,79
137,79
136,80
134,80
133,81
132,81
131,82
130,82
129,83
128,83
127,84
126,84
125,85
124,85
123,86
122,86
120,88
119,88
117,90
116,90
113,93
112,93
103,102
103,103
100,106
100,108
99,109
99,110
100,111
100,113
101,114
108,114
109,113
115,113
116,112
132,112
133,113
138,113
139,114
143,114
144,115
147,115
148,116
151,116
152,117
154,117
155,118
156,118
157,119
159,119
160,120
161,120
162,121
163,121
164,122
165,122
166,123
167,123
168,124
169,124
170,125
171,125
173,127
174,127
176,129
177,129
179,131
180,131
182,133
183,133
187,137
188,137
204,153
204,154
207,157
207,158
211,162
209,164
208,163
208,162
206,160
205,160
203,158
202,158
201,157
200,157
199,156
198,156
197,155
196,155
195,154
194,154
193,153
191,153
190,152
187,152
186,151
183,151
182,150
167,150
166,151
163,151
162,152
159,152
158,153
156,153
155,154
154,154
153,155
152,155
151,156
150,156
149,157
148,157
147,158
146,158
144,160
143,160
140,163
139,163
132,170
132,171
129,174
129,175
127,177
127,178
126,179
126,180
125,181
125,182
124,183
124,184
123,185
123,187
122,188
122,190
121,191
121,196
122,197
122,198
129,198
130,197
131,197
134,194
135,194
136,193
137,193
138,192
139,192
140,191
141,191
142,190
143,190
144,189
146,189
147,188
150,188
151,187
154,187
155,186
161,186
162,185
170,185
171,186
177,186
178,187
182,187
183,188
186,188
187,189
189,189
190,190
192,190
193,191
194,191
195,192
197,192
199,194
200,194
201,195
202,195
204,197
205,197
208,200
209,200
212,203
212,205
203,214
202,214
192,224
192,225
183,234
183,235
177,241
177,242
173,246
173,247
169,251
169,252
166,255
166,256
163,259
163,260
160,263
160,264
157,267
157,268
155,270
155,271
153,273
153,274
151,276
151,277
148,280
148,281
147,282
147,283
145,285
145,286
143,288
143,289
141,291
141,292
139,294
139,295
138,296
138,297
136,299
136,300
135,301
135,302
133,304
133,305
132,306
132,307
130,309
130,310
129,311
129,312
127,314
127,315
126,316
126,317
125,318
125,319
123,321
123,322
122,323
122,324
121,325
121,326
120,327
120,328
119,329
119,330
117,332
117,333
116,334
116,335
115,336
115,337
114,338
114,339
113,340
113,341
112,342
112,343
111,344
111,345
110,346
110,347
109,348
109,349
108,350
108,351
107,352
107,353
106,354
106,355
105,356
105,357
104,358
104,359
103,360
103,361
102,362
102,363
101,364
101,365
100,366
100,367
99,368
99,370
98,371
98,372
97,373
97,374
96,375
96,376
95,377
95,378
94,379
94,381
93,382
93,383
92,384
92,385
91,386
91,387
90,388
90,390
89,391
89,392
88,393
88,394
87,395
87,397
86,398
86,399
85,400
85,402
84,403
84,404
83,405
83,406
82,407
82,409
81,410
81,411
80,412
80,414
79,415
79,417
78,418
78,419
77,420
77,422
76,423
76,424
75,425
75,427
74,428
74,430
73,431
73,432
72,433
72,435
71,436
71,438
70,439
70,440
69,441
69,443
68,444
68,446
67,447
67,449
66,450
66,452
65,453
65,455
64,456
64,458
63,459
63,461
62,462
62,464
61,465
61,467
60,468
60,470
59,471
59,473
58,474
58,476
57,477
57,479
56,480
56,483
55,484
55,486
54,487
54,489
53,490
53,492
52,493
52,496
51,497
51,499
50,500
50,502
49,503
49,504
42,511
42,512
38,516
38,517
37,518
37,519
36,520
36,522
35,523
35,525
36,526
36,528
37,529
37,530
38,531
38,532
40,534
41,534
42,535
44,535
45,536
460,536
461,535
463,535
465,533
466,533
466,532
468,530
468,528
469,527
469,521
468,520
468,518
466,516
466,515
450,499
449,499
444,494
443,494
440,491
439,491
437,489
436,489
433,486
432,486
430,484
429,484
428,483
427,483
425,481
424,481
422,479
421,479
420,478
419,478
418,477
417,477
415,475
414,475
413,474
412,474
411,473
410,473
409,472
408,472
407,471
406,471
405,470
404,470
403,469
402,469
401,468
400,468
399,467
398,467
397,466
395,466
394,465
393,465
392,464
391,464
390,463
388,463
387,462
386,462
385,461
384,461
383,460
381,460
380,459
378,459
377,458
376,458
375,457
373,457
372,456
370,456
369,455
367,455
366,454
364,454
363,453
360,453
359,452
357,452
356,451
353,451
352,450
349,450
348,449
345,449
344,448
341,448
340,447
337,447
336,446
333,446
332,445
328,445
327,444
323,444
322,443
319,443
318,442
318,441
317,440
317,437
316,436
316,432
315,431
315,427
314,426
314,423
313,422
313,419
312,418
312,416
311,415
311,413
310,412
310,410
309,409
309,407
308,406
308,404
307,403
307,401
306,400
306,399
305,398
305,396
304,395
304,394
303,393
303,392
302,391
302,390
301,389
301,387
303,385
306,385
307,384
315,384
316,385
319,385
320,386
322,386
323,387
324,387
325,388
326,388
335,397
338,397
338,386
337,385
337,383
336,382
336,381
334,379
334,378
329,373
328,373
327,372
326,372
325,371
324,371
323,370
320,370
319,369
314,369
313,370
312,370
311,369
311,368
312,367
313,367
314,366
315,366
316,365
317,365
318,364
319,364
320,363
323,363
324,362
327,362
328,361
332,361
333,360
338,360
339,361
343,361
344,362
347,362
348,363
350,363
351,364
352,364
353,365
354,365
355,366
359,366
359,361
358,360
358,358
356,356
356,355
354,353
354,352
349,347
348,347
345,344
344,344
343,343
342,343
341,342
340,342
339,341
338,341
337,340
334,340
333,339
330,339
329,338
319,338
318,339
315,339
314,340
313,340
312,341
311,341
310,342
309,342
308,341
308,340
309,339
310,339
313,336
314,336
316,334
317,334
318,333
319,333
320,332
321,332
322,331
324,331
325,330
328,330
329,329
334,329
335,328
336,328
336,324
335,323
334,323
332,321
331,321
330,320
329,320
328,319
327,319
326,318
323,318
322,317
318,317
317,316
308,316
307,317
304,317
303,318
300,318
299,319
297,319
296,320
295,320
293,322
292,322
291,323
290,323
283,330
283,331
281,333
281,334
280,335
280,336
279,337
279,338
278,339
278,340
277,341
275,341
274,340
273,340
271,338
270,338
269,337
267,337
266,336
263,336
262,335
259,335
258,334
252,334
251,335
248,335
247,336
244,336
243,337
241,337
240,338
239,338
238,339
237,339
235,341
234,341
232,343
231,343
225,349
225,350
223,352
223,353
222,354
222,355
221,356
221,357
220,358
220,360
219,361
220,362
220,364
225,364
226,363
227,363
229,361
231,361
232,360
234,360
235,359
238,359
239,358
250,358
251,359
251,360
250,361
246,361
245,362
244,362
243,363
242,363
241,364
240,364
239,365
238,365
236,367
235,367
229,373
229,374
227,376
227,377
226,378
226,379
225,380
225,381
224,382
224,383
223,384
223,386
222,387
222,390
221,391
221,403
222,404
222,407
223,408
223,409
227,409
227,408
228,407
228,406
229,405
229,404
231,402
231,401
241,391
242,391
244,389
245,389
246,388
247,388
248,387
249,387
250,386
251,386
252,385
254,385
255,384
258,384
259,383
262,383
263,382
265,384
263,386
262,386
256,392
256,393
255,394
255,395
254,396
254,397
253,398
253,401
252,402
252,408
253,409
253,412
254,413
254,415
255,416
255,417
256,418
256,419
259,422
262,422
262,415
263,414
263,411
264,410
264,409
265,408
265,407
266,406
266,405
277,394
278,394
279,393
283,393
285,395
285,396
286,397
286,400
287,401
287,403
288,404
288,407
289,408
289,412
290,413
290,417
291,418
291,425
292,426
292,438
291,439
284,439
283,438
268,438
267,437
236,437
235,438
220,438
219,439
210,439
209,440
202,440
201,441
195,441
194,442
189,442
188,443
183,443
182,444
178,444
177,445
173,445
172,446
169,446
168,447
165,447
164,448
158,448
156,446
156,439
157,438
157,429
158,428
158,421
159,420
159,414
160,413
160,408
161,407
161,403
162,402
162,398
163,397
163,393
164,392
164,389
165,388
165,385
166,384
166,381
167,380
167,377
168,376
168,373
169,372
169,369
170,368
170,366
171,365
171,362
172,361
172,359
173,358
173,356
174,355
174,353
175,352
175,350
176,349
176,347
177,346
177,344
178,343
178,342
179,341
179,339
180,338
180,337
181,336
181,334
182,333
182,332
183,331
183,329
184,328
184,327
185,326
185,324
186,323
186,322
187,321
187,320
188,319
188,318
189,317
189,315
190,314
190,313
191,312
191,311
192,310
192,309
193,308
193,307
194,306
194,305
195,304
195,303
196,302
196,301
197,300
197,299
198,298
198,297
199,296
199,295
200,294
200,293
202,291
202,290
203,289
203,288
204,287
204,286
205,285
205,284
207,282
207,281
208,280
208,279
210,277
210,276
211,275
211,274
213,272
213,271
214,270
214,269
216,267
216,266
218,264
218,263
220,261
220,260
222,258
222,257
224,255
224,254
227,251
227,250
230,247
230,246
233,243
233,242
236,239
236,238
240,234
240,233
244,229
245,229
247,231
248,231
258,241
258,242
261,245
261,246
263,248
263,249
264,250
264,251
265,252
265,253
266,254
266,255
267,256
267,257
268,258
268,260
269,261
269,263
270,264
270,266
271,267
271,270
272,271
272,279
273,280
273,288
272,289
272,297
271,298
271,300
270,301
270,303
269,304
269,306
268,307
268,309
267,310
268,311
268,313
270,315
275,315
276,314
277,314
278,313
279,313
281,311
282,311
285,308
286,308
291,303
291,302
294,299
294,298
296,296
296,295
298,293
298,292
299,291
299,290
300,289
300,287
301,286
301,285
302,284
302,282
303,281
303,279
304,278
304,273
305,272
305,257
304,256
304,252
303,251
303,249
302,248
302,246
301,245
301,243
300,242
300,241
299,240
299,239
297,237
297,236
296,235
296,234
292,230
292,229
289,226
288,226
285,223
284,223
283,222
285,220
287,222
289,222
290,223
291,223
292,224
293,224
294,225
295,225
296,226
297,226
298,227
299,227
301,229
302,229
303,230
304,230
306,232
307,232
309,234
310,234
313,237
314,237
319,242
320,242
331,253
331,254
336,259
336,260
338,262
338,263
341,266
341,267
342,268
342,269
343,270
343,271
345,273
345,274
346,275
346,277
347,278
347,279
348,280
348,282
349,283
349,284
350,285
350,287
351,288
351,291
352,292
352,295
353,296
353,301
354,302
354,311
355,312
355,314
357,316
363,316
367,312
367,311
369,309
369,308
371,306
371,305
372,304
372,303
373,302
373,301
374,300
374,299
375,298
375,297
376,296
376,294
377,293
377,291
378,290
378,288
379,287
379,285
380,284
380,280
381,279
381,272
382,271
382,252
381,251
381,244
380,243
380,239
379,238
379,235
378,234
378,232
377,231
377,229
376,228
376,227
375,226
375,224
374,223
374,222
373,221
373,220
372,219
372,218
371,217
371,216
370,215
370,214
368,212
368,211
366,209
366,208
362,204
362,203
354,195
353,195
350,192
349,192
346,189
345,189
344,188
343,188
341,186
340,186
339,185
338,185
337,184
336,184
335,183
334,183
333,182
333,181
334,180
335,180
336,181
338,181
339,182
342,182
343,183
346,183
347,184
350,184
351,185
353,185
354,186
356,186
357,187
358,187
359,188
360,188
361,189
362,189
363,190
364,190
365,191
366,191
367,192
368,192
369,193
370,193
372,195
373,195
375,197
376,197
378,199
379,199
384,204
385,204
392,211
392,212
397,217
397,218
400,221
407,221
408,220
409,220
409,219
410,218
410,197
409,196
409,191
408,190
408,188
407,187
407,185
406,184
406,182
405,181
405,179
404,178
404,177
403,176
403,174
402,173
402,172
401,171
401,170
400,169
400,168
398,166
398,165
397,164
397,163
395,161
395,160
393,158
393,157
390,154
390,153
378,141
377,141
374,138
373,138
371,136
370,136
368,134
367,134
366,133
365,133
364,132
363,132
362,131
361,131
360,130
359,130
358,129
357,129
356,128
355,128
354,127
352,127
351,126
348,126
347,125
344,125
343,124
340,124
339,123
333,123
332,122
319,122
318,123
312,123
311,124
308,124
307,125
304,125
303,126
300,126
299,125
299,114
298,113
298,104
297,103
297,99
296,98
296,95
295,94
295,92
294,91
294,89
293,88
293,87
292,86
292,85
291,84
291,82
290,81
290,80
288,78
288,77
287,76
287,75
285,73
285,72
283,70
283,69
280,66
280,65
271,56
270,56
267,53
266,53
263,50
262,50
261,49
260,49
258,47
257,47
256,46
255,46
254,45
253,45
252,44
251,44
250,43
249,43
248,42
247,42
246,41
244,41
243,40
242,40
241,39
238,39
237,38
235,38
234,37
231,37
230,36
226,36
225,35
220,35
219,34
