1024
562,11
561,12
560,12
558,14
557,14
556,15
555,15
554,16
553,16
545,24
542,24
541,25
539,25
538,26
537,26
536,27
532,27
531,28
529,28
528,29
527,29
524,32
523,32
522,33
512,33
511,34
509,34
508,35
506,35
505,36
500,36
499,35
492,35
491,36
485,36
484,35
481,35
480,36
478,36
477,37
476,37
473,40
464,40
463,39
461,39
460,40
449,40
448,39
445,39
444,40
441,40
440,41
426,41
425,42
422,42
421,43
418,43
417,44
407,44
406,45
404,45
402,47
401,47
398,50
396,50
395,51
387,51
386,52
384,52
383,53
382,53
380,55
379,55
378,56
377,56
376,57
372,57
371,58
369,58
368,59
367,59
366,60
365,60
364,61
363,61
359,65
358,65
356,67
355,67
352,70
352,71
351,72
349,70
349,69
348,68
347,68
345,66
344,66
340,62
339,62
337,60
335,60
334,59
328,59
326,57
325,57
324,56
322,56
321,55
311,55
306,50
304,50
303,49
298,49
297,50
292,50
291,49
288,49
287,48
279,48
278,49
269,49
268,48
260,48
259,49
256,49
255,50
248,50
247,49
245,49
244,50
242,50
241,51
239,51
238,52
234,52
230,48
228,48
227,47
224,47
223,48
221,48
220,49
206,49
205,50
204,50
203,51
195,51
194,50
192,50
191,49
189,49
188,50
178,50
174,46
173,46
172,45
164,45
163,44
162,44
161,43
154,43
151,40
151,39
150,38
150,37
148,35
146,35
145,34
143,34
141,32
140,32
139,31
135,31
134,32
133,32
132,33
131,33
131,34
130,35
130,36
129,37
129,38
128,39
128,41
127,42
127,43
126,44
126,45
125,46
125,47
124,48
124,50
123,51
123,55
122,56
122,59
121,60
121,73
122,74
122,78
123,79
123,82
124,83
124,85
125,86
125,87
126,88
126,89
128,91
128,92
129,93
129,94
133,98
133,99
134,100
135,100
139,104
140,104
142,106
143,106
145,108
146,108
147,109
148,109
150,111
151,111
152,112
153,112
154,113
156,113
157,114
158,114
159,115
160,115
161,116
162,116
163,117
164,117
165,118
167,118
168,119
169,119
170,120
171,120
172,121
173,121
174,122
176,122
177,123
178,123
179,124
180,124
181,125
182,125
183,126
185,126
186,127
187,127
188,128
189,128
190,129
191,129
192,130
194,130
195,131
196,131
197,132
199,132
200,133
202,133
203,134
204,134
205,135
207,135
208,136
210,136
211,137
213,137
214,138
215,138
216,139
218,139
219,140
220,140
221,141
223,141
224,142
226,142
227,143
229,143
230,144
232,144
233,145
235,145
236,146
238,146
239,147
241,147
242,148
244,148
245,149
247,149
248,150
251,150
252,151
254,151
255,152
257,152
258,153
260,153
261,154
262,154
263,155
265,155
266,156
268,156
269,157
271,157
273,159
273,161
269,165
268,165
266,167
265,167
264,168
263,168
262,169
261,169
260,170
259,170
258,171
257,171
255,173
254,173
252,175
251,175
250,176
249,176
246,179
245,179
240,184
239,184
232,191
230,191
229,192
228,192
226,194
226,195
222,199
221,199
219,201
219,202
215,206
214,206
212,208
211,208
210,209
209,209
206,212
205,212
202,215
201,215
200,216
199,216
199,217
198,218
198,220
197,221
197,223
196,224
196,225
195,226
195,227
194,228
194,231
193,232
193,238
194,239
194,241
195,242
195,243
196,244
196,247
192,251
192,253
191,254
191,256
190,257
190,258
189,259
189,260
188,261
188,262
187,263
187,264
181,270
180,270
178,272
177,272
176,273
175,273
174,274
173,274
172,275
171,275
170,276
169,276
168,277
167,277
166,278
165,278
164,279
163,279
162,280
161,280
160,281
159,281
158,282
157,282
156,283
155,283
154,284
153,284
151,286
150,286
149,287
147,287
146,288
145,288
144,289
143,289
141,291
140,291
139,292
138,292
136,294
135,294
132,297
131,297
128,300
127,300
122,305
121,305
114,312
113,312
109,316
108,316
104,320
103,320
99,324
98,324
96,326
95,326
93,328
92,328
71,349
71,350
65,356
65,358
64,359
64,363
63,364
64,365
64,367
65,368
65,369
70,369
71,368
72,368
73,367
74,367
80,361
81,361
86,356
87,356
92,351
93,351
95,349
96,349
99,346
100,346
102,344
103,344
106,341
107,341
109,339
110,339
111,338
112,338
115,335
116,335
118,333
119,333
121,331
122,331
124,329
125,329
127,327
128,327
130,325
131,325
133,323
134,323
136,321
137,321
139,319
140,319
142,317
143,317
146,314
147,314
150,311
151,311
154,308
155,308
157,306
158,306
162,302
163,302
165,300
167,300
168,299
169,299
170,298
171,298
172,297
173,297
174,296
175,296
177,294
178,294
179,293
180,293
182,291
183,291
184,290
185,290
186,289
187,289
188,288
189,288
191,286
192,286
193,285
194,285
195,284
196,284
197,283
198,283
199,282
200,282
201,281
204,281
205,280
208,280
209,281
210,281
211,282
211,283
212,284
212,285
213,286
213,287
214,288
214,289
215,290
215,291
217,293
217,294
218,294
220,296
221,296
222,297
224,297
225,298
233,298
234,299
236,299
237,300
241,300
242,301
243,301
244,302
246,302
247,303
249,303
250,304
252,304
253,305
255,305
256,306
259,306
260,307
265,307
266,308
293,308
294,307
299,307
300,306
302,306
303,305
305,305
306,304
308,304
309,303
311,303
312,302
315,302
316,301
317,301
318,300
319,300
320,299
321,299
322,298
323,298
324,297
325,297
326,296
327,296
328,295
331,295
332,294
335,294
336,293
339,293
340,292
342,292
344,290
345,290
347,288
347,287
348,286
348,285
349,284
349,283
350,282
350,280
351,279
351,277
352,276
352,275
353,274
355,274
356,275
358,275
359,276
360,276
361,277
363,277
364,278
365,278
366,279
368,279
369,280
370,280
371,281
372,281
375,284
376,284
378,286
379,286
381,288
382,288
383,289
384,289
386,291
387,291
389,293
390,293
391,294
392,294
393,295
394,295
395,296
396,296
398,298
399,298
400,299
401,299
402,300
403,300
404,301
405,301
406,302
407,302
408,303
409,303
410,304
411,304
412,305
413,305
414,306
415,306
417,308
418,308
419,309
420,309
421,310
422,310
423,311
424,311
425,312
426,312
427,313
428,313
429,314
430,314
431,315
432,315
433,316
434,316
435,317
436,317
437,318
438,318
439,319
440,319
442,321
443,321
445,323
446,323
447,324
448,324
451,327
452,327
454,329
455,329
457,331
458,331
461,334
462,334
464,336
465,336
469,340
471,340
472,341
478,341
478,333
477,332
477,330
476,329
476,327
468,319
467,319
464,316
463,316
458,311
457,311
450,304
449,304
448,303
447,303
445,301
444,301
443,300
442,300
441,299
440,299
436,295
435,295
434,294
433,294
431,292
430,292
428,290
427,290
425,288
424,288
422,286
421,286
418,283
417,283
415,281
414,281
411,278
410,278
409,277
408,277
406,275
405,275
404,274
403,274
401,272
400,272
399,271
397,271
396,270
395,270
394,269
393,269
392,268
390,268
389,267
387,267
386,266
385,266
384,265
382,265
381,264
380,264
379,263
377,263
376,262
375,262
374,261
371,261
370,260
368,260
367,259
366,259
365,258
363,258
362,257
361,257
360,256
359,256
358,255
357,255
355,253
355,241
354,240
354,235
353,234
353,232
351,230
351,229
350,228
350,227
349,226
349,225
345,221
345,220
343,218
343,213
347,209
347,208
349,206
349,205
350,204
350,203
351,202
351,201
352,200
352,199
353,198
353,197
354,196
354,195
355,194
355,193
356,192
356,191
357,190
357,189
360,186
360,185
366,179
366,178
378,166
379,166
381,164
382,164
384,162
385,162
387,160
388,160
390,158
391,158
393,156
394,156
395,155
396,155
397,154
398,154
399,153
400,153
402,151
404,151
405,150
406,150
407,149
408,149
409,148
410,148
411,147
412,147
414,145
415,145
416,144
417,144
418,143
419,143
420,142
421,142
422,141
424,141
425,140
426,140
427,139
428,139
429,138
431,138
432,137
433,137
434,136
435,136
436,135
437,135
438,134
440,134
442,132
444,132
445,131
446,131
447,130
448,130
449,129
450,129
451,128
453,128
454,127
455,127
456,126
457,126
458,125
459,125
460,124
461,124
462,123
463,123
465,121
466,121
467,120
469,120
471,118
472,118
473,117
475,117
476,116
477,116
478,115
479,115
481,113
482,113
483,112
484,112
485,111
486,111
487,110
488,110
489,109
490,109
491,108
492,108
493,107
494,107
496,105
497,105
498,104
499,104
500,103
501,103
502,102
503,102
504,101
505,101
507,99
508,99
509,98
510,98
511,97
512,97
513,96
514,96
515,95
516,95
518,93
519,93
520,92
521,92
522,91
523,91
524,90
525,90
527,88
528,88
529,87
530,87
532,85
533,85
534,84
535,84
537,82
538,82
541,79
542,79
545,76
546,76
556,66
556,65
559,62
559,61
560,60
560,59
562,57
562,56
563,55
563,54
564,53
564,51
565,50
565,49
566,48
566,46
567,45
567,43
568,42
568,38
569,37
569,13
567,11
562,11
