887
59,22
58,23
56,23
54,25
53,25
52,26
51,26
50,27
47,27
46,28
45,28
45,29
44,30
44,32
43,33
43,36
42,37
42,40
41,41
41,42
40,43
40,45
39,46
40,47
40,50
41,51
41,52
43,54
43,57
42,58
42,62
43,63
43,64
50,71
50,78
51,79
51,80
62,91
62,102
63,103
63,104
70,111
71,111
72,112
73,112
75,114
75,116
76,117
76,120
77,121
77,122
80,125
80,131
81,132
81,134
82,135
82,136
83,137
83,138
87,142
87,149
88,150
88,152
89,153
89,154
90,155
90,156
91,157
91,158
92,159
93,159
94,160
95,160
99,164
99,165
100,166
100,168
101,169
101,170
102,171
102,172
103,173
103,182
104,183
104,186
105,187
105,188
106,189
107,189
108,190
109,190
111,192
112,192
114,194
112,196
111,196
111,197
110,198
110,201
109,202
109,203
110,204
110,206
111,207
111,209
112,210
112,212
113,213
113,224
114,225
114,228
115,229
115,230
117,232
117,242
118,243
118,246
119,247
119,248
121,250
119,252
119,253
118,254
118,257
117,258
117,260
118,261
118,264
119,265
119,266
121,266
123,268
121,270
119,270
119,271
118,272
118,275
117,276
118,277
118,280
119,281
119,282
121,284
121,285
120,286
120,289
119,290
119,292
120,293
120,296
121,297
121,298
122,298
124,300
124,303
123,304
124,305
124,313
121,316
121,317
120,318
120,321
119,322
119,324
120,325
120,328
121,329
121,331
122,332
122,339
121,340
122,341
122,344
123,345
123,346
125,348
125,356
126,357
126,360
127,361
127,362
128,363
128,367
127,368
127,372
128,373
128,376
129,377
129,378
131,380
131,381
132,382
132,391
131,392
131,395
132,396
132,399
133,400
133,402
134,403
134,406
135,407
135,412
136,413
136,419
135,420
135,421
134,422
134,438
133,439
117,439
116,438
114,438
113,437
109,437
108,436
106,436
105,435
101,435
100,434
98,434
97,433
95,433
94,432
92,432
91,431
89,431
88,430
86,430
85,429
83,429
82,428
80,428
79,427
77,427
76,426
74,426
73,425
67,425
66,424
64,424
63,423
57,423
56,424
54,424
53,425
52,425
49,428
47,428
46,429
44,429
43,430
43,431
42,432
42,433
40,435
39,435
38,436
36,436
34,438
34,439
33,440
33,442
32,443
32,445
33,446
33,448
35,448
36,449
39,449
40,450
42,450
43,451
48,451
49,452
52,452
53,453
58,453
59,454
62,454
63,455
66,455
67,456
70,456
71,457
74,457
75,458
79,458
80,459
84,459
85,460
89,460
90,461
96,461
97,462
100,462
101,463
108,463
109,464
112,464
113,465
115,465
116,466
118,466
119,467
124,467
125,468
128,468
130,470
131,470
133,472
134,472
136,474
137,474
141,478
142,478
144,480
145,480
151,486
152,486
154,488
155,488
157,490
158,490
160,492
161,492
165,496
166,496
168,498
170,498
172,500
173,500
175,502
176,502
177,503
177,504
176,505
175,505
174,504
173,504
172,503
171,503
170,504
168,504
167,505
166,505
164,507
163,507
162,508
160,508
159,509
155,509
154,510
152,510
151,511
150,511
149,512
148,512
147,513
132,513
131,514
129,514
128,515
128,520
129,521
129,522
130,523
127,526
126,526
125,527
120,527
119,528
117,528
115,530
115,534
117,534
118,535
119,535
120,536
122,536
123,537
138,537
139,536
141,536
143,534
145,534
147,532
149,532
150,531
153,531
154,530
155,530
156,531
166,531
167,530
170,530
171,529
182,529
183,528
186,528
187,527
197,527
198,526
202,526
203,525
206,525
207,526
210,526
212,528
213,528
217,532
218,532
220,534
222,534
223,535
225,535
226,536
228,536
229,537
231,537
232,538
234,538
235,539
240,539
241,540
244,540
245,541
257,541
258,542
261,542
262,543
273,543
274,542
297,542
298,543
302,543
303,542
305,542
306,541
309,541
310,540
313,540
314,539
317,539
318,538
324,538
325,537
328,537
329,536
331,536
332,535
334,535
335,534
336,534
337,533
338,533
339,532
341,532
342,531
346,531
347,530
348,530
350,528
351,528
353,526
354,526
356,524
357,524
359,522
361,522
363,520
364,520
366,518
367,518
369,516
371,516
373,514
375,514
377,512
379,512
381,510
383,510
385,508
386,508
388,506
389,506
391,504
393,504
395,502
397,502
398,501
400,501
401,500
403,500
404,499
406,499
407,498
409,498
410,497
412,497
413,496
415,496
417,494
419,494
421,492
423,492
424,491
426,491
427,490
430,490
431,489
438,489
439,490
442,490
443,491
445,491
446,492
448,492
450,494
451,494
453,496
455,496
456,497
464,497
465,498
470,498
471,497
472,497
473,496
473,490
472,489
472,487
471,486
471,484
470,483
470,482
468,480
468,478
467,477
466,477
465,476
464,476
462,474
461,474
460,473
459,473
458,472
456,472
455,471
453,471
452,470
450,470
449,469
447,469
446,468
445,468
444,467
443,467
434,458
434,456
421,443
420,443
419,442
418,442
415,439
414,439
413,438
411,438
410,437
409,437
408,436
406,436
405,435
382,435
381,436
379,436
378,437
357,437
356,436
354,436
353,435
351,435
350,434
348,434
347,433
343,433
342,432
340,432
339,431
335,431
333,429
333,428
332,427
332,426
331,425
331,423
330,422
330,419
329,418
329,415
328,414
328,411
327,410
327,372
328,371
328,368
329,367
329,365
330,364
330,362
331,361
331,358
332,357
332,355
333,354
333,353
334,352
334,350
335,349
335,347
336,346
336,345
337,344
337,343
338,342
338,340
339,339
339,337
340,336
340,335
341,334
341,333
342,332
342,331
343,330
343,329
344,328
344,326
345,325
345,312
346,311
346,309
347,308
347,307
348,306
348,304
349,303
349,300
350,299
350,296
351,295
351,292
352,291
352,288
353,287
353,241
352,240
352,237
351,236
351,219
350,218
350,215
349,214
349,201
348,200
348,198
347,197
347,195
346,194
346,192
345,191
345,189
344,188
344,186
343,185
343,184
342,183
342,182
341,181
341,180
340,179
340,178
339,177
339,176
338,175
338,174
337,173
337,172
336,171
336,170
331,165
331,164
330,163
330,161
328,159
328,158
322,152
321,152
320,151
319,151
314,146
313,146
312,145
311,145
308,142
306,142
305,141
303,141
302,140
301,140
299,138
297,138
296,137
290,137
289,136
288,137
285,137
284,138
283,138
282,139
278,139
277,140
275,140
273,142
273,143
272,144
272,145
270,147
269,147
268,148
267,148
267,149
266,150
266,151
265,152
265,153
264,154
264,156
263,157
263,168
262,169
262,172
261,173
261,175
260,176
260,178
259,179
259,193
258,194
258,196
256,198
255,197
255,196
254,195
254,194
253,193
253,192
252,191
252,190
251,189
251,188
250,187
250,186
249,185
249,184
248,183
248,182
247,181
247,180
246,179
246,178
245,177
245,176
244,175
244,174
243,173
243,172
242,171
242,170
241,169
241,168
240,167
240,166
239,165
239,164
238,163
238,161
236,159
236,158
233,155
233,154
232,153
232,151
230,149
230,148
226,144
226,143
224,141
224,140
216,132
216,131
214,129
214,128
182,96
181,96
176,91
176,90
166,80
165,80
163,78
162,78
156,72
155,72
153,70
152,70
150,68
149,68
147,66
146,66
144,64
143,64
141,62
140,62
138,60
137,60
135,58
134,58
132,56
131,56
129,54
128,54
126,52
125,52
123,50
122,50
121,49
120,49
119,48
118,48
116,46
115,46
113,44
112,44
111,43
110,43
109,42
108,42
107,41
106,41
105,40
104,40
103,39
102,39
101,38
100,38
99,37
98,37
97,36
96,36
95,35
94,35
93,34
92,34
91,33
90,33
89,32
88,32
87,31
86,31
85,30
84,30
83,29
81,29
80,28
78,28
77,27
76,27
75,26
73,26
72,25
70,25
69,24
67,24
66,23
63,23
62,22
59,22
