904
339,29
338,30
335,30
334,31
331,31
330,32
327,32
326,33
323,33
322,34
320,34
319,35
318,35
317,36
315,36
314,37
313,37
312,38
310,38
309,39
308,39
307,40
305,40
304,41
303,41
302,42
301,42
293,50
293,51
288,56
288,57
286,59
286,60
283,63
283,64
281,66
281,67
280,68
280,70
279,71
279,72
278,73
278,75
277,76
277,78
276,79
276,80
275,81
275,82
274,83
274,84
273,85
273,87
272,88
272,90
271,91
271,93
270,94
270,96
269,97
269,99
268,100
268,102
267,103
267,104
266,105
266,107
265,108
265,109
264,110
264,112
263,113
263,116
262,117
262,121
261,122
261,128
260,129
260,145
261,146
261,155
262,156
262,163
263,164
263,169
264,170
264,175
265,176
265,179
266,180
266,183
267,184
267,186
268,187
268,190
269,191
269,194
270,195
270,197
271,198
271,201
272,202
272,204
273,205
273,207
274,208
274,210
275,211
275,213
276,214
276,216
277,217
277,219
278,220
278,222
279,223
279,225
280,226
280,227
281,228
281,229
282,230
282,232
283,233
283,234
284,235
284,236
285,237
285,238
286,239
286,240
287,241
287,242
288,243
288,245
289,246
289,247
291,249
291,250
292,251
292,252
293,253
293,254
294,255
294,256
295,257
295,258
296,259
296,260
299,263
299,264
301,266
301,267
302,268
302,269
303,270
303,273
304,274
304,278
303,279
274,279
273,280
268,280
267,281
264,281
263,282
262,282
261,283
260,283
258,285
256,285
255,286
254,286
253,287
252,287
251,288
250,288
249,289
248,289
246,291
245,291
243,293
242,293
239,296
238,296
237,297
236,297
234,299
233,299
232,300
231,300
231,301
220,312
220,313
214,319
213,319
210,322
209,322
206,325
205,325
203,327
202,327
201,328
200,328
197,331
196,331
193,334
192,334
185,341
184,341
183,342
183,343
177,349
176,349
171,354
170,354
168,356
167,356
160,363
159,363
158,364
143,364
142,363
141,363
140,362
139,362
135,358
135,357
134,356
134,355
133,354
133,353
132,352
132,351
131,350
131,348
130,347
130,346
129,345
129,343
128,342
128,341
127,340
127,338
126,337
126,336
125,335
125,334
124,333
124,332
123,331
118,331
117,332
116,332
115,333
114,333
113,334
112,334
110,336
110,337
108,339
108,340
107,341
107,342
106,343
106,345
105,346
105,348
104,349
104,351
103,352
103,353
102,354
102,355
101,356
101,357
98,360
98,361
96,363
96,364
90,370
89,370
87,372
86,372
82,376
81,376
80,377
79,377
78,378
77,378
76,379
75,379
74,380
73,380
71,382
70,382
69,383
68,383
66,385
65,385
60,390
60,391
57,394
57,395
54,398
54,399
51,402
51,403
50,404
50,405
43,412
43,413
40,416
40,417
37,420
37,421
36,422
36,423
34,425
34,426
32,428
32,429
30,431
30,432
29,433
29,434
28,435
28,436
26,438
26,439
24,441
24,442
18,448
18,450
17,451
17,454
18,455
18,458
19,459
19,460
20,461
20,462
21,463
21,464
22,465
22,466
24,468
25,468
27,470
28,470
32,474
33,474
37,478
38,478
39,479
41,479
42,480
45,480
46,481
49,481
50,482
53,482
54,483
74,483
75,484
85,484
86,485
104,485
105,484
109,484
110,483
114,483
115,482
117,482
118,481
120,481
121,480
123,480
124,479
126,479
127,478
128,478
129,477
131,477
132,476
134,476
135,475
136,475
137,474
139,474
140,473
142,473
143,472
145,472
146,471
147,471
148,470
149,470
150,469
152,469
153,468
154,468
155,467
156,467
157,466
158,466
159,465
164,465
165,466
166,466
168,468
168,469
166,471
165,471
163,473
155,473
154,474
151,474
150,475
148,475
147,476
145,476
144,477
143,477
141,479
141,481
140,482
140,484
138,486
137,486
136,487
136,490
137,491
139,491
140,492
141,492
142,493
142,494
143,495
143,497
145,499
150,499
151,498
152,498
153,497
154,497
157,494
158,494
159,495
156,498
156,501
158,503
164,503
165,502
166,502
167,501
169,501
170,500
171,500
172,499
174,499
175,498
177,498
178,497
180,497
181,496
182,496
183,495
184,495
185,494
188,494
189,493
192,493
193,492
195,492
196,491
199,491
200,490
204,490
205,489
209,489
210,488
212,488
213,489
214,489
215,490
213,492
212,492
212,493
209,496
208,496
207,497
207,498
204,501
203,501
200,504
200,505
194,511
194,512
188,518
188,519
186,521
186,522
185,523
185,524
182,527
182,528
177,533
176,533
175,534
174,534
172,536
171,536
170,537
169,537
168,538
167,538
164,541
163,541
161,543
160,543
160,544
158,546
158,547
157,548
157,549
155,551
155,554
159,554
160,553
162,553
163,554
163,557
162,558
162,559
161,560
161,563
167,563
168,562
169,562
172,559
173,559
174,560
174,566
175,567
178,567
187,558
189,558
190,559
190,566
191,567
191,569
192,570
195,570
197,568
197,567
198,566
198,565
199,564
199,563
200,562
200,561
201,560
201,559
202,558
202,556
203,555
203,554
204,553
204,552
205,551
205,550
206,549
206,547
207,546
207,543
208,542
208,539
210,537
210,536
213,533
213,532
218,527
219,527
220,526
221,526
222,525
223,525
224,524
225,524
226,523
227,523
228,522
230,522
231,521
233,521
234,520
236,520
237,519
239,519
240,518
242,518
243,517
244,517
245,516
247,516
248,515
250,515
251,514
252,514
253,513
255,513
256,512
257,512
258,511
259,511
269,501
270,501
272,499
272,498
274,496
274,495
276,493
276,492
280,488
280,487
284,483
284,482
287,479
287,478
288,477
288,476
289,475
289,473
290,472
290,470
291,469
291,467
292,466
292,463
293,462
293,460
294,459
294,455
295,454
295,449
296,448
296,445
297,444
297,443
301,439
302,439
303,438
305,438
306,437
315,437
316,436
317,436
318,435
319,435
320,434
322,434
327,439
328,439
329,440
330,440
332,442
333,442
334,443
336,443
337,444
339,444
340,445
341,445
343,447
343,448
339,452
339,453
331,461
331,462
330,463
330,464
329,465
329,466
328,467
328,468
327,469
327,474
328,475
332,475
332,474
333,473
333,472
334,471
335,472
335,475
334,476
334,478
333,479
333,480
334,481
334,483
337,483
339,481
340,481
340,480
341,479
343,481
343,483
344,484
344,486
345,487
345,488
349,488
349,483
350,482
350,481
352,479
353,480
353,481
354,482
354,484
355,485
355,486
356,487
357,487
358,488
363,488
364,487
364,483
363,482
363,471
365,469
368,472
368,473
369,474
369,475
371,477
377,477
377,468
376,467
376,462
375,461
375,456
374,455
374,451
373,450
373,418
374,417
374,402
375,401
375,387
376,386
376,372
377,371
377,360
378,359
378,354
377,353
377,347
376,346
376,341
375,340
375,335
374,334
374,329
373,328
373,309
372,308
372,300
371,299
371,292
370,291
370,288
369,287
369,283
368,282
368,279
367,278
367,275
366,274
366,271
365,270
365,266
364,265
364,261
363,260
363,258
362,257
362,254
361,253
361,249
360,248
360,244
359,243
359,238
358,237
358,233
357,232
357,227
356,226
356,221
355,220
355,216
354,215
354,211
353,210
353,207
352,206
352,202
351,201
351,198
350,197
350,193
349,192
349,188
348,187
348,183
347,182
347,179
346,178
346,142
347,141
347,137
348,136
348,132
349,131
349,128
350,127
350,126
353,123
354,123
355,122
356,122
357,121
358,121
359,120
362,120
363,119
365,119
366,118
367,118
368,117
369,117
370,116
371,116
374,113
375,113
377,111
378,111
381,108
382,108
387,103
387,102
388,101
388,99
389,98
389,97
390,96
390,95
391,94
391,93
392,92
392,90
393,89
393,86
394,85
394,81
395,80
395,67
393,65
393,64
392,63
392,61
391,60
391,59
390,58
390,56
389,55
389,53
388,52
388,51
386,49
385,49
384,48
383,48
382,47
381,47
380,46
379,46
375,42
374,42
370,38
369,38
365,34
364,34
363,33
362,33
360,31
358,31
357,30
354,30
353,29
339,29
