886
475,52
474,53
471,53
470,54
467,54
466,55
464,55
463,56
461,56
460,57
458,57
457,58
455,58
454,59
453,59
451,61
450,61
449,62
448,62
447,63
446,63
444,65
444,66
439,71
438,71
430,79
430,80
429,81
429,82
425,86
425,87
422,90
421,90
420,91
420,92
417,95
416,95
414,97
413,97
412,98
412,99
411,100
411,101
410,102
410,103
400,113
400,114
397,117
397,118
396,119
396,120
393,123
393,124
388,129
388,130
382,136
382,137
379,140
375,140
374,141
372,141
371,142
370,142
368,144
367,144
366,145
365,145
361,149
360,149
354,155
353,155
352,156
352,157
349,160
348,160
339,169
338,169
338,170
336,172
335,172
334,173
333,173
333,174
325,182
324,182
322,184
321,184
320,185
319,185
318,186
317,186
316,187
315,187
313,189
312,189
310,191
308,191
307,192
305,192
302,195
301,195
300,196
298,196
297,197
296,197
294,199
293,199
291,201
290,201
289,202
288,202
284,206
283,206
280,209
279,209
274,214
273,214
271,216
267,216
266,215
264,215
263,216
260,216
259,217
254,217
253,218
251,218
250,219
249,219
248,220
246,220
244,222
242,222
241,221
241,220
243,218
243,217
246,214
246,213
247,212
247,211
248,210
248,204
247,204
244,201
244,199
243,198
241,198
240,197
230,197
228,195
228,194
227,194
224,191
223,191
222,190
220,190
219,189
218,190
212,190
209,187
209,186
208,186
207,185
206,185
205,184
204,184
203,183
202,183
201,182
199,182
198,181
197,181
196,180
196,178
197,177
197,176
199,174
199,167
200,166
200,164
203,161
204,161
204,156
202,154
202,145
203,144
203,141
204,140
204,139
206,137
206,136
207,135
207,123
206,122
206,118
205,117
205,114
204,113
203,113
202,112
198,112
197,113
195,113
194,114
193,114
189,118
188,118
186,120
186,121
180,127
179,127
178,128
177,128
175,130
175,131
169,137
168,137
168,138
159,147
159,148
156,151
155,151
155,152
150,157
150,158
149,159
149,160
146,163
145,163
145,164
144,165
144,166
141,169
141,170
137,174
137,175
135,177
135,178
132,181
132,182
131,183
131,184
129,186
129,187
128,188
128,189
127,190
127,191
123,195
123,196
122,197
122,198
119,201
119,202
118,203
118,204
117,205
117,206
114,209
114,210
113,211
113,212
112,213
112,214
111,215
111,216
110,217
110,218
109,219
109,220
108,221
108,222
107,223
107,224
105,226
105,227
104,228
104,229
103,230
103,232
102,233
102,234
100,236
100,237
99,238
99,239
98,240
98,241
97,242
97,243
96,244
96,245
95,246
95,248
94,249
94,251
93,252
93,253
90,256
89,256
86,259
86,261
85,262
85,265
83,267
83,268
82,269
82,272
81,273
81,280
80,281
80,286
79,287
79,289
78,290
78,295
77,296
77,298
76,299
76,301
75,302
75,303
74,304
74,307
73,308
73,309
74,310
74,312
75,313
75,314
76,315
76,316
77,317
77,322
76,323
76,329
77,330
77,332
79,334
79,335
82,338
83,338
84,339
86,339
87,340
90,340
91,341
95,341
96,342
98,342
99,343
100,343
101,344
103,344
104,345
106,345
109,348
110,348
112,350
112,351
113,352
113,354
114,355
114,359
113,360
113,376
112,377
112,380
111,381
111,383
109,385
109,386
108,387
108,390
107,391
107,392
105,394
105,396
104,397
104,398
102,400
102,405
100,407
100,408
99,409
99,410
98,411
98,413
97,414
97,415
95,417
95,418
94,419
94,421
93,422
93,423
91,425
91,427
90,428
90,430
89,431
89,433
88,434
88,436
87,437
87,438
86,439
86,441
85,442
85,450
84,451
84,461
85,462
85,471
86,472
86,475
87,476
87,478
88,479
88,481
89,482
89,484
90,485
90,487
91,488
91,489
92,490
92,492
93,493
93,495
94,496
94,522
95,523
95,526
96,527
96,529
97,530
97,531
99,533
102,533
103,532
104,532
106,530
107,530
108,531
113,531
115,529
115,528
116,527
116,526
119,523
119,522
123,518
123,517
124,516
124,515
128,511
128,510
130,508
130,507
133,504
133,503
140,496
140,495
143,492
143,491
146,488
147,488
148,487
153,487
157,483
159,483
160,482
161,482
163,480
164,480
165,479
166,479
167,478
169,478
174,473
175,473
176,472
177,472
180,469
182,469
183,468
185,468
186,467
187,467
188,466
190,466
191,465
195,465
196,464
199,464
200,463
202,463
205,460
206,460
207,459
209,459
210,458
211,458
212,457
213,457
214,456
216,456
219,453
220,453
223,450
226,450
227,451
227,452
228,453
228,454
230,456
230,458
231,459
231,460
232,461
232,462
234,464
235,464
236,465
238,465
240,467
241,467
242,468
249,468
250,467
255,467
256,466
262,466
263,467
276,467
277,466
280,466
281,465
289,465
290,464
294,464
295,463
298,463
299,462
300,462
301,461
302,461
303,460
305,460
306,459
307,459
308,458
309,458
310,457
311,457
312,456
315,456
316,455
319,455
320,454
322,454
323,453
325,453
326,452
328,452
329,451
332,451
333,450
335,450
338,447
347,447
348,446
350,446
351,445
353,445
354,444
355,444
356,443
358,443
360,441
361,441
362,440
364,440
365,439
366,439
368,437
369,437
370,436
372,436
373,435
374,435
376,433
377,433
378,432
379,432
380,431
381,431
383,429
384,429
385,428
386,428
387,427
390,427
391,426
394,426
397,423
398,423
399,422
401,422
401,421
404,418
406,418
407,417
408,417
409,416
410,416
412,414
414,414
416,412
417,412
422,407
423,407
425,405
426,405
427,404
428,404
429,403
430,403
432,401
433,401
434,400
435,400
436,399
438,399
441,396
442,396
444,394
445,394
451,388
452,388
453,387
454,387
457,384
458,384
460,382
462,382
467,377
468,377
469,376
470,376
480,366
481,366
482,365
483,365
495,353
495,352
498,349
499,349
500,348
500,347
507,340
507,339
508,338
508,337
510,335
510,334
513,331
514,331
515,330
516,330
520,326
520,325
524,321
524,320
525,319
525,311
522,308
520,308
519,307
515,307
514,308
502,308
501,307
499,307
498,306
494,306
493,307
490,307
489,308
486,308
485,309
484,309
482,311
481,311
478,314
470,314
469,315
466,315
465,316
463,316
462,317
461,317
460,318
459,318
458,319
454,319
452,317
452,316
451,315
447,315
446,316
445,316
445,317
444,318
444,319
442,321
438,321
437,322
435,322
434,323
428,323
426,325
425,325
424,326
423,326
422,327
421,327
420,328
417,328
415,326
415,324
414,323
414,322
413,321
412,321
411,320
410,320
408,318
408,317
406,317
405,316
400,316
399,315
399,311
400,310
400,306
399,306
398,305
397,305
396,304
394,304
393,303
392,303
390,301
388,301
387,300
386,300
385,299
385,298
384,297
384,291
381,288
379,288
378,287
377,287
375,285
369,285
368,286
366,286
364,288
363,288
361,290
360,290
359,289
359,285
362,282
362,280
365,277
365,276
366,275
366,273
368,271
368,268
369,267
369,265
372,262
372,261
373,260
373,257
374,256
374,254
375,253
375,249
376,248
376,245
377,244
377,242
378,241
378,239
379,238
379,237
380,236
380,235
381,234
381,232
382,231
382,229
383,228
383,226
384,225
384,223
385,222
385,221
386,220
386,218
389,215
389,214
390,213
390,211
391,210
391,209
394,206
394,204
395,203
395,201
398,198
398,196
402,192
402,191
413,180
413,179
426,166
427,166
433,160
434,160
451,143
452,143
467,128
468,128
470,126
471,126
471,125
472,124
472,123
476,119
476,118
480,114
481,114
485,110
485,109
488,106
490,106
491,105
491,104
494,101
495,101
495,100
498,97
498,96
499,95
499,94
502,91
503,91
504,90
504,71
503,70
503,69
502,69
500,67
500,61
498,59
496,59
495,58
494,58
493,59
490,59
489,60
487,60
483,56
483,55
481,53
479,53
478,52
475,52
