806
170,45
169,46
167,46
166,47
164,47
163,48
161,48
160,49
159,49
154,54
153,54
152,55
151,55
150,56
150,57
149,58
149,59
146,62
146,63
145,64
145,65
143,67
143,68
142,69
142,71
141,72
141,74
140,75
140,93
141,94
141,96
142,97
142,99
143,100
143,102
144,103
144,104
145,105
145,106
146,107
146,108
157,119
158,119
159,120
160,120
161,121
162,121
163,122
165,122
166,123
168,123
169,124
171,124
172,125
174,125
177,128
177,131
174,134
174,135
173,136
173,137
168,142
168,143
167,144
167,146
166,147
166,149
165,150
165,152
164,153
164,157
163,158
163,160
162,161
162,181
163,182
163,184
164,185
164,191
165,192
165,194
166,195
166,199
167,200
167,202
168,203
168,205
169,206
169,208
170,209
170,215
171,216
171,218
172,219
172,227
171,228
171,230
170,231
170,233
169,234
169,236
168,237
168,239
167,240
167,241
166,242
166,243
165,244
165,245
164,246
164,247
163,248
163,250
162,251
162,255
161,256
161,258
160,259
160,263
159,264
159,266
158,267
158,279
157,280
157,282
156,283
156,295
155,296
155,298
154,299
154,321
155,322
155,324
156,325
156,331
157,332
157,334
158,335
158,339
159,340
159,342
160,343
160,344
161,345
161,346
162,347
162,348
163,349
163,350
164,351
164,352
165,353
165,354
166,355
166,365
165,366
165,368
164,369
164,373
163,374
163,376
162,377
162,379
161,380
161,381
158,384
157,384
156,385
138,385
137,386
135,386
134,387
132,387
131,388
130,388
128,390
127,390
126,391
116,391
115,392
113,392
112,393
108,393
107,394
105,394
104,395
103,395
100,398
100,399
96,403
94,403
93,404
91,404
90,405
88,405
87,406
85,406
84,407
83,407
81,409
81,411
80,412
80,413
81,414
81,416
83,416
84,417
86,417
87,418
93,418
94,419
96,419
97,420
99,420
100,421
102,421
103,422
107,422
108,423
110,423
111,424
115,424
116,425
118,425
119,426
171,426
172,425
174,425
175,424
177,424
178,423
179,423
180,422
181,422
182,421
183,421
186,418
187,418
188,417
189,417
194,412
194,411
195,410
195,409
198,406
198,405
199,404
199,403
200,402
200,401
202,399
206,399
207,400
208,400
211,403
212,403
213,404
214,404
215,405
216,405
217,406
218,406
221,409
222,409
223,410
224,410
225,411
226,411
227,412
228,412
229,413
230,413
231,414
232,414
233,415
234,415
235,416
236,416
237,417
238,417
239,418
241,418
242,419
244,419
245,420
246,420
247,421
248,421
249,422
251,422
252,423
254,423
255,424
259,424
260,425
262,425
263,426
265,426
266,427
268,427
269,428
273,428
274,429
276,429
277,430
285,430
286,431
288,431
289,432
297,432
298,433
300,433
301,434
367,434
368,433
370,433
371,432
393,432
394,431
396,431
397,430
405,430
406,429
408,429
409,428
413,428
414,427
416,427
417,426
419,426
420,425
422,425
423,424
425,424
426,423
427,423
428,422
429,422
430,421
432,421
433,420
435,420
436,419
437,419
440,416
441,416
442,415
443,415
444,414
445,414
446,413
447,413
466,394
466,393
467,392
467,391
470,388
470,387
471,386
471,385
472,384
472,383
473,382
473,381
474,380
474,379
475,378
475,377
476,376
476,375
477,374
477,372
478,371
478,369
479,368
479,366
480,365
480,363
481,362
481,358
482,357
482,355
483,354
483,320
482,319
482,317
481,316
481,308
480,307
480,305
479,304
479,300
478,299
478,298
477,297
477,296
476,295
476,294
475,293
475,292
474,291
474,290
473,289
473,288
472,287
472,286
469,283
469,282
468,281
468,280
465,277
465,276
464,275
464,274
461,271
461,270
460,269
460,268
459,267
459,266
458,265
458,264
455,261
455,259
454,258
455,257
455,256
458,253
460,253
461,252
467,252
468,251
470,251
471,250
479,250
480,249
482,249
483,248
485,248
486,247
487,247
488,246
489,246
490,245
491,245
492,244
493,244
494,243
495,243
500,238
501,238
502,237
503,237
506,234
507,234
507,233
512,228
512,227
513,226
513,225
514,224
514,223
515,222
515,220
516,219
516,217
517,216
517,214
518,213
518,211
519,210
519,198
517,198
516,197
514,197
513,198
511,198
510,199
507,199
506,200
504,200
502,202
501,202
500,203
486,203
485,204
483,204
482,205
480,205
479,206
477,206
476,207
475,207
474,208
473,208
472,209
468,209
467,208
465,208
464,207
463,208
461,208
460,209
458,209
457,210
455,210
454,211
453,211
447,217
444,217
442,215
442,214
441,213
441,212
440,211
440,209
439,208
439,206
438,205
438,204
437,203
437,202
436,201
436,200
433,197
432,197
431,196
429,196
428,195
425,195
421,191
421,190
420,189
420,188
412,180
411,180
410,179
408,179
407,178
406,178
403,175
403,174
402,173
402,172
399,169
399,168
398,167
398,166
397,165
396,165
395,164
394,164
390,160
387,160
387,161
386,162
386,163
385,164
385,165
384,166
384,167
383,168
383,170
382,171
382,199
383,200
383,202
384,203
384,205
385,206
385,208
386,209
386,210
387,211
387,212
388,213
388,214
389,215
389,216
390,217
390,218
391,219
391,220
392,220
395,223
395,224
396,225
396,226
399,229
400,229
401,230
402,230
409,237
410,237
413,240
413,243
408,248
407,248
407,249
406,250
406,251
405,252
405,253
398,260
398,261
397,262
397,263
396,264
396,265
395,266
395,267
392,270
392,271
391,272
391,273
390,274
390,275
389,276
389,278
388,279
388,281
387,282
387,284
386,285
386,291
385,292
385,294
384,295
384,311
382,313
379,313
377,311
377,310
376,309
376,308
369,301
368,301
367,300
366,300
363,297
362,297
361,296
360,296
359,295
358,295
357,294
356,294
355,293
354,293
353,292
351,292
350,291
348,291
347,290
345,290
344,289
340,289
339,288
337,288
336,287
326,287
325,286
323,286
322,285
304,285
303,286
301,286
300,287
278,287
277,286
276,286
275,285
274,285
273,284
272,284
271,283
270,283
269,282
268,282
265,279
265,278
264,277
264,276
263,275
263,274
262,273
262,271
261,270
261,268
260,267
260,265
259,264
259,258
260,257
260,255
261,254
261,250
262,249
262,247
263,246
263,244
264,243
264,241
265,240
265,239
266,238
266,237
267,236
267,234
268,233
268,231
269,230
269,228
270,227
270,225
271,224
271,194
270,193
270,191
269,190
269,188
268,187
268,186
267,185
267,184
266,183
266,182
263,179
263,178
262,177
262,176
257,171
257,170
254,167
254,166
249,161
248,161
247,160
246,160
245,159
244,159
243,158
242,158
241,157
240,157
239,156
237,156
236,155
234,155
233,154
231,154
230,153
228,153
227,152
226,152
225,151
224,151
223,150
222,150
211,139
211,138
210,137
210,136
207,133
207,132
206,131
206,130
200,124
200,121
202,119
203,119
214,108
214,107
215,106
215,105
216,104
216,103
217,102
217,100
218,99
218,97
219,96
219,72
218,71
218,70
217,69
217,68
216,67
216,66
215,65
215,64
214,63
214,62
209,57
209,56
207,54
206,54
201,49
200,49
199,48
197,48
196,47
194,47
193,46
191,46
190,45
