776
518,22
515,25
514,25
509,30
509,31
503,37
503,38
497,44
497,45
491,51
491,52
484,59
484,60
476,68
476,69
467,78
467,79
459,87
459,88
445,102
445,103
429,119
429,120
426,123
425,123
423,125
422,125
420,127
419,127
417,129
416,129
414,131
413,131
411,133
410,133
408,135
407,135
405,137
404,137
402,139
401,139
399,141
398,141
396,143
395,143
393,145
392,145
390,147
389,147
386,150
385,150
383,152
382,152
379,155
378,155
377,156
373,156
372,157
359,157
358,158
347,158
346,159
338,159
337,160
330,160
329,161
322,161
321,162
314,162
313,163
306,163
305,164
299,164
298,165
295,165
294,166
291,166
290,167
287,167
286,168
283,168
282,169
279,169
278,170
275,170
274,171
271,171
270,172
267,172
266,173
263,173
262,174
259,174
258,175
255,175
254,176
251,176
250,177
247,177
246,178
244,178
243,179
242,179
241,180
240,180
239,181
238,181
237,182
236,182
235,183
233,183
232,184
231,184
230,185
229,185
228,186
227,186
226,187
225,187
224,188
223,188
222,189
220,189
219,190
218,190
217,191
216,191
215,192
214,192
213,193
212,193
211,194
210,194
209,195
208,195
207,196
205,196
204,197
203,197
202,198
201,198
200,199
199,199
198,200
197,200
196,201
195,201
194,202
193,202
192,203
190,203
189,204
188,204
186,206
185,206
183,208
182,208
181,209
180,209
177,212
176,212
174,214
173,214
172,215
171,215
169,217
168,217
165,220
164,220
133,251
133,252
129,256
129,257
124,262
124,263
119,268
119,269
115,273
115,274
106,283
105,283
104,284
103,284
102,285
101,285
98,282
97,282
91,276
90,276
87,273
85,273
84,272
83,272
82,271
80,271
79,270
77,270
76,269
75,269
74,268
73,268
72,267
70,267
69,266
62,266
61,267
54,267
53,268
52,268
48,272
48,273
45,276
45,277
42,280
42,281
40,283
40,286
39,287
39,291
38,292
38,295
37,296
37,300
36,301
36,322
33,325
32,325
29,328
28,328
25,331
24,331
21,334
21,340
22,341
24,341
25,342
27,342
28,343
30,343
33,346
33,349
34,350
34,354
35,355
35,359
36,360
36,363
37,364
37,366
38,367
38,368
39,369
39,371
40,372
40,374
41,375
41,376
46,381
47,381
51,385
52,385
55,388
56,388
58,390
58,394
57,395
57,403
58,404
58,405
59,406
62,406
63,405
68,405
69,404
73,404
74,403
75,403
76,402
77,402
80,399
80,398
82,396
82,395
83,394
83,393
85,391
85,390
86,389
86,388
88,386
88,385
89,384
89,383
92,380
95,380
96,381
99,381
100,382
102,382
103,383
106,383
107,384
110,384
111,385
112,385
115,388
116,388
122,394
123,394
126,397
166,397
167,396
168,396
169,395
170,395
171,394
172,394
173,393
174,393
176,391
177,391
178,390
179,390
180,389
181,389
183,387
202,387
203,388
204,388
207,391
208,391
211,394
212,394
215,397
216,397
218,399
221,399
222,400
225,400
226,401
230,401
231,402
234,402
235,403
238,403
239,404
242,404
243,405
247,405
248,406
251,406
252,407
256,407
257,408
260,408
261,409
264,409
265,410
268,410
269,411
272,411
273,412
276,412
277,413
281,413
282,414
285,414
286,415
289,415
290,416
293,416
294,417
296,417
297,418
300,418
301,419
304,419
305,420
309,420
310,421
313,421
314,422
317,422
318,423
321,423
323,425
322,426
321,426
320,427
319,427
317,429
316,429
314,431
313,431
311,433
310,433
309,434
308,434
306,436
305,436
303,438
301,438
300,439
295,439
294,440
289,440
288,441
282,441
281,442
274,442
273,443
264,443
263,444
254,444
253,445
244,445
243,446
239,446
238,447
237,447
236,448
235,448
234,449
233,449
232,450
231,450
230,451
229,451
228,452
227,452
226,453
225,453
224,454
223,454
222,455
221,455
217,459
217,460
214,463
214,466
215,466
216,467
218,467
219,468
221,468
222,469
227,469
228,468
230,468
231,467
234,467
235,466
237,466
238,465
240,465
241,464
244,464
245,463
247,463
248,462
251,462
252,461
254,461
255,460
292,460
293,461
294,461
295,462
296,462
297,463
298,463
299,464
300,464
301,465
302,465
303,466
304,466
305,467
306,467
307,468
308,468
309,469
310,469
311,470
312,470
313,471
315,471
316,472
317,472
318,473
320,473
321,474
323,474
324,473
324,446
325,445
325,444
328,441
329,441
333,437
334,437
336,435
338,435
339,434
340,434
341,433
343,433
344,432
347,432
348,431
352,431
353,430
357,430
358,429
362,429
363,428
365,428
366,427
367,427
368,426
369,426
371,424
372,424
373,423
374,423
375,422
376,422
377,421
378,421
380,419
381,419
382,418
383,418
384,417
385,417
387,415
388,415
389,414
390,414
392,412
393,412
394,411
395,411
396,410
397,410
399,408
400,408
401,407
402,407
404,405
405,405
407,403
408,403
410,401
411,401
414,398
415,398
418,395
419,395
422,392
423,392
425,390
426,390
429,387
430,387
433,384
434,384
438,380
439,380
443,376
444,376
449,371
450,371
454,367
455,367
455,366
457,364
457,363
458,362
458,361
459,360
459,359
460,358
460,357
461,356
461,354
462,353
462,352
463,351
463,350
464,349
464,348
465,347
465,346
466,345
466,344
467,343
467,342
468,341
468,340
469,339
469,338
470,337
470,336
471,335
471,333
472,332
472,331
473,330
473,329
474,328
474,327
475,326
475,324
476,323
476,321
477,320
477,317
478,316
478,314
479,313
479,311
480,310
480,307
481,306
481,304
482,303
482,300
483,299
483,297
484,296
484,294
485,293
485,292
486,291
486,290
487,289
487,288
488,287
488,286
489,285
489,284
491,282
491,281
492,280
492,279
494,277
495,277
497,275
498,275
499,274
500,274
501,273
502,273
504,271
505,271
506,270
507,270
514,263
514,245
515,244
515,241
516,240
516,239
517,238
517,237
518,236
518,235
519,234
519,233
520,232
520,231
521,230
521,229
522,228
522,227
523,226
523,225
526,222
526,221
538,209
538,208
539,207
539,204
540,203
540,200
541,199
541,196
542,195
542,193
543,192
543,189
544,188
544,185
545,184
545,181
546,180
546,176
547,175
547,170
548,169
548,164
549,163
549,158
550,157
550,155
549,154
549,149
548,148
548,138
549,137
549,129
550,128
550,122
551,121
551,115
552,114
551,113
551,110
550,109
550,108
549,107
549,105
548,104
548,102
547,101
547,100
546,99
546,95
545,94
545,84
544,83
544,77
543,76
543,73
542,72
542,69
541,68
541,65
540,64
540,61
539,60
539,59
537,57
537,56
536,55
536,54
535,53
535,52
534,51
534,50
532,48
532,47
531,46
531,45
530,44
530,43
529,42
529,41
528,40
528,39
527,38
527,37
526,36
526,34
525,33
525,32
524,31
524,29
523,28
523,27
522,26
522,24
521,23
521,22
518,22
