973
430,21
429,22
426,22
425,23
424,23
423,24
422,24
421,25
419,25
418,26
415,26
414,27
409,27
408,28
404,28
403,29
400,29
399,30
396,30
395,31
392,31
391,32
390,32
389,33
386,33
385,34
382,34
381,35
379,35
378,36
376,36
375,37
373,37
372,38
371,38
370,39
369,39
368,40
366,40
365,41
364,41
363,42
361,42
360,43
358,43
357,44
356,44
354,46
353,46
352,47
350,47
349,48
348,48
346,50
345,50
340,55
339,55
336,58
335,58
333,60
332,60
330,62
329,62
326,65
325,65
325,66
319,72
318,72
316,74
315,74
315,75
314,76
314,77
313,78
313,79
310,82
309,82
307,84
306,84
305,85
303,85
302,86
301,86
292,95
291,95
286,100
279,100
278,101
276,101
275,102
273,102
272,103
270,103
269,104
265,104
264,105
251,105
250,106
244,106
243,105
241,105
240,104
239,104
237,102
236,102
235,101
234,101
232,99
231,99
230,98
229,98
227,96
225,96
224,95
189,95
188,94
177,94
176,95
174,95
172,97
171,97
170,98
169,98
168,99
167,99
166,100
165,100
164,101
162,101
161,102
154,102
153,101
150,101
149,100
137,100
136,101
134,101
133,102
132,102
132,103
131,104
131,105
128,108
125,108
124,109
116,109
112,105
111,105
110,104
109,104
108,103
106,103
105,102
102,102
101,101
95,101
94,102
91,102
90,103
89,103
88,104
88,105
87,106
87,107
86,108
86,109
85,110
85,113
84,114
84,118
83,119
83,120
82,121
82,122
76,128
75,128
68,135
68,136
63,141
63,142
58,147
58,148
57,149
57,150
56,151
56,152
54,154
54,155
53,156
53,157
52,158
52,160
51,161
51,163
50,164
50,165
49,166
49,168
48,169
48,181
47,182
47,185
45,187
45,188
44,189
44,190
43,191
43,192
42,193
42,194
41,195
41,197
35,203
35,204
34,205
34,206
32,208
32,209
30,211
30,212
28,214
28,215
26,217
26,218
25,219
25,220
24,221
24,222
23,223
23,224
22,225
22,227
21,228
21,229
20,230
20,231
19,232
19,235
18,236
18,245
19,246
19,248
23,252
24,252
28,256
29,256
34,261
34,263
35,264
35,265
40,270
41,270
43,272
43,273
44,274
44,283
45,284
45,286
46,287
46,288
48,290
48,291
56,299
69,299
70,298
74,298
75,297
77,297
78,296
79,296
80,295
81,295
82,294
83,294
84,293
85,293
86,292
87,292
88,291
90,291
91,290
93,290
95,288
96,288
97,287
98,287
101,284
103,284
104,283
108,283
109,282
115,282
116,281
118,281
119,280
132,280
133,281
136,281
137,282
138,282
139,283
142,283
143,284
166,284
167,285
167,288
166,289
166,292
165,293
165,295
164,296
164,299
163,300
163,301
162,302
162,303
160,305
160,306
158,308
158,309
156,311
156,312
154,314
154,315
151,318
151,319
149,321
149,322
142,329
142,330
141,331
141,332
140,333
140,334
139,335
139,336
138,337
138,339
137,340
137,342
136,343
136,345
135,346
135,347
131,351
131,352
125,358
125,359
117,367
116,367
115,368
113,368
112,369
110,369
109,370
108,370
107,371
105,371
104,372
102,372
101,373
100,373
99,374
97,374
96,375
95,375
94,376
93,376
93,377
86,384
82,384
81,385
79,385
76,388
75,388
71,392
70,392
69,393
67,393
66,394
64,394
61,397
61,398
60,399
60,400
58,402
58,403
57,404
57,406
56,407
56,415
57,416
57,418
58,419
58,420
59,421
59,422
61,424
62,424
63,425
70,425
71,426
76,426
77,427
84,427
85,428
106,428
107,427
120,427
121,428
158,428
159,427
160,427
161,428
167,428
168,427
173,427
175,429
180,429
181,428
182,428
183,427
184,427
185,426
186,426
187,425
188,425
192,421
192,420
197,415
208,415
211,412
211,411
212,410
212,409
213,408
213,407
214,406
214,405
216,403
217,403
218,402
221,402
222,401
245,401
246,400
250,400
251,399
259,399
260,398
263,398
264,397
267,397
268,396
271,396
272,395
273,395
274,394
277,394
278,393
281,393
283,391
286,391
287,390
291,390
292,389
301,389
303,387
303,386
305,384
305,382
306,381
306,380
307,379
307,378
308,377
308,375
309,374
309,371
310,370
310,367
312,365
312,364
317,359
319,359
320,358
324,358
325,357
326,357
327,356
328,356
329,355
330,355
337,348
338,348
338,347
345,340
346,340
347,339
348,339
350,337
352,337
353,336
354,336
355,335
356,335
358,333
359,333
362,330
362,328
367,323
368,323
369,322
371,322
372,321
372,320
376,316
376,315
378,313
378,312
379,311
379,310
381,308
381,307
384,304
384,303
386,301
387,302
387,321
386,322
386,324
385,325
385,327
384,328
384,329
383,330
383,331
382,332
382,334
381,335
381,336
378,339
378,340
377,341
377,342
375,344
375,345
374,346
374,348
373,349
373,350
371,352
371,353
370,354
370,355
369,356
369,357
368,358
368,359
367,360
367,361
365,363
365,364
364,365
364,366
361,369
361,370
352,379
351,379
350,380
349,380
348,381
347,381
346,382
345,382
344,383
342,383
341,384
340,384
339,385
338,385
337,386
336,386
335,387
335,388
332,391
332,392
331,393
331,396
330,397
330,398
331,399
331,404
332,405
332,407
334,409
335,409
339,413
346,413
347,412
368,412
369,411
370,411
371,410
372,411
386,411
387,410
391,410
393,408
393,407
396,404
396,403
397,402
397,401
399,399
399,398
405,392
405,391
407,389
407,388
408,387
408,386
409,385
409,384
410,383
410,382
412,380
412,378
413,377
413,376
417,372
417,371
418,370
418,369
421,366
421,365
422,364
422,363
423,362
423,360
424,359
424,358
425,357
425,356
427,354
427,353
434,346
434,345
438,341
438,340
446,332
447,333
447,339
446,340
446,342
445,343
445,344
442,347
442,349
441,350
441,356
437,360
437,361
432,366
432,367
431,368
431,369
430,370
430,371
429,372
429,373
428,374
428,376
427,377
427,378
426,379
426,380
424,382
424,383
423,384
423,385
419,389
418,389
413,394
413,396
412,397
413,398
413,400
414,401
414,406
415,407
415,410
416,411
416,412
417,413
422,413
423,414
475,414
475,412
476,411
476,410
482,404
482,380
483,379
483,378
484,377
484,376
485,375
485,374
486,373
486,372
487,371
487,369
488,368
488,366
489,365
489,362
490,361
490,355
491,354
491,350
492,349
492,313
493,312
493,306
492,305
492,296
493,295
493,287
494,286
494,281
495,280
495,279
496,278
497,278
498,279
498,280
499,281
499,284
500,285
500,288
501,289
501,290
502,291
502,292
503,293
503,294
504,295
504,296
505,297
505,299
506,300
506,301
508,303
508,304
509,305
509,306
510,307
510,308
512,310
512,311
515,314
515,315
518,318
518,319
521,322
523,322
524,323
526,323
528,325
529,325
531,327
531,328
530,329
522,329
521,328
520,328
519,327
516,327
515,326
513,326
512,327
510,327
509,328
508,328
508,329
507,330
507,333
506,334
506,338
507,339
507,341
508,342
508,343
511,346
512,346
513,347
515,347
516,348
518,348
519,349
523,349
524,350
527,350
528,351
531,351
532,352
549,352
550,351
552,351
553,350
554,350
554,349
555,348
555,346
556,345
556,344
557,343
557,334
558,333
558,319
557,318
557,316
550,309
550,307
547,304
547,303
544,300
544,299
543,298
543,297
541,295
541,294
540,293
540,292
539,291
539,290
538,289
538,287
537,286
537,285
535,283
535,282
533,280
533,279
532,278
532,277
531,276
531,274
529,272
529,270
528,269
528,268
525,265
525,264
524,263
524,262
523,261
523,260
522,259
522,234
523,233
523,230
524,229
524,227
525,226
525,223
526,222
526,220
527,219
527,218
528,217
528,215
529,214
529,212
530,211
530,209
531,208
531,206
532,205
532,203
533,202
533,199
534,198
534,195
535,194
535,193
536,192
536,190
537,189
537,188
538,187
538,185
539,184
539,179
540,178
540,171
541,170
541,134
540,133
540,129
539,128
539,126
538,125
538,123
537,122
537,121
536,120
536,118
535,117
535,114
534,113
534,111
533,110
533,107
532,106
532,103
531,102
531,74
530,73
530,66
529,65
529,63
528,62
528,61
527,60
527,58
526,57
526,56
524,54
524,53
521,50
521,49
519,47
519,46
515,42
514,42
513,41
512,41
510,39
509,39
507,37
506,37
505,36
504,36
502,34
501,34
500,33
498,33
497,32
496,32
495,31
493,31
492,30
491,30
490,29
488,29
487,28
486,28
485,27
484,27
483,26
481,26
480,25
479,25
478,24
476,24
475,23
472,23
471,22
464,22
463,21
430,21
