1016
142,34
141,35
138,35
137,36
136,36
135,37
134,37
133,38
132,38
131,39
130,39
127,42
126,42
125,43
124,43
123,44
122,44
121,45
120,45
119,46
118,46
117,47
116,47
115,48
113,48
112,49
111,49
108,52
107,52
104,55
103,55
103,56
101,58
101,59
100,60
100,61
99,62
99,63
98,64
98,65
97,66
97,68
96,69
96,70
95,71
95,72
94,73
94,74
93,75
93,76
84,85
84,86
83,87
83,88
82,89
82,90
81,91
81,92
80,93
80,94
79,95
79,97
78,98
78,101
79,102
79,109
80,110
80,112
81,113
81,114
86,119
87,119
91,123
91,124
92,125
92,127
93,128
93,129
94,130
94,132
95,133
95,135
96,136
96,138
97,139
97,140
98,141
98,142
100,144
100,145
104,149
104,150
105,151
105,160
103,162
103,164
102,165
102,174
103,175
103,178
104,179
104,180
105,181
105,184
102,187
101,187
99,189
98,189
97,190
96,190
94,192
93,192
92,193
91,193
90,194
89,194
88,195
86,195
85,196
84,196
82,198
80,198
79,199
78,199
76,201
75,201
69,207
68,207
66,209
65,209
64,210
63,210
62,211
61,211
58,214
57,214
50,221
49,221
48,222
48,223
46,225
46,226
45,227
45,230
44,231
44,245
43,246
43,247
42,248
42,250
41,251
41,252
40,253
40,254
37,257
37,258
36,259
36,260
35,261
35,263
34,264
34,267
33,268
33,275
34,276
34,278
35,279
35,281
36,282
36,283
37,284
37,285
39,287
39,288
42,291
42,292
44,292
45,293
46,293
48,295
62,295
62,294
63,293
63,289
64,288
64,279
65,278
65,277
66,276
66,275
67,274
67,273
72,268
73,268
74,267
75,267
78,264
78,260
79,259
79,250
81,248
82,248
83,247
85,247
86,246
86,244
87,243
87,242
88,241
89,241
90,240
95,240
96,239
98,239
99,238
102,238
103,237
108,237
109,236
113,236
114,235
120,235
121,234
124,234
125,233
127,233
129,231
131,231
132,230
135,230
136,229
139,229
140,228
144,228
145,227
148,227
149,226
158,226
159,225
161,225
162,224
163,224
164,223
167,223
168,222
169,222
170,221
172,221
173,220
175,220
176,221
177,221
179,223
180,223
183,226
183,227
182,228
182,229
181,230
181,231
180,232
180,234
179,235
179,240
178,241
178,243
177,244
177,245
175,247
175,248
174,249
174,250
173,251
173,252
172,253
172,254
170,256
170,257
169,258
169,259
167,261
167,262
159,270
159,271
154,276
153,276
149,280
148,280
146,282
145,282
144,283
141,283
140,284
137,284
136,285
135,285
134,286
133,286
132,287
131,287
130,288
129,288
127,290
127,292
126,293
126,295
123,298
122,298
119,301
118,301
115,304
114,304
109,309
109,311
108,312
108,320
109,321
109,323
110,324
110,326
109,327
109,329
108,330
109,331
109,334
110,335
110,336
111,337
115,337
116,338
117,338
119,340
119,341
122,344
145,344
146,343
147,343
149,341
150,341
151,340
151,339
152,338
152,336
153,335
153,334
154,333
154,331
155,330
155,329
157,327
157,326
158,325
158,324
159,323
159,322
160,321
160,320
169,311
170,311
171,310
172,310
173,309
174,309
174,307
179,302
179,301
180,300
180,299
185,294
186,294
189,291
190,291
193,288
194,288
195,287
196,287
197,286
198,286
199,285
201,285
201,284
206,279
207,279
208,278
210,278
211,277
212,277
213,276
214,276
223,267
223,266
234,255
235,255
236,254
237,254
239,252
240,252
243,249
244,249
247,246
248,246
249,245
250,245
251,244
252,244
254,242
255,242
256,241
257,241
258,240
259,240
260,239
261,239
265,235
266,235
267,234
268,234
269,235
306,235
307,234
315,234
316,235
319,235
320,236
334,236
335,237
360,237
362,239
359,242
359,243
358,244
358,246
357,247
357,249
356,250
356,253
355,254
355,257
354,258
354,261
353,262
353,277
354,278
354,281
355,282
355,284
356,285
356,286
357,287
357,288
358,289
358,290
364,296
364,297
367,300
367,301
370,304
370,305
374,309
374,310
375,311
375,312
378,315
378,316
381,319
381,320
388,327
388,328
395,335
396,335
398,337
395,340
394,340
392,342
391,342
388,345
387,345
381,351
380,351
379,352
377,352
376,353
374,353
373,354
371,354
370,355
367,355
366,356
365,356
364,357
362,357
361,358
359,358
354,363
354,364
350,368
349,368
348,369
345,369
344,370
341,370
340,371
339,371
338,372
337,372
334,375
333,375
332,376
332,377
331,378
331,379
330,380
330,383
329,384
329,387
330,388
330,390
331,391
331,392
332,393
332,394
337,399
341,399
342,400
353,400
355,398
356,398
358,400
373,400
374,399
376,399
377,398
377,397
378,396
378,394
379,393
379,392
383,388
384,388
385,387
386,387
387,386
389,386
390,385
391,385
392,384
395,384
396,383
399,383
400,382
401,382
402,381
404,381
405,380
406,380
408,378
410,378
411,377
412,377
413,376
415,376
416,375
417,375
418,374
419,374
420,373
422,373
423,372
424,372
425,371
426,371
428,369
429,369
430,368
431,368
432,367
433,367
434,366
435,366
437,364
438,364
439,363
440,363
443,360
443,359
444,358
444,338
443,337
443,322
442,321
442,320
441,319
441,318
440,317
440,314
441,313
443,313
444,314
445,314
446,315
447,315
451,319
452,319
455,322
455,335
454,336
454,338
453,339
453,347
452,348
452,351
451,352
451,354
450,355
450,356
449,357
449,358
448,359
448,361
447,362
447,363
446,364
446,366
445,367
445,369
444,370
444,372
443,373
443,377
442,378
442,380
441,381
441,382
440,383
440,384
439,385
439,387
438,388
438,396
437,397
437,403
438,404
438,406
440,408
440,409
444,413
446,413
447,414
456,414
457,413
457,412
458,411
458,409
459,408
459,405
460,404
460,400
461,399
461,398
464,395
465,395
466,394
468,396
468,400
467,401
467,404
466,405
466,415
465,416
465,435
466,436
466,440
467,441
467,444
468,445
468,447
469,448
469,449
470,450
470,451
473,454
473,455
477,459
477,460
484,467
485,467
486,468
487,468
488,469
489,469
492,472
494,472
495,473
496,473
497,474
524,474
525,473
526,473
530,469
531,469
540,460
540,458
541,457
541,454
542,453
542,447
538,443
534,443
533,444
532,444
531,445
530,445
529,446
529,447
528,448
528,449
523,454
517,454
516,455
504,455
503,454
502,454
501,453
500,453
496,449
495,449
494,448
493,448
491,446
491,445
490,444
490,442
489,441
489,438
488,437
488,434
487,433
487,431
486,430
486,428
485,427
485,425
486,424
486,420
487,419
487,412
488,411
488,408
489,407
489,404
490,403
490,401
491,400
491,395
492,394
492,391
493,390
493,387
494,386
494,384
495,383
495,382
496,381
496,379
497,378
497,375
498,374
498,371
499,370
499,367
500,366
500,363
501,362
501,358
502,357
502,354
503,353
503,351
504,350
504,348
505,347
505,344
506,343
506,341
507,340
507,338
508,337
508,335
509,334
509,331
510,330
510,328
511,327
511,323
512,322
512,320
513,319
513,317
514,316
514,313
515,312
515,302
516,301
516,298
517,297
517,285
518,284
518,267
517,266
517,264
516,263
516,260
515,259
515,230
514,229
514,227
513,226
513,209
512,208
512,207
510,205
510,204
509,203
509,202
508,201
508,199
505,196
505,195
503,193
503,192
502,191
502,190
501,189
501,187
500,186
500,184
499,183
499,181
498,180
498,178
495,175
495,174
493,172
493,171
492,170
492,169
491,168
491,167
489,165
489,164
488,163
488,162
485,159
484,159
479,154
479,153
478,152
478,151
477,150
477,149
476,148
475,148
474,147
473,147
464,138
464,137
461,134
461,133
458,130
457,130
453,126
452,126
444,118
443,118
441,116
440,116
439,115
437,115
436,114
434,114
429,109
428,109
427,108
426,108
424,106
423,106
420,103
419,103
418,102
417,102
416,101
414,101
413,100
411,100
410,99
409,99
408,98
407,98
406,97
405,97
404,96
402,96
401,95
399,95
398,94
397,94
396,93
394,93
393,92
392,92
389,89
388,89
387,88
385,88
384,87
378,87
377,86
376,86
375,85
374,85
373,84
371,84
370,83
369,83
368,82
366,82
365,81
363,81
362,80
360,80
359,79
357,79
356,78
355,78
354,77
351,77
350,76
345,76
344,75
334,75
333,74
331,74
330,73
328,73
327,72
323,72
322,71
319,71
318,70
305,70
304,69
301,69
300,68
292,68
291,67
290,67
289,66
287,66
286,65
271,65
270,64
261,64
260,63
259,63
258,62
256,62
255,61
254,61
253,60
251,60
250,59
247,59
246,58
243,58
242,57
241,57
240,56
239,56
238,55
237,55
236,54
235,54
234,53
233,53
232,52
231,52
230,51
229,51
227,49
226,49
223,46
222,46
221,45
220,45
219,44
218,44
217,43
216,43
215,42
213,42
212,41
208,41
207,40
205,40
204,39
200,39
199,38
197,38
196,37
173,37
172,36
169,36
168,35
165,35
164,34
142,34
