1107
326,42
325,43
322,43
321,44
319,44
318,45
317,45
316,46
316,47
312,51
311,51
309,53
309,54
305,58
304,58
303,59
303,60
301,62
301,64
300,65
300,67
299,68
298,68
297,69
296,69
295,70
293,70
292,71
290,71
289,72
288,72
287,73
285,73
284,74
278,74
277,75
264,75
263,74
262,74
260,72
259,72
258,71
257,71
256,70
255,70
254,69
253,69
252,68
251,68
250,67
249,67
248,66
246,66
245,65
243,65
242,64
239,64
238,63
235,63
234,62
223,62
222,61
196,61
195,60
185,60
184,61
177,61
176,62
171,62
170,63
167,63
166,64
163,64
162,65
160,65
159,66
158,66
157,67
155,67
154,68
152,68
151,69
150,69
149,70
147,70
146,71
144,71
143,72
142,72
139,75
138,75
137,76
136,76
135,77
134,77
133,78
132,78
131,79
130,79
129,80
127,80
126,81
125,81
124,82
123,82
120,85
120,86
116,90
116,91
115,92
115,94
114,95
114,96
110,100
110,101
108,103
108,104
107,105
107,107
104,110
104,111
103,112
103,113
102,114
102,115
101,116
101,117
100,118
100,119
99,120
99,121
98,122
98,123
97,124
97,126
96,127
96,130
95,131
95,134
94,135
94,136
93,137
93,138
92,139
92,140
91,141
91,143
90,144
90,148
89,149
89,153
88,154
88,186
89,187
89,205
90,206
90,223
91,224
91,226
92,227
92,229
93,230
93,248
92,249
92,251
91,252
91,253
90,254
90,256
89,257
89,258
88,259
88,260
76,272
76,273
75,274
75,275
74,276
74,278
73,279
73,281
72,282
72,289
70,291
70,293
69,294
69,308
70,309
70,313
71,314
71,318
72,319
72,321
73,322
73,333
74,334
74,355
73,356
73,360
71,362
71,364
70,365
70,379
69,380
69,383
68,384
68,386
67,387
67,388
65,390
65,392
64,393
64,394
65,395
65,408
64,409
64,419
63,420
63,423
61,425
61,427
60,428
60,433
59,434
59,437
58,438
58,445
59,446
59,448
60,449
60,450
61,451
61,453
67,459
67,460
68,460
69,461
70,461
71,462
75,462
77,460
78,460
80,458
85,458
86,459
89,459
90,460
107,460
108,461
111,461
112,462
113,462
114,463
118,463
121,460
122,460
123,459
123,451
122,450
122,446
123,445
123,440
121,438
121,436
120,435
120,425
116,421
116,420
115,419
115,408
114,407
114,397
113,396
113,392
112,391
112,369
111,368
111,366
108,363
108,347
107,346
107,344
106,343
106,342
105,341
105,326
106,325
106,324
107,323
107,321
108,320
108,310
104,306
104,305
103,304
103,302
102,301
102,299
101,298
104,295
105,295
111,289
113,289
114,288
116,288
120,284
120,283
121,282
121,281
122,280
122,279
123,278
123,277
124,276
124,275
134,265
134,264
135,263
135,262
139,258
140,258
142,256
142,255
143,254
143,253
145,251
145,250
148,247
148,246
149,245
149,244
150,243
150,242
151,241
151,240
153,238
153,237
154,236
154,234
155,233
155,229
156,228
156,225
157,224
157,223
158,222
160,224
160,225
161,226
161,227
164,230
164,231
166,233
166,234
167,235
167,236
168,237
168,238
170,240
170,241
171,242
171,262
170,263
170,267
169,268
169,270
168,271
168,272
167,273
167,275
166,276
166,278
165,279
165,281
164,282
164,283
163,284
163,285
162,286
162,287
161,288
161,290
160,291
160,293
159,294
159,296
158,297
158,298
157,299
157,300
156,301
156,303
155,304
155,306
154,307
154,318
153,319
153,321
152,322
152,324
153,325
153,330
152,331
152,335
151,336
151,344
152,345
152,348
153,349
153,351
154,352
154,354
155,355
155,357
156,358
156,359
157,360
157,362
158,363
158,389
159,390
159,393
160,394
160,408
159,409
159,420
158,421
158,424
159,425
159,441
160,442
160,450
161,451
161,453
162,454
162,458
163,459
163,461
166,464
166,465
182,465
183,464
187,464
188,463
221,463
222,462
223,462
224,463
228,463
229,462
230,462
231,461
233,461
233,456
232,455
232,439
231,438
230,438
229,437
228,437
227,436
227,435
226,434
226,432
225,432
212,419
212,418
211,418
210,417
209,417
207,415
207,413
206,412
206,410
205,409
205,407
204,407
201,404
201,403
200,402
200,386
199,385
199,380
198,379
198,373
197,372
197,370
196,369
196,365
195,364
195,360
194,359
194,353
193,352
193,351
192,350
192,342
193,341
193,337
194,336
194,333
195,332
195,329
196,328
196,326
197,325
197,324
198,323
198,322
199,321
199,320
200,319
200,318
202,316
202,315
203,314
203,313
206,310
206,309
207,308
207,307
212,302
212,301
214,299
214,298
216,296
216,295
219,292
219,290
220,289
220,288
221,287
221,286
225,282
225,281
226,280
226,279
227,278
227,277
228,276
228,275
232,271
232,269
236,265
236,264
239,261
244,261
245,262
248,262
249,263
251,263
252,264
255,264
256,265
262,265
263,266
270,266
271,267
276,267
277,268
296,268
297,269
298,269
300,271
300,276
301,277
301,283
302,284
302,295
303,296
303,298
304,299
304,306
305,307
305,338
306,339
306,362
305,363
305,370
304,371
304,373
303,374
303,411
302,412
302,414
301,415
301,426
300,427
300,429
299,430
299,436
297,438
297,440
296,441
296,447
297,448
297,461
296,462
296,463
297,464
297,467
298,468
298,469
300,471
300,472
303,475
306,475
307,476
324,476
325,477
328,477
329,478
341,478
342,477
345,477
346,478
351,478
352,479
360,479
361,478
367,478
368,477
369,477
370,476
372,476
373,475
373,469
372,468
372,467
371,466
371,464
370,463
370,460
373,457
373,452
372,452
367,447
367,446
366,445
366,444
359,437
358,437
355,434
355,433
350,428
350,427
347,424
346,424
344,422
344,421
343,420
343,409
344,408
344,406
345,405
345,390
346,389
346,383
347,382
347,379
348,378
348,377
349,376
349,374
350,373
350,372
351,371
351,370
353,368
353,367
354,366
354,365
356,363
356,361
357,360
357,354
358,353
358,351
359,350
359,342
358,341
358,338
361,335
362,335
362,334
363,333
363,331
364,330
364,326
365,325
365,323
366,322
366,321
367,320
367,317
368,316
368,313
369,312
369,309
370,308
370,307
372,305
372,304
373,303
373,301
374,300
374,299
376,297
376,296
377,295
377,294
380,291
380,290
381,289
381,288
382,287
382,286
386,282
386,281
387,280
387,279
388,278
388,277
389,276
389,275
392,272
392,271
393,270
393,268
394,267
394,266
395,265
395,263
396,262
396,260
397,259
397,255
398,254
398,252
399,251
399,249
401,247
403,249
403,251
404,252
404,254
405,255
405,258
406,259
406,261
407,262
407,264
408,265
408,267
409,268
409,269
410,270
410,272
411,273
411,276
412,277
412,279
413,280
413,282
414,283
414,285
415,286
415,288
416,289
416,292
417,293
417,296
418,297
418,299
419,300
419,303
420,304
420,305
421,306
421,308
422,309
422,310
423,311
423,313
424,314
424,316
425,317
425,319
426,320
426,321
427,322
427,342
426,343
426,345
425,346
425,351
424,352
424,372
425,373
425,378
426,379
426,381
427,382
427,384
428,385
428,386
429,387
429,388
430,389
430,390
431,391
431,392
432,393
432,394
436,398
436,399
440,403
441,403
444,406
445,406
446,407
448,407
450,409
450,410
451,411
451,412
452,413
452,414
453,415
453,416
454,417
454,418
455,419
455,421
456,422
456,424
457,425
457,426
458,427
458,428
460,430
460,431
464,435
464,443
463,444
463,446
464,447
464,450
465,451
465,459
466,460
466,462
468,464
468,465
469,466
469,467
471,469
471,470
478,470
479,469
480,470
481,470
484,473
492,473
493,472
495,472
496,471
497,471
498,470
498,469
502,465
504,465
505,464
506,464
506,463
510,459
510,457
514,453
516,453
516,439
515,438
515,433
514,432
514,389
515,388
515,385
514,384
514,381
513,380
513,377
514,376
514,375
515,374
515,373
516,372
516,371
519,368
520,368
521,367
522,367
524,365
524,362
525,361
525,360
527,358
529,358
530,357
531,357
532,356
533,356
533,355
534,354
534,352
535,351
535,347
534,346
534,344
532,342
532,341
531,340
531,338
530,337
530,335
529,334
529,331
528,330
528,329
527,328
526,328
517,319
517,316
520,313
521,313
522,312
523,312
524,311
526,311
527,310
528,310
528,309
529,308
529,307
532,304
533,304
535,302
535,301
537,299
537,298
539,296
539,295
540,294
540,289
539,289
538,288
531,288
530,289
528,289
527,290
523,290
522,291
520,291
519,292
515,292
514,291
512,291
511,290
505,290
504,289
501,289
492,280
492,279
490,277
490,276
489,275
489,266
488,265
488,263
487,262
487,260
484,257
484,256
483,255
483,251
482,250
482,249
481,248
481,247
479,245
479,244
478,243
478,242
479,241
479,236
480,235
480,225
475,220
475,219
474,218
474,216
473,215
473,214
472,213
472,210
471,209
471,191
472,190
472,186
471,185
471,184
469,182
469,176
470,175
470,170
469,169
469,167
466,164
466,163
465,162
465,161
464,160
464,159
463,158
463,156
462,155
462,154
460,152
460,150
459,149
459,147
458,146
458,145
457,144
457,143
456,142
456,140
455,139
455,136
454,135
454,133
453,132
453,131
446,124
446,123
445,122
445,120
444,119
444,117
443,116
443,115
441,113
441,112
440,111
440,110
438,108
438,106
437,105
437,103
436,102
435,102
432,99
432,98
426,92
426,91
424,89
423,89
420,86
420,85
419,84
419,83
416,80
416,79
406,69
405,69
404,68
401,68
400,67
399,67
395,63
394,63
393,62
392,62
391,61
390,61
389,60
386,60
385,59
383,59
376,52
375,52
374,51
372,51
371,50
366,50
365,49
362,49
361,48
359,48
358,47
357,47
355,45
354,45
353,44
351,44
350,43
346,43
345,42
326,42
