898
354,41
353,42
343,42
342,43
335,43
334,44
329,44
328,45
325,45
324,46
320,46
319,47
316,47
315,48
313,48
312,49
309,49
308,50
307,50
306,51
305,51
304,52
303,52
302,53
300,53
299,54
296,54
295,55
294,55
293,56
291,56
290,57
288,57
287,58
285,58
284,59
283,59
282,60
281,60
280,61
279,61
278,62
277,62
276,63
275,63
274,64
273,64
272,65
270,65
269,66
268,66
267,67
265,67
264,68
262,68
261,69
260,69
259,70
258,70
257,71
255,71
254,72
253,72
252,73
251,73
250,74
249,74
248,75
247,75
246,76
245,76
244,77
242,77
241,78
239,78
238,79
236,79
235,80
233,80
232,81
230,81
229,82
226,82
225,83
222,83
221,84
220,84
219,85
217,85
216,86
213,86
212,87
207,87
206,88
197,88
195,86
195,84
194,83
194,82
190,78
189,78
188,77
187,77
186,76
185,76
184,75
183,75
182,74
180,74
179,73
172,73
171,74
169,74
168,75
167,75
166,76
165,76
164,77
163,77
162,78
161,78
157,82
157,84
156,85
156,88
155,89
150,89
148,87
148,86
147,85
147,75
146,74
146,71
145,70
145,69
144,68
144,67
143,66
142,66
140,64
139,64
138,63
133,63
130,66
129,66
127,68
126,68
123,71
123,73
122,74
122,78
121,79
121,90
120,91
120,92
119,93
118,93
117,94
115,94
114,95
111,95
110,96
109,96
108,97
107,97
106,98
104,98
103,99
100,99
99,100
97,100
96,101
93,101
92,102
90,102
89,103
88,103
87,104
85,104
84,105
82,105
81,106
80,106
79,107
78,107
74,111
73,111
72,112
71,112
60,123
59,123
57,125
56,125
52,129
51,129
50,130
49,130
45,134
44,134
43,135
42,135
40,137
39,137
38,138
37,138
35,140
34,140
32,142
31,142
25,148
24,148
24,149
23,150
23,152
22,153
22,156
23,157
23,160
24,161
24,162
25,163
26,163
30,167
30,169
31,170
31,171
35,175
35,176
39,180
40,180
47,187
56,187
57,188
58,188
61,191
63,191
64,192
65,192
66,193
69,193
70,194
104,194
105,193
112,193
113,192
119,192
120,191
123,191
124,190
126,190
127,189
130,189
131,188
138,188
139,187
141,187
142,188
147,188
148,189
150,189
153,192
153,196
154,197
154,221
153,222
153,227
152,228
152,229
150,231
150,232
149,233
149,234
148,235
148,237
147,238
147,239
145,241
145,242
143,244
143,245
142,246
142,247
140,249
139,249
139,250
137,252
137,253
134,256
134,257
133,258
133,259
131,261
131,262
128,265
127,265
127,266
125,268
125,269
123,271
123,272
120,275
120,276
116,280
116,281
115,282
115,283
113,285
113,286
111,288
111,289
108,292
107,292
106,293
101,293
100,294
91,294
90,295
87,295
86,296
85,296
81,300
81,304
85,304
87,306
87,307
88,308
88,310
98,310
99,309
100,309
101,308
103,308
104,307
115,307
116,306
119,306
120,305
122,305
124,303
124,301
125,300
125,299
128,296
128,295
132,291
133,291
139,285
140,285
142,283
143,283
146,280
147,280
149,278
150,278
151,277
152,277
153,276
154,276
155,275
156,275
157,274
158,274
160,272
161,272
165,268
166,268
167,267
168,267
170,265
171,265
173,263
174,263
176,261
177,261
183,255
184,255
189,250
190,250
190,249
192,247
192,246
201,237
201,236
206,231
207,231
208,230
210,230
216,236
216,237
217,238
217,239
222,244
222,245
223,246
223,248
224,249
224,251
225,252
225,253
226,254
226,256
227,257
227,261
228,262
228,284
227,285
227,289
226,290
226,297
225,298
225,307
224,308
224,309
223,310
223,313
222,314
222,319
221,320
221,322
220,323
220,325
219,326
219,328
218,329
218,335
217,336
217,339
216,340
216,342
215,343
215,345
214,346
214,347
213,348
213,350
212,351
212,352
208,356
207,356
201,362
201,365
208,365
210,367
213,367
215,365
215,364
217,362
217,361
219,359
220,359
222,361
222,363
223,364
223,365
227,365
230,362
231,362
232,363
233,363
237,367
241,367
241,364
242,363
242,351
243,350
243,342
244,341
244,334
245,333
245,330
246,329
246,327
247,326
247,325
248,324
248,322
249,321
249,320
251,318
251,317
252,316
252,314
257,309
257,308
258,307
258,305
259,304
259,303
260,302
260,301
261,300
261,298
263,296
263,295
264,294
264,293
268,289
268,288
270,286
270,285
271,284
271,282
272,281
272,280
273,279
273,278
274,277
274,276
275,275
275,273
276,272
276,271
278,269
278,268
279,267
279,266
280,265
280,263
281,262
281,260
282,259
282,257
283,256
283,255
284,254
284,253
285,252
285,250
286,249
286,247
287,246
287,244
288,243
288,242
291,239
291,238
292,237
292,235
293,234
293,233
295,231
295,230
298,227
300,227
301,226
306,226
307,225
317,225
318,224
327,224
328,223
332,223
333,222
335,222
336,223
337,223
340,226
341,226
342,227
343,227
344,228
345,228
346,229
347,229
349,231
351,231
352,232
353,232
354,233
356,233
357,234
359,234
360,235
361,235
362,236
363,236
364,237
365,237
366,238
368,238
369,239
372,239
373,240
377,240
378,241
379,241
380,242
380,243
379,244
378,244
377,245
368,245
367,246
364,246
363,247
356,247
355,248
352,248
351,249
348,249
347,250
344,250
343,251
342,251
340,253
340,258
342,260
342,261
343,262
345,262
346,263
349,263
350,264
355,264
356,263
361,263
362,262
367,262
368,261
376,261
377,262
380,262
381,263
389,263
390,262
397,262
398,261
413,261
414,260
421,260
422,261
430,261
431,260
433,260
434,259
435,259
436,258
440,258
444,262
446,262
447,263
448,263
449,264
450,264
451,265
452,265
453,266
454,266
455,267
458,267
459,268
462,268
463,269
465,269
466,270
471,270
473,272
471,274
470,274
469,275
467,275
466,276
465,276
464,277
463,277
462,278
461,278
460,279
459,279
457,281
456,281
455,282
454,282
453,283
452,283
452,294
453,295
453,297
454,298
456,298
457,299
459,299
460,300
470,300
471,299
477,299
478,298
480,298
482,296
485,296
487,298
487,299
492,299
494,297
494,296
495,295
495,293
496,292
496,291
497,290
497,288
498,287
498,286
499,285
499,283
500,282
500,281
504,277
505,277
507,275
507,269
506,268
506,266
505,265
505,263
504,262
504,259
503,258
503,255
502,254
502,252
501,251
501,250
500,249
500,247
499,246
499,244
498,243
498,239
501,236
502,236
503,237
504,237
505,238
507,238
508,239
509,239
511,241
512,241
514,243
515,243
521,249
523,249
524,250
525,250
526,251
527,251
528,252
530,252
532,254
534,254
535,255
552,255
553,254
555,254
556,253
558,253
559,252
561,252
562,251
563,251
565,249
566,249
566,248
567,247
567,239
566,238
566,236
565,235
565,233
564,232
564,231
563,230
562,230
561,229
560,229
559,228
558,228
557,227
555,227
554,226
552,226
551,225
546,225
545,224
539,224
538,223
526,223
525,222
523,222
518,217
518,216
517,215
517,214
516,213
516,212
514,210
514,208
513,207
513,206
512,205
512,204
511,203
511,201
510,200
510,198
509,197
509,195
508,194
508,191
507,190
507,183
508,182
508,146
507,145
507,140
506,139
506,137
505,136
505,134
504,133
504,132
503,131
503,129
502,128
502,126
501,125
501,123
500,122
500,121
499,120
499,118
498,117
498,116
497,115
497,114
495,112
495,111
494,110
494,109
493,108
493,107
489,103
489,102
488,101
488,100
485,97
485,96
484,95
484,94
483,93
482,93
477,88
477,87
474,84
474,83
461,70
460,70
459,69
458,69
455,66
454,66
449,61
448,61
446,59
445,59
444,58
443,58
441,56
440,56
439,55
438,55
437,54
435,54
434,53
433,53
431,51
430,51
429,50
428,50
427,49
426,49
425,48
423,48
422,47
420,47
419,46
416,46
415,45
412,45
411,44
407,44
406,43
400,43
399,42
385,42
384,41
354,41
