871
175,104
174,105
172,105
171,106
169,106
168,107
166,107
165,108
162,108
161,109
160,109
152,117
151,117
150,118
149,118
147,120
146,120
145,121
143,121
142,122
140,122
139,123
138,123
137,124
136,124
134,126
133,126
132,127
130,127
129,128
128,128
127,129
126,129
126,130
123,133
122,133
120,135
119,135
115,139
115,140
113,142
112,142
111,143
110,143
108,145
108,146
107,147
107,148
101,154
100,154
99,155
98,155
97,156
96,156
95,157
94,157
93,158
92,158
91,159
90,159
89,160
88,160
87,161
86,161
85,162
83,162
82,163
81,163
80,164
78,164
77,165
76,165
75,166
74,166
73,167
72,167
70,169
69,169
67,171
66,171
65,172
64,172
61,175
61,176
59,178
58,178
51,185
51,186
50,187
50,188
47,191
46,191
45,192
45,193
44,194
44,212
45,213
45,214
46,215
46,216
49,219
49,223
50,224
50,227
51,228
51,230
53,232
54,232
56,234
59,234
60,235
62,235
63,236
89,236
90,235
93,235
94,234
96,234
97,233
98,233
105,226
107,226
109,228
109,233
108,234
108,235
105,238
105,239
104,240
104,241
103,242
103,243
102,244
102,245
100,247
100,248
96,252
96,253
93,256
93,257
84,266
84,269
92,277
92,281
90,283
89,283
88,284
87,284
85,286
84,286
83,287
83,288
82,289
82,290
80,292
80,294
79,295
79,311
78,312
78,313
77,314
77,315
76,316
76,318
73,321
73,322
72,323
73,324
73,325
74,326
74,327
75,328
75,330
76,331
76,333
80,337
81,337
83,339
85,339
87,341
87,351
86,352
86,354
87,355
87,358
88,359
88,361
90,363
90,364
92,366
92,367
93,367
96,370
97,370
98,371
99,371
100,372
101,372
105,376
105,377
106,378
106,379
107,380
107,383
108,384
108,385
110,387
111,387
119,395
119,396
122,396
123,397
132,397
133,398
134,398
135,399
135,400
136,401
136,402
137,403
138,403
139,404
140,404
142,406
143,406
144,407
146,407
148,409
173,409
174,408
176,408
177,409
179,409
181,411
181,413
182,414
182,415
183,416
183,417
184,418
184,419
185,420
185,426
184,427
184,430
185,431
185,448
180,453
180,454
178,456
176,456
175,457
173,457
168,462
167,462
166,463
165,463
164,464
163,464
162,465
160,465
157,468
151,468
150,469
145,469
144,470
141,470
140,471
138,471
137,472
136,472
136,473
133,476
133,481
134,482
134,483
135,484
135,487
136,488
136,490
137,490
138,491
140,491
141,492
143,492
144,493
151,493
152,494
155,494
156,495
163,495
164,496
167,496
169,498
170,498
173,501
176,501
179,504
180,504
181,505
210,505
211,504
214,504
215,503
225,503
226,502
230,502
231,501
233,501
236,498
237,498
238,497
241,497
242,496
243,496
246,493
247,493
247,488
246,487
246,486
243,483
243,480
242,479
242,475
241,474
241,473
240,472
240,469
239,468
239,467
238,466
238,465
234,461
234,459
233,458
233,406
234,405
234,402
235,401
235,400
238,397
238,396
239,395
239,394
241,392
242,392
243,391
246,391
247,392
249,392
250,393
253,393
254,394
255,394
257,396
258,396
259,397
262,397
263,398
264,398
265,399
268,399
269,400
270,400
271,401
273,401
274,402
279,402
280,403
286,403
287,404
290,404
291,405
301,405
302,406
325,406
326,405
329,405
330,404
332,404
333,405
334,405
335,406
335,413
336,414
336,415
337,416
337,417
339,419
339,425
336,428
336,429
335,430
335,439
334,440
334,442
332,444
332,445
327,450
327,451
326,452
326,453
322,457
321,457
320,458
319,458
315,462
314,462
313,463
312,463
310,465
310,466
308,468
306,468
305,469
303,469
302,470
302,471
301,472
301,474
300,475
300,478
301,479
301,482
302,483
302,484
303,485
306,485
307,486
308,486
310,488
310,489
312,491
338,491
339,492
340,492
341,493
342,493
343,494
344,494
345,495
347,495
348,496
380,496
381,495
386,495
387,494
389,494
390,493
396,493
397,492
400,492
401,491
404,491
404,488
405,487
405,485
406,484
406,472
405,471
405,469
404,468
404,467
403,466
403,464
402,463
402,458
397,453
397,452
396,451
396,449
395,448
395,432
396,431
396,429
397,428
397,427
398,426
398,425
399,424
399,422
400,421
400,420
402,418
402,417
403,416
403,414
404,413
404,412
406,410
406,409
410,405
411,405
416,400
416,399
422,393
423,393
425,391
426,391
428,389
428,388
433,383
433,382
436,379
438,379
441,376
441,375
447,369
447,368
453,362
453,360
454,359
454,358
455,357
456,357
457,356
459,358
459,365
460,366
460,367
461,368
461,369
463,371
463,373
464,374
464,377
465,378
465,396
460,401
460,402
459,403
459,404
458,405
458,406
457,407
457,409
456,410
456,411
455,412
455,413
454,414
454,416
453,417
453,418
454,419
454,421
456,423
456,424
457,425
457,426
459,428
459,430
460,431
460,432
461,433
462,433
465,436
465,437
466,438
466,439
467,440
468,440
471,443
483,443
485,441
486,441
487,440
488,440
489,439
490,439
491,438
491,428
492,427
492,408
491,407
491,405
489,403
488,403
487,402
486,402
482,398
482,396
481,395
481,379
480,378
480,376
479,375
479,374
480,373
480,370
481,369
481,357
482,356
482,347
481,346
481,340
482,339
482,321
481,320
481,307
480,306
480,305
478,303
478,302
477,301
477,299
476,298
476,296
475,295
475,294
474,293
474,292
473,292
471,290
471,289
470,288
470,285
469,284
469,283
468,282
468,281
466,279
466,278
459,271
459,269
453,263
453,261
452,260
452,259
450,257
450,256
449,255
449,254
448,253
448,252
444,248
444,247
442,245
442,244
441,243
441,242
439,240
439,239
437,237
436,237
431,232
431,231
427,227
427,226
425,224
425,223
423,221
421,221
418,218
418,217
417,216
416,216
415,215
414,215
413,214
412,214
411,213
409,213
408,212
406,212
405,211
401,211
400,212
398,212
397,213
394,213
393,214
390,214
389,215
388,215
384,219
383,219
382,220
378,220
377,221
375,221
374,222
374,223
371,226
370,226
369,227
368,227
367,228
367,229
362,234
362,235
359,238
358,238
357,239
356,239
353,242
351,242
348,239
348,233
349,232
349,206
348,205
348,203
347,203
346,202
345,202
342,199
342,197
340,195
340,193
339,192
339,190
338,189
338,188
336,186
335,186
333,184
332,184
331,183
329,183
328,182
326,182
325,181
324,181
323,180
321,180
320,179
317,179
316,178
313,178
312,177
308,177
307,176
303,176
302,177
299,177
298,178
297,178
296,179
290,179
289,180
287,180
286,181
285,181
284,182
282,182
279,185
278,185
277,186
276,186
270,192
268,192
267,193
266,193
266,194
265,195
265,196
260,201
259,201
258,202
258,203
257,204
257,205
256,206
256,207
253,210
252,210
252,211
251,212
251,214
250,215
250,219
248,221
248,222
247,223
247,224
241,230
241,231
236,236
235,236
235,237
234,238
234,239
233,240
233,241
229,245
229,246
228,247
228,248
224,252
224,253
222,255
221,255
220,256
219,256
216,259
211,259
207,255
207,254
206,253
206,249
211,244
212,244
213,243
214,243
215,242
216,242
217,241
217,240
218,239
218,233
219,232
219,229
223,225
223,223
225,221
225,220
229,216
229,215
233,211
233,206
230,203
230,200
233,197
233,186
232,185
232,182
233,181
233,167
231,165
231,164
230,163
230,162
231,161
231,160
233,158
233,153
232,152
231,152
227,148
226,148
223,145
222,145
218,141
218,140
217,139
217,135
215,135
214,134
213,134
212,133
211,133
206,128
206,121
203,118
203,116
202,115
202,114
201,113
200,113
196,109
194,109
193,108
191,108
190,107
188,107
187,106
185,106
184,105
180,105
179,104
