1115
211,32
210,33
208,33
206,35
205,35
204,36
200,36
199,37
197,37
195,39
195,40
193,42
192,42
189,39
185,39
184,40
182,40
181,41
179,41
178,42
177,42
174,45
173,45
172,46
170,46
169,47
168,47
168,48
165,51
161,51
160,52
158,52
155,55
154,55
154,56
151,59
150,59
149,58
148,58
146,56
145,56
144,55
143,55
142,54
140,54
139,53
136,53
135,52
134,52
133,53
131,53
128,56
120,56
117,53
112,53
110,55
97,55
96,54
95,54
94,55
92,55
91,56
89,56
88,57
86,57
86,59
85,60
85,64
83,66
82,66
81,67
79,67
78,68
77,68
76,69
75,69
74,70
72,70
71,71
70,71
68,73
68,74
66,76
66,77
65,78
65,79
63,81
58,81
57,80
56,80
55,81
53,81
53,82
51,84
45,84
44,85
43,85
43,92
42,93
39,93
38,94
36,94
36,96
35,97
35,105
33,107
33,109
32,110
32,113
31,114
31,116
30,117
30,125
31,126
31,129
32,130
32,131
33,132
33,134
32,135
32,136
31,137
31,147
30,148
30,157
31,158
31,161
32,162
32,163
33,163
35,165
35,167
36,168
36,171
37,172
37,175
38,176
38,177
39,178
41,178
43,180
44,180
46,182
46,185
43,188
43,189
40,192
39,192
38,193
37,193
34,196
34,197
33,198
33,200
32,201
32,202
33,203
33,205
34,206
34,208
32,210
32,212
31,213
31,214
32,215
32,217
33,218
34,218
35,219
37,219
39,221
39,223
38,224
38,225
37,226
37,229
36,230
36,234
35,235
35,247
36,248
36,251
37,252
37,253
38,254
38,255
39,256
39,257
40,258
42,258
45,261
45,269
46,270
46,272
47,273
48,273
53,278
54,278
55,279
57,279
59,281
62,281
63,282
64,282
65,283
65,285
66,286
66,288
76,288
77,287
78,287
80,285
81,285
82,286
89,286
90,287
91,287
92,288
92,291
93,292
93,294
94,295
94,296
96,298
97,298
98,299
101,299
103,297
106,297
107,296
116,296
117,295
117,294
118,293
118,292
119,291
119,283
118,282
118,281
116,279
115,279
114,278
113,278
111,276
111,275
110,274
110,272
111,271
111,270
113,268
114,268
115,267
115,264
112,261
112,259
116,255
118,255
119,254
126,254
127,253
132,253
133,252
135,252
136,253
137,253
138,254
138,262
137,263
137,265
136,266
136,267
137,268
137,270
143,270
144,271
145,271
147,273
147,281
148,282
148,284
149,285
149,286
153,286
154,287
157,287
158,288
161,288
162,289
164,289
165,290
178,290
179,291
182,291
184,293
189,293
190,294
192,294
195,297
195,302
194,303
195,304
195,307
196,308
196,310
201,315
201,317
199,319
197,319
196,320
193,320
192,321
191,321
190,322
189,322
188,323
186,323
185,324
183,324
182,325
179,325
178,326
176,326
175,327
173,327
172,328
171,328
168,331
168,332
165,335
165,337
164,338
164,342
163,343
163,354
164,355
164,358
165,359
165,366
166,367
166,370
167,371
167,372
168,373
168,374
169,375
169,377
170,378
170,379
171,380
171,381
176,386
176,387
185,396
185,397
187,399
188,399
189,400
191,400
192,401
201,401
202,400
204,400
206,398
208,398
209,397
210,397
213,394
215,394
216,393
218,393
220,391
222,391
223,390
224,390
225,389
227,389
228,388
229,388
230,387
233,387
236,384
238,384
239,383
240,383
241,382
242,382
243,381
245,381
246,380
249,380
250,379
254,379
255,380
255,382
253,384
250,384
249,385
247,385
247,386
246,387
246,391
247,392
247,393
248,393
249,394
263,394
264,393
266,393
267,392
269,392
270,391
273,391
274,390
275,390
276,389
278,389
279,388
280,388
281,387
281,386
282,385
282,383
283,382
283,381
285,379
288,379
289,380
292,380
293,381
295,381
296,382
298,382
299,383
300,383
301,384
303,384
304,385
305,385
306,386
307,386
308,387
310,387
311,388
313,388
314,389
318,389
319,390
322,390
323,391
328,391
329,392
333,392
334,391
335,391
335,388
336,387
336,384
337,383
337,379
338,378
338,376
339,375
339,373
340,372
340,367
339,366
339,364
338,363
338,362
340,360
341,360
342,359
356,359
357,360
360,360
361,361
364,361
365,362
384,362
385,363
386,363
387,364
388,364
395,371
395,372
396,373
396,375
397,376
397,378
399,380
401,380
404,383
405,383
406,384
408,384
422,398
421,399
418,399
417,398
416,398
415,399
413,399
411,401
406,401
405,402
403,402
402,403
401,403
401,404
400,405
400,408
399,409
399,411
400,412
400,414
401,415
401,417
402,418
402,419
403,420
403,421
404,422
405,422
406,423
408,423
412,427
412,428
416,428
417,429
424,429
425,428
429,428
430,427
435,427
439,431
439,432
440,433
440,435
442,437
446,437
447,438
449,438
450,439
452,439
453,440
461,440
462,439
465,439
465,437
466,436
466,434
470,430
472,430
473,429
474,429
476,427
476,426
479,423
480,423
484,419
484,416
485,415
485,413
487,411
487,410
489,408
489,404
490,403
490,402
495,397
496,397
496,393
497,392
497,391
498,390
499,390
500,389
505,389
505,388
506,387
506,382
507,381
508,381
509,380
512,380
513,379
513,378
514,377
514,370
515,369
515,365
514,364
514,362
513,361
512,361
511,360
508,360
507,359
505,359
504,358
504,357
505,356
505,355
508,352
509,352
510,351
510,349
511,348
511,347
512,346
513,346
514,345
518,345
519,344
519,342
521,340
522,340
523,339
526,339
527,338
529,338
530,337
530,336
534,332
536,332
538,330
539,330
540,329
544,329
544,322
547,319
547,318
548,317
548,316
550,314
554,314
555,313
557,313
557,308
552,303
552,300
551,299
551,298
552,297
552,295
553,294
553,284
555,282
555,281
556,280
556,278
557,277
557,271
556,270
556,267
557,266
557,263
556,262
556,261
555,260
555,258
557,256
558,256
559,255
559,252
560,251
560,246
559,245
559,243
558,243
557,242
556,242
555,241
555,236
554,235
554,234
553,233
553,232
552,231
552,230
551,229
551,225
550,224
548,224
547,223
545,223
544,224
542,224
541,225
539,225
535,221
535,219
534,218
534,217
532,215
532,214
522,204
522,203
521,203
520,202
518,202
517,201
515,201
512,198
512,197
511,197
510,196
509,196
508,195
508,194
507,193
507,184
505,184
504,183
503,183
501,181
501,180
500,179
500,172
499,171
497,171
496,170
495,171
492,171
491,170
490,170
489,169
483,169
481,167
481,166
480,165
478,165
477,164
473,164
471,162
471,152
473,150
473,148
474,147
474,143
473,142
473,141
472,140
471,140
469,138
469,137
468,136
468,132
467,131
466,131
465,130
464,130
460,126
460,125
458,123
458,122
457,121
457,118
455,116
454,116
451,113
451,112
450,111
450,110
448,110
447,109
446,109
445,110
443,110
440,113
438,113
437,114
432,114
431,113
430,113
427,110
427,109
425,109
424,108
421,108
420,109
417,109
411,103
410,103
406,99
406,98
405,97
405,93
404,92
404,90
403,89
396,89
394,87
394,86
393,86
392,85
388,85
387,86
386,86
385,87
384,87
382,85
381,85
380,84
378,84
377,83
376,83
375,82
374,82
371,79
369,79
368,78
366,78
365,79
363,79
363,80
362,81
362,82
361,83
361,85
358,88
358,90
357,91
357,93
355,95
354,95
353,96
352,96
351,97
350,97
348,99
347,99
344,102
343,102
342,103
341,103
339,105
339,106
338,107
338,110
339,111
339,114
337,116
337,117
336,118
336,123
339,126
340,126
341,127
345,127
347,129
344,132
342,132
341,133
339,133
338,134
337,134
337,135
336,136
336,140
341,145
341,146
342,147
342,148
344,150
344,152
342,154
342,155
341,156
341,158
340,159
340,160
341,161
341,163
342,164
342,175
343,176
343,178
345,178
347,180
348,180
349,181
356,181
357,180
358,180
359,179
360,180
360,182
359,183
359,184
358,185
358,186
356,188
356,189
355,190
355,191
352,194
352,195
351,196
351,197
350,198
350,199
349,200
349,201
348,202
348,203
345,206
345,207
344,208
344,209
343,210
343,212
342,213
342,214
341,215
341,216
336,221
336,222
334,224
334,225
332,227
332,228
326,234
326,235
325,236
325,237
321,241
320,241
319,242
319,243
314,248
313,248
311,250
311,251
307,255
306,255
303,258
302,258
298,262
297,262
296,263
295,263
294,264
293,264
292,265
290,265
289,266
288,266
287,267
287,268
282,273
281,273
280,274
277,274
276,273
275,273
271,269
271,265
272,264
272,261
273,260
273,244
272,243
272,238
271,237
271,232
270,231
270,229
269,228
269,227
268,226
268,225
267,224
267,222
266,221
266,218
265,217
265,214
264,213
264,211
263,210
263,209
259,205
257,205
256,204
253,204
252,205
250,205
247,208
245,208
242,205
242,203
241,202
241,201
240,200
240,198
239,197
239,195
237,193
237,190
236,189
236,186
235,185
235,182
234,181
234,168
235,167
235,160
234,159
234,148
235,147
235,137
236,136
236,134
239,131
242,131
246,135
246,136
247,137
247,138
250,141
250,142
251,143
252,143
253,144
260,144
261,143
262,143
263,142
263,140
266,137
268,137
270,135
270,134
271,133
271,131
272,130
272,129
273,128
274,128
275,127
277,127
277,121
272,116
272,115
271,114
271,113
273,111
282,111
283,110
283,104
284,103
284,102
287,99
288,99
288,92
286,90
286,87
285,86
285,84
284,83
283,83
282,82
281,82
280,81
280,80
279,79
280,78
280,75
281,74
281,68
280,67
278,67
277,66
275,66
274,65
274,64
273,63
273,58
272,57
264,57
263,56
262,56
261,55
259,55
258,54
252,54
249,51
249,50
248,49
248,46
247,45
246,45
245,44
244,44
243,43
243,35
241,33
236,33
234,35
233,35
232,36
231,36
230,37
228,37
227,36
225,36
224,35
221,35
220,34
218,34
217,33
214,33
213,32
211,32
