903
209,40
207,42
207,44
206,45
206,46
204,48
204,49
199,54
196,54
195,55
190,55
189,56
183,56
182,57
178,57
174,61
173,61
172,62
168,62
167,63
165,63
164,64
163,64
162,65
160,65
159,66
157,66
152,71
151,71
151,73
150,74
150,76
149,77
149,91
148,92
148,96
149,97
149,98
150,99
161,99
162,98
167,98
168,97
179,97
180,96
181,96
182,95
183,95
184,94
186,94
187,95
188,95
197,104
197,105
199,107
199,109
197,111
197,112
195,114
195,115
191,119
191,120
187,124
187,125
184,128
184,129
180,133
180,134
176,138
176,139
174,141
174,142
171,145
171,148
170,149
170,152
169,153
169,155
168,156
168,158
167,159
167,162
166,163
166,168
165,169
165,178
164,179
164,180
163,181
163,182
162,183
162,184
161,185
161,188
160,189
160,191
158,193
158,194
157,195
157,196
156,197
156,198
155,199
155,200
152,203
150,203
149,202
148,202
147,201
145,201
143,199
142,199
140,197
138,197
137,196
136,196
134,194
133,194
131,192
129,192
127,190
126,190
124,188
123,188
121,186
120,186
117,183
116,183
112,179
111,179
108,176
107,176
105,174
103,174
102,173
82,173
81,174
75,174
74,175
73,175
72,176
71,176
70,177
69,177
68,178
67,178
65,180
64,180
62,182
61,182
51,192
51,193
50,194
50,196
49,197
49,200
50,201
50,202
51,203
53,203
55,205
60,205
61,204
62,204
66,200
69,200
70,201
72,201
73,200
76,200
77,199
78,199
80,197
81,197
82,196
83,196
84,195
84,194
86,192
86,191
87,190
88,190
89,189
90,190
91,190
97,196
98,196
103,201
104,201
109,206
110,206
115,211
116,211
121,216
122,216
127,221
127,222
133,228
134,228
135,229
135,230
138,233
139,233
142,236
143,236
146,239
147,239
150,242
151,242
152,243
153,243
157,247
160,247
165,252
165,253
164,254
164,257
163,258
163,260
162,261
162,263
161,264
161,268
160,269
160,276
159,277
159,280
158,281
158,285
157,286
157,289
156,290
156,294
155,295
155,297
153,299
153,300
152,301
152,302
151,303
150,303
147,306
146,306
144,308
130,308
129,309
127,309
126,310
125,310
122,313
121,313
120,314
120,315
117,318
117,319
116,320
116,323
117,324
118,324
119,325
138,325
139,326
155,326
161,320
161,319
163,317
164,317
165,316
165,315
168,312
170,312
173,309
173,308
175,306
175,304
176,303
176,302
177,301
177,300
178,299
178,298
179,297
179,296
180,295
180,293
181,292
181,291
183,289
183,288
184,287
184,286
185,285
185,283
186,282
186,281
188,279
188,278
189,277
189,276
190,275
190,273
191,272
191,271
192,270
192,269
193,268
193,267
195,265
195,263
196,262
196,260
198,258
198,257
200,255
200,253
201,252
201,251
207,245
207,244
209,242
210,242
214,238
215,238
219,234
223,234
227,238
271,238
272,237
279,237
280,236
283,236
284,235
288,235
289,234
296,234
297,233
317,233
320,236
320,240
321,241
321,246
322,247
322,251
321,252
321,264
322,265
322,268
323,269
323,272
324,273
324,274
327,277
327,278
328,279
328,280
329,281
329,282
332,285
332,286
333,287
333,288
335,290
335,294
334,295
334,296
333,297
333,298
332,299
332,300
324,308
322,308
321,309
319,309
318,310
316,310
315,311
313,311
312,312
290,312
289,313
287,313
281,319
281,320
279,322
279,327
283,327
284,326
297,326
298,327
306,327
307,328
318,328
319,327
325,327
326,326
329,326
330,325
332,325
334,323
337,323
338,322
341,322
342,321
343,321
344,320
346,320
347,319
348,319
349,318
351,318
352,317
355,317
356,316
358,316
359,315
360,315
361,314
363,314
364,313
365,313
366,312
368,312
370,310
370,305
368,303
368,302
367,301
367,300
365,298
365,297
364,296
364,295
363,294
363,293
362,292
362,290
360,288
360,283
359,282
359,279
358,278
358,266
359,265
359,263
360,262
360,259
361,258
361,256
362,255
362,254
366,250
367,250
370,247
372,247
374,245
376,245
385,254
386,254
388,256
389,256
390,257
391,257
395,261
396,261
397,262
398,262
399,263
400,263
401,264
402,264
404,266
406,266
407,267
409,267
410,268
411,268
413,270
416,270
417,271
420,271
421,272
423,272
424,273
426,273
427,274
428,274
429,275
430,275
431,276
432,276
435,279
436,279
441,284
442,284
448,290
448,291
451,294
451,295
453,297
453,300
454,301
454,304
455,305
455,309
456,310
455,311
455,314
453,316
444,316
443,317
441,317
440,318
439,318
437,320
437,321
436,322
436,324
435,325
436,326
489,326
490,325
491,325
492,324
492,321
489,318
487,318
484,315
484,314
482,312
481,312
480,311
480,310
479,309
479,308
474,303
473,303
469,299
469,284
468,283
468,281
467,280
467,278
466,277
466,274
465,273
465,270
466,269
466,257
467,256
467,242
466,241
466,238
465,237
465,234
464,233
464,229
462,227
462,226
461,225
461,224
460,223
460,222
459,221
459,219
458,218
458,217
457,216
457,215
455,213
455,212
453,210
453,208
452,207
452,206
448,202
448,201
438,191
438,190
437,190
432,185
431,185
429,183
427,183
426,182
425,182
423,180
422,180
420,178
417,178
416,177
415,177
414,176
412,176
411,175
410,175
409,174
405,174
404,173
401,173
400,172
399,172
398,171
396,171
395,170
394,170
393,169
390,169
389,168
385,168
384,167
381,167
380,166
378,166
377,165
375,165
374,164
371,164
370,163
363,163
362,162
358,162
357,161
354,161
353,160
347,160
346,159
342,159
341,158
338,158
337,157
336,157
335,156
334,156
332,154
332,151
333,150
333,146
332,145
332,142
331,141
331,140
332,139
333,139
334,140
335,140
336,141
337,141
338,142
339,142
340,143
341,143
342,144
349,144
350,143
355,143
356,142
359,142
360,143
362,143
363,144
365,144
366,145
374,145
377,142
379,142
380,141
382,141
383,142
384,142
385,143
388,143
389,144
398,144
401,141
402,141
405,138
410,138
411,139
417,139
418,140
421,140
422,139
429,139
430,138
433,138
435,136
436,136
439,133
439,132
443,128
443,127
448,122
448,120
451,117
452,117
453,116
456,116
457,115
461,115
462,114
465,114
466,113
468,113
469,112
471,112
472,111
473,111
474,110
474,109
484,99
485,99
490,94
491,94
493,92
493,91
494,90
494,89
496,87
496,86
498,84
498,80
499,79
499,76
498,75
498,74
491,67
490,67
489,66
487,66
486,65
484,65
483,66
479,66
478,67
478,71
480,73
480,74
481,75
481,76
480,77
476,77
475,78
467,78
466,79
449,79
448,78
444,78
443,77
440,77
439,76
435,76
434,75
427,75
426,74
422,74
421,73
417,73
416,72
413,72
412,71
406,71
405,70
403,70
402,69
400,69
399,68
397,68
396,67
395,67
394,66
391,66
390,65
389,65
387,63
386,63
385,62
384,62
383,61
382,61
378,57
375,57
374,56
370,56
369,57
367,57
366,58
364,58
363,59
357,59
356,60
347,60
346,59
341,59
340,58
324,58
323,57
322,58
321,58
320,57
310,57
309,58
306,58
305,59
302,59
300,61
299,61
298,62
297,62
295,64
294,64
293,65
293,66
291,68
291,69
288,72
288,76
287,77
287,82
286,83
286,101
285,102
285,105
283,107
283,108
282,109
282,112
281,113
281,115
278,118
278,119
276,121
276,122
275,123
275,124
271,128
271,129
269,131
268,131
264,135
263,135
262,136
261,136
258,139
257,139
256,140
255,140
254,141
252,141
251,142
250,142
249,143
248,143
247,144
244,144
243,145
241,145
240,144
239,144
238,143
238,141
239,140
239,139
240,138
240,137
241,136
241,133
242,132
242,126
243,125
243,120
244,119
244,95
243,94
243,88
242,87
242,84
241,83
241,80
240,79
240,78
239,77
239,75
238,74
238,73
237,72
237,70
236,69
236,68
234,66
233,66
228,61
227,61
225,59
224,59
220,55
220,54
219,53
219,51
218,50
218,47
217,46
217,44
213,40
