1046
272,40
271,41
269,41
269,45
270,46
270,52
266,56
264,56
263,57
262,57
261,58
247,58
246,57
242,57
241,56
237,56
236,55
225,55
224,56
221,56
220,57
219,57
218,58
217,58
216,59
215,59
214,60
213,60
212,61
212,65
213,65
214,66
226,66
227,67
233,67
234,68
239,68
240,69
241,69
243,71
244,71
250,77
250,79
251,80
251,82
252,83
252,85
253,86
253,105
251,107
251,108
248,111
247,111
246,112
244,112
243,113
241,113
240,114
238,114
237,115
234,115
233,116
231,116
230,117
228,117
227,118
226,118
225,119
224,119
223,120
221,120
220,121
219,121
219,124
232,124
233,125
235,125
239,129
240,129
249,138
250,138
258,146
258,147
259,148
259,149
261,151
261,153
262,154
262,160
261,161
257,161
251,155
249,155
248,154
246,154
245,155
243,155
239,159
239,160
237,162
236,162
235,163
234,163
232,165
224,165
223,166
221,166
220,167
213,167
212,168
210,168
209,169
209,170
203,176
201,176
200,177
199,177
198,178
196,178
195,179
194,179
193,180
189,180
188,181
186,181
186,183
185,184
185,186
182,189
181,189
176,194
176,195
175,196
175,197
174,198
174,199
169,204
168,204
167,205
166,205
165,206
160,206
159,207
158,207
158,208
152,214
151,214
150,215
149,215
148,216
146,216
145,217
144,217
143,218
141,218
140,219
138,219
137,220
135,220
134,221
133,221
131,223
118,223
117,222
116,222
115,221
114,221
113,220
112,220
111,219
110,219
109,218
108,218
103,213
103,212
101,210
101,209
100,208
100,207
97,204
97,203
96,202
96,200
95,199
95,195
94,194
94,193
93,192
93,190
92,189
92,185
93,184
93,182
96,179
96,178
97,177
97,176
100,173
100,170
103,167
103,166
104,165
104,164
105,163
105,162
107,160
107,159
109,157
109,152
110,151
110,148
112,146
112,143
113,142
113,140
114,139
114,138
117,135
117,133
120,130
120,129
121,128
121,122
120,121
120,119
119,118
119,117
118,116
118,115
117,114
117,113
113,109
113,108
108,103
106,103
105,102
98,102
97,103
91,103
90,102
83,102
82,103
80,103
79,104
78,104
77,105
77,108
78,109
78,110
83,115
83,118
84,119
84,122
85,123
85,124
86,124
90,128
92,128
93,129
94,129
95,130
97,130
102,135
102,136
103,137
103,140
101,142
101,143
94,150
93,150
92,151
91,151
87,155
86,155
77,164
77,165
76,166
76,167
74,169
74,170
73,171
73,172
72,173
72,174
70,176
70,177
69,178
69,181
68,182
68,195
69,196
69,198
70,199
70,200
71,201
71,202
72,203
72,206
73,207
73,209
76,212
76,219
77,220
77,221
81,225
81,226
82,227
82,228
88,234
88,235
89,236
89,237
90,238
91,238
92,239
93,239
98,244
99,244
102,247
103,247
105,249
107,249
108,250
109,250
110,251
112,251
113,252
115,252
116,253
118,253
119,254
120,254
121,255
125,255
126,256
129,256
130,257
134,257
135,258
142,258
143,257
145,257
146,256
151,256
152,257
155,257
156,256
157,256
159,254
160,254
161,253
162,253
163,252
164,252
167,249
168,249
172,245
173,245
174,244
176,244
177,243
178,243
179,242
181,242
182,241
185,241
186,240
194,240
196,242
196,243
195,244
194,244
193,245
192,245
191,246
190,246
189,247
188,247
186,249
185,249
184,250
184,251
182,253
182,254
181,255
181,256
180,257
180,258
179,259
179,260
178,261
178,263
177,264
177,266
175,268
175,269
174,270
174,271
170,275
170,276
167,279
157,279
156,278
155,278
154,277
149,277
148,278
146,278
145,279
144,279
142,281
142,284
143,285
146,285
147,286
150,286
151,287
178,287
179,286
181,286
182,285
216,285
217,284
219,284
220,283
220,280
219,279
219,278
216,275
214,275
213,274
209,274
208,273
204,273
203,274
187,274
186,273
186,272
185,271
186,270
186,269
189,266
190,266
191,265
192,265
195,262
196,262
197,261
199,261
200,260
201,260
204,257
205,257
206,256
216,256
217,255
221,255
222,254
224,254
225,253
226,253
227,252
228,252
231,249
232,249
233,248
234,248
234,247
237,244
238,244
241,241
242,241
243,240
244,240
247,243
247,244
251,248
251,249
252,250
252,251
254,253
254,254
255,255
255,256
256,257
256,258
258,260
258,262
259,263
259,264
260,265
260,266
263,269
263,270
264,270
265,271
266,271
267,272
268,272
271,275
271,276
269,278
268,278
267,279
263,279
262,280
260,280
257,283
257,285
258,286
265,286
266,285
269,285
270,284
292,284
293,283
309,283
310,282
311,283
315,283
316,284
325,284
326,283
328,283
329,282
331,282
332,281
334,281
334,276
333,275
333,274
332,273
331,273
329,271
328,271
327,270
325,270
324,269
323,269
322,268
315,268
314,269
313,269
312,270
310,270
309,271
303,271
302,272
287,272
286,271
285,271
278,264
278,263
277,262
277,261
276,260
276,258
275,257
275,254
274,253
274,231
273,230
273,226
272,225
272,224
271,223
271,222
270,221
270,220
273,217
276,217
277,218
279,218
280,219
281,219
284,222
285,222
286,223
287,223
288,224
289,224
290,225
291,225
292,226
293,226
294,227
296,227
297,228
298,228
299,229
300,229
301,230
302,230
303,231
305,231
306,232
309,232
313,236
314,236
316,238
317,238
318,239
320,239
321,240
323,240
324,241
327,241
328,242
331,242
332,243
334,243
335,244
336,244
339,247
352,247
353,248
354,248
357,251
354,254
353,254
350,257
350,261
351,262
351,264
352,265
352,268
353,269
353,270
355,272
355,273
356,274
357,274
358,275
361,275
364,278
365,278
366,279
367,279
368,280
369,280
372,283
374,283
377,286
378,286
381,289
381,290
379,292
375,292
374,293
372,293
372,294
369,297
368,297
368,300
373,300
374,299
377,299
378,298
388,298
389,297
421,297
428,290
429,290
430,289
429,288
430,287
429,286
427,286
426,285
407,285
406,284
392,284
391,283
390,283
387,280
386,280
383,277
383,276
382,276
376,270
376,269
375,268
375,265
376,264
376,263
382,257
384,257
386,255
388,255
389,254
390,254
391,253
394,253
395,252
399,252
400,251
405,251
406,250
407,250
408,249
410,249
411,248
413,248
415,246
420,246
421,247
423,247
424,248
426,248
427,249
435,249
436,250
447,250
448,251
451,251
452,252
454,252
456,254
456,256
454,258
453,258
450,261
449,261
447,263
447,264
446,265
447,266
447,268
452,268
454,266
456,266
457,265
458,265
459,264
460,264
462,262
463,262
464,261
466,261
467,260
469,260
470,259
471,259
472,258
474,258
475,257
477,257
479,255
481,255
482,254
483,254
484,253
487,253
488,252
489,252
490,251
491,251
492,250
494,250
495,249
498,249
500,247
502,247
503,246
504,246
505,245
507,245
508,244
511,244
512,243
513,243
513,236
512,236
511,235
509,235
508,234
506,234
505,233
503,233
502,232
494,232
493,233
491,233
489,235
488,235
486,237
485,237
482,240
481,240
480,241
478,241
477,242
463,242
462,241
459,241
458,240
456,240
453,237
452,237
447,232
447,229
448,228
448,226
449,225
449,224
450,223
450,221
451,220
451,218
452,217
452,213
453,212
453,209
454,208
454,205
455,204
455,199
454,198
454,196
453,195
453,192
452,191
452,187
451,186
451,184
450,183
450,181
449,180
449,177
448,176
448,174
447,173
447,171
446,170
446,169
445,168
445,160
444,159
444,153
439,148
439,147
438,146
438,140
432,134
432,133
429,130
429,128
428,127
428,123
429,122
429,121
434,116
438,116
439,117
441,117
442,118
444,118
445,119
446,119
451,124
451,125
454,128
454,129
455,130
455,131
459,131
460,130
461,130
462,129
463,129
464,128
465,128
466,127
468,127
471,124
471,122
467,118
467,117
466,116
466,115
464,115
463,114
460,114
459,113
458,113
456,111
456,110
457,109
460,109
461,110
464,110
465,111
476,111
476,109
477,108
477,106
478,105
478,104
479,103
479,99
478,99
477,98
476,98
475,97
474,97
473,96
472,96
471,95
469,95
468,94
466,94
465,93
463,93
462,92
461,92
460,91
459,91
458,90
455,90
454,89
453,89
452,88
451,88
449,86
447,86
446,85
445,85
443,83
442,83
441,82
440,82
437,79
437,78
436,77
436,72
435,71
435,68
434,67
434,66
430,66
428,68
421,68
420,67
419,67
417,65
413,65
413,66
412,67
412,70
406,76
403,76
402,77
401,77
401,78
400,79
400,81
399,82
399,83
398,84
398,85
394,89
393,89
393,90
392,91
392,107
391,108
391,110
390,111
390,113
389,114
389,116
388,117
388,120
387,121
387,135
388,136
388,141
389,142
389,158
388,159
388,167
385,170
384,170
383,171
375,171
374,170
373,170
372,169
371,169
370,168
368,168
367,167
364,167
363,166
363,160
364,159
364,150
363,149
363,143
362,142
362,139
361,138
361,135
360,134
360,133
353,126
353,125
351,123
351,122
348,119
348,118
343,113
343,112
340,109
340,108
336,104
336,103
334,101
334,100
331,97
331,96
328,93
328,92
323,87
323,86
319,82
319,81
317,79
317,78
312,73
312,72
310,70
310,69
307,66
307,65
303,61
303,60
298,55
298,54
287,43
285,43
284,42
283,42
282,41
280,41
279,40
