829
277,32
276,33
275,33
275,34
273,36
267,36
266,37
265,37
263,39
261,39
260,40
259,40
257,42
254,42
253,43
252,43
249,46
249,47
246,50
245,50
243,52
242,52
241,53
240,53
239,54
239,55
237,57
237,58
236,59
236,60
235,61
235,62
230,67
230,68
229,69
229,70
228,71
228,72
223,77
223,78
222,79
222,80
221,81
221,85
219,87
219,88
218,89
218,90
217,91
217,94
215,96
215,97
214,98
214,101
213,102
213,103
212,104
212,111
209,114
207,114
205,112
204,112
201,109
200,109
199,108
198,108
196,106
196,105
195,104
195,103
194,102
193,102
192,101
189,101
187,99
186,99
185,98
182,98
180,96
179,96
178,95
173,95
171,93
171,92
170,92
169,91
149,91
148,92
147,92
147,93
145,95
140,95
139,96
138,96
136,98
133,98
132,99
131,99
129,101
126,101
125,102
124,102
122,104
121,104
120,105
119,105
119,106
118,107
118,108
115,111
114,111
113,112
112,112
111,113
111,114
107,118
106,118
106,119
102,123
102,124
100,126
100,127
99,128
99,129
95,133
95,134
93,136
93,137
91,139
91,140
90,141
90,142
89,143
89,146
86,149
86,150
85,151
85,152
84,153
84,157
83,158
83,159
82,160
82,162
80,164
80,165
79,166
79,170
78,171
78,172
77,173
77,184
78,185
78,186
79,187
79,188
80,189
80,190
89,190
89,189
92,186
93,186
94,185
94,184
98,180
102,180
102,179
105,176
107,176
110,173
116,173
119,170
132,170
135,167
139,167
142,170
148,170
150,172
150,175
149,176
144,176
143,177
142,177
142,178
140,180
137,180
136,181
135,181
132,184
131,184
129,186
128,186
127,187
126,187
126,188
123,191
122,191
116,197
115,197
112,200
112,201
111,202
111,203
109,205
109,206
107,208
107,209
103,213
103,214
102,215
102,216
100,218
100,219
99,220
99,221
98,222
98,225
95,228
95,229
94,230
94,231
93,232
93,235
92,236
92,237
91,238
91,242
90,243
90,244
89,245
89,247
87,249
87,250
86,251
86,258
85,259
85,260
84,261
84,268
83,269
83,270
82,271
82,293
80,295
80,296
79,297
79,299
80,300
80,301
82,303
82,322
83,323
83,324
84,325
84,332
85,333
85,334
86,335
86,336
87,337
93,337
94,336
94,335
95,334
95,330
98,327
98,324
99,323
99,322
100,321
100,317
101,316
101,315
105,311
105,307
106,306
106,305
108,303
108,302
110,300
110,299
111,298
111,297
115,293
115,292
117,290
117,289
121,285
121,284
122,283
122,282
126,278
127,278
130,275
130,274
133,271
134,271
137,268
139,268
142,265
143,265
146,262
148,262
148,261
151,258
155,258
158,255
162,255
165,252
173,252
173,251
176,248
180,248
182,250
182,255
179,258
178,258
177,259
176,259
176,260
175,261
175,262
173,264
173,265
171,267
171,268
167,272
167,273
166,274
166,275
164,277
164,278
160,282
160,283
159,284
159,288
158,289
158,290
157,291
157,294
156,295
156,296
155,297
155,304
154,305
154,306
153,307
153,338
154,339
154,340
155,341
155,351
156,352
156,353
157,354
157,358
158,359
158,360
159,361
159,364
160,365
160,366
163,369
163,370
164,371
164,372
166,374
166,375
170,379
170,380
173,380
173,379
174,378
174,377
175,376
175,350
178,347
178,340
179,339
179,338
180,337
180,333
181,332
181,331
182,330
182,327
185,324
185,320
186,319
186,318
188,316
188,315
190,313
190,312
191,311
191,310
195,306
195,305
197,303
197,302
201,298
201,297
202,296
202,295
204,293
204,292
208,288
210,288
213,285
214,285
214,284
217,281
221,281
224,284
224,285
228,289
228,299
229,300
229,301
230,302
230,309
231,310
231,311
233,313
233,322
234,323
234,324
235,325
235,335
236,336
236,337
237,338
237,351
238,352
238,353
239,354
239,368
240,369
240,370
242,372
242,394
243,395
243,396
244,397
244,432
243,433
243,434
242,435
242,446
241,447
241,451
240,452
240,455
239,456
239,476
238,477
238,482
237,483
237,487
235,489
235,491
234,492
234,506
233,507
233,509
232,510
232,513
231,514
231,519
230,520
230,523
229,524
229,528
230,529
230,531
232,533
232,534
233,535
233,536
234,537
234,539
235,540
235,542
236,543
273,543
274,544
302,544
303,543
305,543
306,542
307,542
308,541
308,538
309,537
309,536
314,531
314,528
315,527
315,514
314,513
314,474
313,473
313,471
312,470
312,467
311,466
311,462
310,461
310,453
309,452
309,450
307,448
307,447
306,446
306,445
305,444
305,441
304,440
304,438
303,437
303,435
301,433
301,431
300,430
300,429
299,428
299,417
296,414
296,400
295,399
295,398
294,397
294,387
293,386
293,385
292,384
292,374
291,373
291,372
290,371
290,361
287,358
287,351
286,350
286,349
285,348
285,341
284,340
284,339
283,338
283,331
280,328
280,322
279,321
279,320
278,319
278,312
277,311
277,310
276,309
276,305
275,304
275,303
274,302
274,295
271,292
271,289
270,288
270,287
269,286
269,282
268,281
268,280
267,279
267,276
264,273
264,269
263,268
263,267
262,266
262,265
263,264
263,263
264,262
264,261
267,258
271,258
274,255
299,255
302,258
308,258
311,261
311,262
313,262
316,265
317,265
320,268
322,268
326,272
326,273
327,274
327,275
328,276
328,277
333,282
333,283
334,284
334,285
335,286
335,287
340,292
340,293
342,295
342,296
343,297
343,298
347,298
347,297
348,296
348,295
349,294
349,263
348,262
348,261
347,260
347,253
344,250
344,246
343,245
343,244
341,242
341,241
340,240
340,236
339,235
339,234
334,229
334,228
332,226
332,225
331,224
331,223
327,219
327,218
326,217
325,217
322,214
322,213
321,213
320,212
319,212
317,210
316,210
315,209
312,209
310,207
309,207
308,206
287,206
285,204
285,202
288,199
290,199
293,196
294,196
297,193
299,193
302,190
303,190
303,189
306,186
310,186
313,183
319,183
322,180
331,180
331,179
334,176
352,176
355,179
355,180
363,180
366,183
372,183
375,186
377,186
380,189
380,190
381,190
384,193
386,193
389,196
397,196
397,181
396,180
396,179
395,178
395,171
391,167
391,166
390,165
390,161
389,160
389,159
387,157
387,156
386,155
386,151
382,147
382,146
380,144
380,143
379,142
379,141
375,137
375,136
373,134
373,133
372,132
371,132
370,131
369,131
367,129
367,128
366,127
366,126
364,124
364,123
363,122
362,122
361,121
360,121
358,119
358,118
357,118
354,115
353,115
352,114
351,114
349,112
348,112
347,111
344,111
342,109
341,109
340,108
335,108
333,106
333,105
332,105
331,104
302,104
301,105
300,105
300,106
298,108
295,108
294,109
293,109
291,111
288,111
287,112
286,112
284,114
280,114
278,112
278,111
281,108
283,108
283,107
284,106
284,105
286,103
286,102
290,98
292,98
293,97
293,96
294,95
294,94
297,91
299,91
302,88
303,88
306,85
308,85
308,84
311,81
315,81
318,78
322,78
325,75
338,75
341,72
342,72
342,71
343,70
343,69
344,68
344,59
343,58
343,57
341,55
341,54
340,53
339,53
338,52
337,52
334,49
334,48
333,47
333,46
332,46
331,45
330,45
328,43
327,43
324,40
323,40
322,39
319,39
317,37
316,37
315,36
308,36
306,34
306,33
305,33
304,32
