698
322,32
321,33
318,33
317,34
316,34
315,35
315,36
313,38
309,38
308,39
306,39
304,41
304,43
303,44
303,46
301,48
301,50
300,51
300,54
296,58
296,60
295,61
295,64
293,66
293,67
291,69
291,70
286,75
286,77
285,78
285,85
286,86
286,90
287,91
287,93
289,95
301,95
307,89
308,89
309,88
319,88
321,90
321,91
322,92
322,93
323,94
323,95
324,96
324,98
325,99
325,100
326,101
326,103
327,104
327,107
328,108
328,110
329,111
329,116
330,117
330,118
327,121
326,121
325,122
323,122
322,123
320,123
319,124
317,124
316,125
315,125
314,126
312,126
311,127
308,127
307,128
305,128
304,129
301,129
300,130
297,130
296,131
292,131
291,132
288,132
287,133
284,133
283,134
278,134
277,135
272,135
271,136
266,136
265,137
260,137
259,138
255,138
254,139
249,139
248,140
243,140
242,141
236,141
235,142
232,142
231,143
226,143
225,144
221,144
220,145
217,145
216,146
213,146
212,147
210,147
209,148
207,148
206,149
203,149
202,150
200,150
199,151
197,151
196,152
194,152
193,153
191,153
190,154
188,154
187,155
185,155
184,156
182,156
181,157
180,157
179,158
177,158
176,159
174,159
173,160
171,160
170,161
169,161
168,162
167,162
166,163
164,163
163,164
161,164
160,165
158,165
157,166
156,166
155,167
153,167
152,168
150,168
149,169
148,169
147,170
145,170
144,171
143,171
142,172
140,172
139,173
138,173
137,174
136,174
135,175
133,175
132,176
131,176
130,177
129,177
128,178
125,178
124,179
122,179
121,180
119,180
118,181
115,181
114,182
112,182
111,183
109,183
108,184
106,184
105,185
103,185
102,186
101,186
100,187
98,187
97,188
96,188
95,189
93,189
92,190
91,190
90,191
88,191
87,192
86,192
85,193
84,193
83,194
82,194
81,195
80,195
79,196
78,196
77,197
76,197
75,198
74,198
73,199
72,199
71,200
70,200
69,201
68,201
67,202
66,202
65,203
64,203
62,205
61,205
59,207
58,207
56,209
55,209
53,211
52,211
42,221
42,223
41,224
41,225
42,226
42,227
50,227
51,226
52,226
53,225
54,225
55,226
55,227
54,228
53,228
49,232
49,234
48,235
48,236
49,237
49,238
64,238
65,237
68,237
69,238
68,239
68,241
67,242
67,245
68,246
68,247
74,247
75,246
77,246
78,245
79,245
80,244
81,244
82,243
84,243
85,242
86,242
87,241
88,241
89,240
90,240
91,241
91,243
92,244
92,246
102,246
103,245
104,245
105,244
107,244
108,243
110,243
111,242
113,242
114,241
116,241
117,240
119,240
121,242
121,243
129,243
130,242
133,242
134,241
136,241
137,240
139,240
140,239
145,239
147,241
163,241
164,240
166,240
167,239
172,239
173,240
184,240
186,238
188,238
189,237
191,239
200,239
201,238
203,238
204,237
206,237
207,236
219,236
220,235
221,235
222,234
223,234
224,233
225,234
237,234
242,229
243,230
253,230
254,229
255,229
256,228
258,228
259,227
265,227
266,226
267,226
268,225
269,225
270,224
272,224
273,223
281,223
282,222
283,222
284,221
285,221
287,219
289,219
290,218
294,218
295,217
296,217
299,214
301,214
302,213
309,213
315,207
316,207
317,206
319,206
323,202
323,201
325,199
326,199
327,198
330,198
334,194
334,193
336,191
339,194
339,206
340,207
340,210
341,211
341,227
340,228
340,230
339,231
339,235
335,239
335,240
330,245
330,247
329,248
329,250
330,251
330,253
331,254
333,254
334,255
349,255
350,254
351,254
352,253
352,247
350,245
350,244
351,243
352,244
353,244
355,246
367,246
368,245
369,245
371,243
372,243
372,242
373,241
373,234
374,233
374,224
373,223
373,212
374,211
374,209
375,208
375,199
374,198
374,196
373,195
373,192
374,191
374,188
375,187
375,182
377,180
383,180
384,181
408,181
409,180
412,180
416,184
416,185
417,186
417,187
418,188
418,189
419,190
419,191
420,192
420,193
421,194
421,195
422,196
422,197
423,198
423,199
425,201
425,202
426,203
426,204
428,206
428,207
431,210
431,211
434,214
434,215
436,217
436,218
438,220
438,221
439,222
439,223
440,224
440,229
441,230
441,233
442,234
442,235
443,236
443,257
442,258
442,264
441,265
441,266
437,270
437,271
431,277
431,279
430,280
430,282
431,283
431,285
432,286
433,286
434,287
436,287
437,288
440,288
441,289
450,289
453,286
453,280
452,279
454,277
456,279
463,279
465,277
465,276
468,273
468,269
469,268
469,267
471,265
471,264
473,262
474,262
475,263
486,263
486,258
488,256
488,250
487,249
487,247
488,246
488,239
489,238
489,236
494,231
495,231
496,230
499,230
500,229
500,182
499,181
499,176
498,175
498,173
497,172
497,170
496,169
496,166
495,165
495,163
494,162
494,161
493,160
493,159
492,158
492,157
491,156
491,155
490,154
490,153
489,152
489,150
488,149
488,148
486,146
486,145
485,144
485,143
483,141
483,140
474,131
476,129
477,130
516,130
519,127
522,127
523,126
523,125
525,123
526,123
527,122
530,122
530,119
533,116
534,116
534,115
537,112
537,110
538,109
538,108
539,107
539,98
540,97
540,90
539,89
539,82
538,81
538,78
537,78
536,77
534,77
532,75
532,74
531,74
530,73
526,73
523,70
523,66
522,66
521,65
515,65
514,64
513,64
511,62
511,60
510,60
509,59
506,59
505,58
478,58
477,59
474,59
473,60
470,60
469,61
467,61
466,62
464,62
463,63
461,63
460,64
458,64
457,65
456,65
455,66
453,66
452,67
448,67
447,68
444,68
443,69
440,69
439,70
436,70
435,71
433,71
432,72
430,72
429,73
426,73
425,74
423,74
422,75
421,75
420,76
418,76
417,77
416,77
415,78
414,78
412,80
411,80
397,94
396,94
394,96
393,96
391,98
390,98
389,99
388,99
387,100
385,100
384,101
381,101
380,100
379,100
378,99
377,99
375,97
375,96
373,94
373,93
365,85
365,84
364,84
361,81
361,80
359,78
359,77
356,74
356,73
354,71
354,70
352,68
352,67
348,63
348,62
329,43
329,42
328,41
328,36
325,33
323,33
322,32
