706
395,48
386,57
386,58
384,60
384,64
383,65
383,68
382,69
382,71
381,72
381,77
380,78
380,87
381,88
381,94
382,95
382,97
383,98
383,102
384,103
384,108
385,109
385,111
386,112
386,115
387,116
387,119
389,121
389,122
390,123
390,125
391,126
391,128
392,129
392,131
393,132
393,134
394,135
394,137
395,138
395,140
396,141
396,143
397,144
397,145
398,146
398,148
399,149
399,151
400,152
400,158
401,159
401,169
402,170
402,188
401,189
401,190
400,191
400,192
399,193
399,194
398,195
398,196
397,197
397,198
393,202
390,202
389,203
365,203
364,202
360,202
359,201
354,201
353,200
349,200
348,199
344,199
343,198
339,198
338,197
334,197
333,196
329,196
328,195
323,195
322,194
317,194
316,193
310,193
309,192
304,192
303,191
298,191
297,190
291,190
290,189
282,189
281,188
276,188
275,189
262,189
261,190
253,190
252,191
244,191
243,192
236,192
235,193
232,193
231,194
229,194
228,195
226,195
225,196
223,196
222,197
220,197
219,198
216,198
215,199
214,199
213,200
211,200
210,201
209,201
208,202
206,202
205,203
204,203
203,204
201,204
200,205
198,205
197,206
195,206
194,207
193,207
192,208
191,208
190,209
187,209
186,210
184,210
183,211
181,211
178,214
176,214
172,218
171,218
168,221
167,221
165,223
164,223
161,226
160,226
157,229
156,229
152,233
151,233
150,234
150,235
146,239
145,239
143,241
143,242
141,244
140,244
139,245
139,246
136,249
135,249
134,250
134,251
131,254
130,254
128,256
128,257
124,261
123,261
123,262
115,270
115,271
113,273
113,274
110,277
110,278
108,280
108,281
105,284
105,285
104,286
104,287
103,288
103,291
102,292
102,294
101,295
101,297
100,298
100,299
99,300
99,302
98,303
98,321
97,322
97,323
96,324
96,325
95,326
95,329
94,330
94,331
91,334
84,334
83,333
79,333
78,332
74,332
73,333
71,333
70,334
69,334
68,335
67,335
67,337
66,338
66,342
67,343
67,347
68,348
68,350
69,351
69,352
70,353
70,354
72,356
72,357
75,360
75,361
77,363
77,364
79,366
79,367
84,372
84,373
88,377
90,377
91,378
92,378
94,380
95,380
96,381
97,381
98,382
99,382
106,389
106,390
108,392
108,393
114,399
115,399
116,400
118,400
119,401
121,401
122,402
123,402
124,403
125,403
126,404
127,404
129,406
130,406
132,408
133,408
134,409
135,409
136,410
137,410
138,411
139,411
143,415
143,416
146,419
147,419
148,420
149,420
150,421
151,421
152,422
153,422
154,423
155,423
156,424
158,424
162,428
162,429
164,431
168,431
169,432
178,432
179,433
183,433
184,434
186,434
187,435
189,435
190,436
191,436
192,437
215,437
216,438
219,438
220,439
248,439
249,440
251,440
252,441
262,441
263,440
265,440
267,438
268,438
270,436
271,436
272,435
274,435
275,434
277,434
280,431
281,431
284,428
284,422
281,419
280,419
279,418
278,418
277,417
276,417
275,416
273,416
272,415
269,415
268,414
265,414
264,413
259,413
258,412
253,412
252,411
246,411
245,410
240,410
237,407
237,406
238,405
238,404
242,400
243,400
244,399
245,399
246,398
247,398
248,397
249,397
250,396
253,396
254,395
258,395
259,394
262,394
263,393
264,393
265,392
267,392
268,391
270,391
271,390
272,390
274,388
275,388
276,387
277,387
278,386
279,386
280,385
282,385
283,384
285,384
288,381
289,381
290,380
304,380
305,379
310,379
311,380
324,380
325,379
342,379
343,380
344,380
345,381
347,381
348,382
349,382
350,383
352,383
353,384
354,384
355,385
357,385
358,386
362,386
363,387
367,387
368,388
370,388
371,389
372,389
373,390
374,390
375,391
376,391
377,392
378,392
381,395
381,396
385,400
386,400
395,409
395,410
396,411
397,411
399,413
400,413
404,417
405,417
406,418
407,418
412,423
412,424
414,426
416,426
418,428
420,428
422,430
425,430
426,431
447,431
448,432
468,432
470,430
471,430
472,429
473,429
475,427
477,427
478,426
479,426
479,417
478,416
477,416
475,414
474,414
472,412
471,412
470,411
468,411
467,410
465,410
463,408
462,408
461,407
460,407
459,406
458,406
456,404
455,404
453,402
452,402
450,400
449,400
445,396
445,394
443,392
443,391
442,390
442,389
441,388
441,386
440,385
441,384
441,382
442,381
442,380
444,378
444,377
445,376
445,375
449,371
450,371
451,370
452,370
453,369
454,369
455,368
456,368
457,367
459,367
460,366
462,366
463,365
464,365
465,364
465,363
466,362
466,361
470,357
471,357
474,354
475,354
478,351
478,349
479,348
479,346
480,345
480,343
481,342
481,341
487,335
487,334
489,332
489,331
491,329
491,328
494,325
494,322
495,321
495,320
496,319
496,318
498,316
498,313
499,312
499,308
500,307
500,304
501,303
501,300
502,299
502,297
503,296
503,294
504,293
504,288
505,287
505,282
506,281
506,278
507,277
507,276
508,275
508,271
509,270
509,265
510,264
510,260
513,257
514,257
518,253
519,253
521,251
522,251
524,249
526,249
527,248
529,248
530,247
531,247
532,246
533,246
534,245
536,245
537,244
540,244
542,242
543,242
544,241
546,241
547,240
548,240
549,239
552,239
553,238
554,238
556,236
557,236
559,234
560,234
561,233
562,233
565,230
565,228
566,227
566,221
565,220
565,216
564,215
564,211
563,210
563,208
559,204
559,203
558,202
558,201
534,177
534,176
520,162
519,162
517,160
517,159
515,157
515,156
512,153
511,153
509,151
507,151
506,150
504,150
503,149
502,149
501,148
500,148
498,146
496,146
495,145
494,145
493,144
492,144
491,143
490,143
489,142
488,142
487,141
485,141
484,140
481,140
480,139
478,139
477,138
476,138
475,137
473,137
469,133
469,132
468,131
468,130
467,129
467,128
464,125
464,124
463,123
463,119
462,118
462,116
461,115
461,113
459,111
459,109
458,108
458,107
457,106
457,105
454,102
454,101
452,99
452,98
451,97
451,96
448,93
448,92
446,90
446,89
444,87
444,86
441,83
441,82
440,81
440,80
437,77
437,76
435,74
435,73
433,71
433,70
426,63
425,63
421,59
420,59
415,54
414,54
410,50
409,50
408,49
402,49
401,48
