781
161,43
160,44
158,44
157,45
156,45
157,46
157,49
158,50
158,51
159,52
159,54
160,55
160,57
161,58
161,60
162,61
162,63
163,64
163,66
164,67
164,68
165,69
165,70
166,71
166,72
168,74
168,75
170,77
170,78
171,79
171,80
174,83
174,84
175,85
175,86
177,88
177,90
178,91
178,93
179,94
179,97
178,98
177,97
163,97
162,96
158,96
157,95
151,95
150,94
147,94
146,93
142,93
141,92
135,92
134,91
132,91
131,90
129,90
128,89
125,89
123,87
122,87
121,86
118,86
117,85
114,85
113,84
111,84
110,83
107,83
106,82
103,82
102,81
101,81
100,80
94,80
93,79
90,79
89,78
87,78
86,77
84,77
83,76
81,76
80,75
79,75
78,74
74,74
73,73
65,73
64,74
63,74
63,75
60,78
60,82
62,84
62,86
63,87
63,89
64,90
64,91
66,93
66,94
68,96
68,97
70,99
70,100
73,103
73,104
77,108
77,109
80,112
81,112
84,115
84,116
85,117
85,118
88,121
88,122
91,125
91,126
110,145
111,145
113,147
113,148
133,168
134,168
137,171
138,171
139,172
140,172
142,174
143,174
145,176
145,178
146,179
147,179
154,186
155,186
162,193
162,196
163,197
163,202
162,203
162,204
159,207
157,207
156,208
154,208
153,209
152,209
151,210
147,210
146,211
143,211
142,212
141,212
140,213
137,213
136,214
133,214
132,215
131,215
130,216
128,216
127,217
126,217
125,218
124,218
123,219
122,219
121,220
119,220
118,221
117,221
116,222
115,222
113,224
112,224
111,225
110,225
109,226
107,226
106,227
105,227
104,228
103,228
102,229
101,229
100,230
99,230
98,231
97,231
95,233
94,233
90,237
89,237
88,238
87,238
85,240
84,240
82,242
80,242
76,246
75,246
72,249
71,249
68,252
67,252
64,255
63,255
60,258
59,258
58,259
56,259
55,260
54,260
53,261
51,261
50,262
49,262
45,266
44,266
43,267
42,267
39,270
39,273
38,274
39,275
39,282
40,283
40,284
41,285
41,286
45,290
47,290
48,291
55,291
56,290
64,290
65,291
71,291
72,292
83,292
84,293
86,293
87,294
88,294
92,298
92,299
93,300
93,301
95,303
94,304
93,304
92,305
91,305
90,304
85,304
84,303
80,303
79,302
75,302
74,303
71,303
70,304
68,304
67,305
66,305
62,309
62,310
61,311
61,312
60,313
60,318
61,319
62,319
68,325
69,325
70,326
80,326
81,325
87,325
88,324
90,324
91,323
94,323
95,322
98,322
99,321
102,321
103,320
106,320
107,319
114,319
115,318
120,318
121,317
124,317
125,316
131,316
132,317
135,317
136,318
143,318
144,319
150,319
151,320
152,320
153,321
156,321
157,322
160,322
161,323
163,323
164,324
165,324
166,325
173,325
174,326
184,326
185,325
191,325
192,324
194,324
196,322
197,322
198,323
213,323
214,324
217,324
218,325
224,325
225,326
233,326
234,325
241,325
242,324
244,324
245,323
247,323
248,322
250,322
251,321
255,321
256,320
258,320
259,319
262,319
263,318
266,318
267,317
269,317
270,316
271,316
272,315
273,315
274,314
275,314
276,313
277,313
278,312
279,312
280,311
281,311
282,310
284,310
285,309
286,309
288,307
289,307
290,306
291,306
292,305
293,305
294,304
295,304
297,302
298,302
300,300
301,300
303,298
304,298
305,297
306,297
307,296
308,296
309,295
310,295
313,292
314,292
315,291
316,291
318,289
319,289
321,287
322,287
324,285
325,285
327,283
328,283
332,279
333,279
335,277
336,277
338,275
339,275
340,274
342,274
343,273
344,273
345,272
346,272
347,271
348,271
349,270
350,270
352,268
353,268
355,266
356,266
360,262
361,262
364,259
365,259
367,257
369,257
370,256
371,256
373,254
374,254
376,252
377,252
379,250
380,250
382,248
383,248
385,246
386,246
388,244
389,244
391,242
392,242
394,240
395,240
396,239
397,239
398,238
399,238
401,236
402,236
406,232
407,232
408,231
409,231
410,230
411,230
412,229
413,229
414,228
416,228
417,227
418,227
419,226
421,226
422,225
424,225
425,224
427,224
428,223
429,223
430,222
432,222
433,221
434,221
435,220
436,220
437,219
438,219
439,218
440,218
441,217
443,217
444,216
446,216
447,215
449,215
450,214
456,214
457,213
461,213
462,212
464,212
465,211
467,211
468,210
471,210
472,209
474,209
475,208
478,208
479,207
484,207
485,206
487,206
488,205
491,205
492,204
499,204
500,203
503,203
504,202
506,202
507,201
515,201
516,200
521,200
522,199
525,199
526,198
528,198
529,197
531,197
532,196
534,196
535,195
538,195
539,194
545,194
546,193
548,193
549,192
551,192
552,191
554,191
555,190
555,189
556,188
555,187
555,185
554,184
554,183
551,180
550,180
545,175
544,175
543,174
540,174
539,173
535,173
534,172
533,172
532,171
527,171
526,170
523,170
522,169
520,169
519,168
517,168
516,167
515,167
514,166
513,166
512,165
510,165
509,164
508,164
507,163
506,163
505,162
504,162
503,161
502,161
501,160
500,160
499,159
488,159
487,158
479,158
478,157
474,157
473,158
471,158
470,159
468,159
467,160
465,160
464,161
463,161
460,164
456,164
454,166
452,166
451,167
449,167
448,168
446,168
445,169
444,169
443,170
442,170
441,171
440,171
438,173
437,173
436,174
435,174
431,178
430,178
428,180
427,180
426,181
425,181
424,182
422,182
421,183
420,183
419,184
418,184
417,185
415,185
414,186
413,186
412,187
410,187
409,188
406,188
405,189
403,189
402,190
400,190
399,191
397,191
396,192
394,192
393,193
391,193
390,194
349,194
348,193
345,193
344,192
343,192
340,189
340,182
345,177
345,176
348,173
348,172
354,166
354,165
357,162
357,161
360,158
360,157
364,153
364,152
366,150
366,149
370,145
370,144
372,142
372,126
371,125
371,123
370,122
370,120
369,119
369,118
368,117
368,116
366,114
366,113
364,111
364,110
353,99
352,99
351,98
350,98
349,97
348,97
347,96
346,96
345,95
344,95
343,94
341,94
340,93
337,93
336,92
333,92
332,91
330,91
329,90
327,90
326,89
324,89
322,87
321,87
320,86
318,86
317,85
316,85
315,84
314,84
313,83
304,83
303,82
297,82
296,81
293,81
292,80
288,80
287,79
278,79
277,78
274,78
273,77
270,77
269,76
265,76
264,75
262,75
261,74
255,74
254,73
250,73
249,72
247,72
246,71
243,71
242,70
239,70
238,69
236,69
235,68
233,68
232,67
230,67
229,66
228,66
227,65
225,65
224,64
221,64
220,63
218,63
217,62
216,62
215,61
214,61
213,60
211,60
210,59
209,59
208,58
207,58
205,56
203,56
202,55
201,55
200,54
199,54
198,53
196,53
195,52
193,52
192,51
191,51
190,50
188,50
186,48
185,48
184,47
183,47
182,46
181,46
179,44
176,44
175,43
