737
298,51
297,52
293,52
292,53
290,53
289,54
286,54
285,55
283,55
282,56
280,56
279,57
277,57
276,58
273,58
272,59
270,59
269,60
267,60
266,61
264,61
263,62
261,62
260,63
259,63
258,64
257,64
256,65
255,65
254,66
253,66
252,67
251,67
250,68
249,68
248,69
247,69
246,70
245,70
244,71
243,71
242,72
240,72
239,73
238,73
236,75
233,75
232,76
230,76
229,77
227,77
226,78
223,78
222,79
220,79
219,80
217,80
216,81
213,81
212,82
210,82
209,83
207,83
206,84
205,84
204,85
203,85
202,86
201,86
200,87
199,87
198,88
197,88
196,89
195,89
194,90
193,90
192,91
191,91
190,92
189,92
188,93
187,93
184,96
183,96
181,98
180,98
176,102
175,102
173,104
173,105
169,109
169,110
164,115
164,116
161,119
161,120
158,123
158,124
155,127
155,128
147,136
146,136
144,138
143,138
141,140
140,140
138,142
137,142
135,144
134,144
133,145
106,145
105,146
97,146
96,147
93,147
92,148
91,148
90,149
89,149
88,150
87,150
86,151
85,151
84,152
82,152
81,153
80,153
79,154
78,154
77,155
76,155
75,156
74,156
73,157
72,157
65,164
65,165
53,177
53,178
51,180
51,182
50,183
50,184
49,185
49,186
48,187
48,189
47,190
47,191
46,192
46,194
45,195
45,197
44,198
44,201
43,202
43,206
44,207
45,207
48,210
49,210
52,213
54,213
55,214
60,214
61,215
67,215
68,216
75,216
76,217
82,217
83,216
109,216
110,217
113,217
114,218
115,218
116,219
118,219
119,220
120,220
121,221
122,221
123,222
124,222
125,223
126,223
127,224
129,224
130,225
134,225
135,226
141,226
142,227
146,227
147,228
148,228
150,230
151,230
154,233
155,233
158,236
158,237
160,239
160,240
161,241
161,242
162,243
162,245
163,246
163,248
164,249
164,251
165,252
165,255
166,256
166,258
167,259
167,260
168,261
168,263
169,264
169,266
170,267
170,269
171,270
171,271
172,272
172,274
177,279
178,279
182,283
183,283
185,285
186,285
188,287
189,287
191,289
192,289
194,291
195,291
197,293
198,293
199,294
200,294
202,296
203,296
205,298
206,298
208,300
209,300
210,301
211,301
213,303
214,303
216,305
217,305
219,307
220,307
221,308
222,308
224,310
225,310
227,312
228,312
229,313
230,313
232,315
233,315
235,317
236,317
237,318
238,318
240,320
241,320
243,322
244,322
245,323
246,323
248,325
249,325
252,328
253,328
255,330
256,330
258,332
259,332
261,334
262,334
264,336
265,336
267,338
268,338
270,340
271,340
273,342
274,342
276,344
279,344
280,345
282,345
283,346
285,346
286,347
289,347
290,348
292,348
293,349
295,349
296,350
298,350
299,351
302,351
303,352
306,352
307,353
314,353
315,354
325,354
326,355
336,355
337,356
383,356
384,355
390,355
391,354
393,354
394,353
395,353
396,352
397,352
398,351
400,351
401,350
402,350
403,349
403,348
404,347
404,340
400,336
400,335
399,334
398,334
396,332
395,332
394,331
393,331
392,330
391,330
390,329
389,329
388,328
386,328
385,327
384,327
383,326
382,326
381,325
380,325
379,324
378,324
377,323
375,323
374,322
373,322
372,321
371,321
370,320
368,320
367,319
365,319
364,318
361,318
360,317
358,317
357,316
354,316
353,315
351,315
350,314
348,314
347,313
345,313
344,312
343,312
342,311
340,311
339,310
338,310
337,309
335,309
334,308
333,308
332,307
331,307
330,306
329,306
327,304
326,304
323,301
322,301
320,299
319,299
316,296
315,296
310,291
309,291
303,285
302,285
294,277
293,277
286,270
286,269
284,267
284,266
283,265
283,261
284,260
285,260
286,259
297,259
298,260
335,260
336,259
339,259
340,258
343,258
344,257
346,257
347,256
350,256
351,255
353,255
354,254
356,254
357,253
359,253
360,252
363,252
364,251
366,251
367,250
374,250
375,249
383,249
384,248
392,248
393,247
401,247
404,250
405,250
411,256
412,256
413,257
414,257
416,259
417,259
418,260
419,260
420,261
421,261
422,262
423,262
425,264
426,264
427,265
428,265
429,266
430,266
431,267
432,267
433,268
434,268
436,270
437,270
438,271
439,271
441,273
442,273
443,274
444,274
446,276
447,276
448,277
449,277
451,279
452,279
453,280
454,280
455,281
456,281
457,282
459,282
460,283
462,283
463,284
466,284
467,285
470,285
471,286
474,286
475,287
478,287
479,288
491,288
492,289
512,289
513,288
520,288
524,284
524,269
522,267
522,266
520,264
520,263
518,261
518,260
516,258
516,257
513,254
513,253
505,245
505,244
501,240
500,240
499,239
498,239
497,238
496,238
495,237
494,237
493,236
492,236
491,235
490,235
489,234
487,234
486,233
484,233
483,232
480,232
479,231
476,231
475,230
472,230
471,229
470,229
469,228
468,228
465,225
465,223
466,222
467,222
468,221
469,221
470,220
471,220
472,219
473,219
474,218
477,218
478,217
480,217
481,216
483,216
484,215
486,215
487,214
489,214
490,213
492,213
493,212
495,212
496,211
498,211
499,210
500,210
504,206
505,206
513,198
514,198
522,190
523,190
535,178
535,177
537,175
537,174
538,173
538,172
539,171
539,170
540,169
540,168
541,167
541,166
542,165
542,161
541,160
541,159
540,158
540,157
539,156
537,156
536,155
534,155
533,154
531,154
530,153
528,153
527,152
525,152
524,151
523,151
522,150
520,150
519,149
517,149
516,148
515,148
512,145
511,145
508,142
507,142
504,139
503,139
500,136
499,136
496,133
495,133
493,131
492,131
491,130
490,130
488,128
487,128
485,126
484,126
483,125
482,125
480,123
479,123
477,121
476,121
473,118
472,118
468,114
468,113
467,112
467,111
466,110
466,107
467,106
467,104
468,103
468,101
469,100
469,99
470,98
470,93
469,92
469,91
468,90
468,87
464,83
462,83
461,82
456,82
455,81
444,81
443,82
437,82
436,83
433,83
432,84
431,84
429,86
428,86
427,87
426,87
425,88
424,88
423,89
422,89
420,91
419,91
416,94
415,94
413,96
401,96
400,95
398,95
397,94
394,94
393,93
390,93
389,92
388,92
387,91
386,91
385,90
383,90
382,89
381,89
380,88
378,88
377,87
374,87
373,86
357,86
356,85
352,85
351,86
337,86
336,85
333,85
332,84
327,84
326,83
323,83
322,82
321,82
318,79
318,77
317,76
317,67
318,66
318,65
319,64
319,63
322,60
322,59
323,58
323,53
322,52
322,51
