1196
464,27
463,28
456,28
455,29
450,29
449,30
445,30
444,31
440,31
439,32
436,32
435,33
433,33
432,34
429,34
428,35
426,35
425,36
424,36
423,37
421,37
420,38
419,38
418,39
417,39
416,40
415,40
414,41
413,41
412,42
411,42
410,43
409,43
407,45
406,45
405,46
404,46
402,48
401,48
398,51
397,51
393,55
392,55
386,61
386,62
382,66
382,67
379,70
379,71
377,73
377,74
375,76
375,77
374,78
374,79
373,80
373,81
372,82
372,83
371,84
371,85
370,86
370,87
369,88
369,89
368,90
368,91
367,92
367,94
366,95
366,97
365,98
365,100
364,101
364,104
363,105
363,108
362,109
362,112
361,113
361,117
360,118
360,123
359,124
359,136
358,137
358,140
359,141
359,152
360,153
360,159
361,160
361,164
362,165
362,168
363,169
363,172
364,173
364,176
365,177
365,179
366,180
366,182
367,183
367,184
368,185
368,187
369,188
369,189
370,190
370,191
371,192
371,193
372,194
372,195
373,196
373,197
375,199
375,200
376,201
376,202
378,204
378,205
380,207
380,208
381,209
381,210
384,213
384,214
386,216
386,217
389,220
389,221
392,224
392,225
395,228
395,229
398,232
398,233
401,236
401,237
404,240
404,241
407,244
407,245
410,248
410,249
412,251
412,252
414,254
414,255
416,257
416,258
418,260
418,261
419,262
419,263
420,264
420,265
421,266
421,267
422,268
422,269
423,270
423,271
424,272
424,273
425,274
425,276
426,277
426,278
427,279
427,281
428,282
428,284
429,285
429,287
430,288
430,290
431,291
431,294
432,295
432,298
433,299
433,303
434,304
434,314
435,315
435,319
436,320
436,322
437,323
437,324
438,325
436,327
435,326
435,325
434,325
430,321
429,321
426,318
425,318
422,315
421,315
418,312
417,312
415,310
414,310
412,308
411,308
408,305
407,305
406,304
405,304
403,302
402,302
400,300
399,300
398,299
397,299
395,297
394,297
393,296
392,296
390,294
389,294
388,293
387,293
386,292
385,292
384,291
383,291
381,289
380,289
379,288
378,288
377,287
376,287
375,286
374,286
373,285
371,285
370,284
369,284
368,283
367,283
366,282
365,282
364,281
363,281
362,280
361,280
360,279
358,279
357,278
356,278
355,277
353,277
352,276
351,276
350,275
348,275
347,274
345,274
344,273
343,273
342,272
340,272
339,271
336,271
335,270
333,270
332,269
329,269
328,268
326,268
325,267
322,267
321,266
317,266
316,265
313,265
312,264
308,264
307,263
303,263
302,262
297,262
296,261
288,261
287,260
274,260
273,259
256,259
255,260
242,260
241,261
233,261
232,262
226,262
225,263
220,263
219,264
215,264
214,265
210,265
209,266
206,266
205,267
202,267
201,268
198,268
197,269
194,269
193,270
190,270
189,271
187,271
186,272
184,272
183,273
181,273
180,274
178,274
177,275
175,275
174,276
172,276
171,277
170,277
169,278
167,278
166,279
165,279
164,280
162,280
161,281
160,281
159,282
157,282
156,283
155,283
154,284
153,284
152,285
150,285
149,286
148,286
147,287
146,287
145,288
144,288
143,289
142,289
141,290
140,290
139,291
138,291
137,292
136,292
135,293
134,293
133,294
132,294
130,296
129,296
128,297
127,297
126,298
125,298
124,299
123,299
121,301
120,301
119,302
118,302
116,304
115,304
113,306
112,306
111,307
110,307
108,309
107,309
104,312
103,312
101,314
100,314
100,316
105,321
106,321
109,324
110,324
113,327
114,327
117,330
118,330
120,332
121,332
123,334
122,335
118,335
117,336
115,336
114,337
113,337
112,338
107,338
106,339
99,339
98,340
93,340
92,341
87,341
86,342
83,342
82,343
79,343
78,344
75,344
74,345
71,345
70,346
68,346
67,347
65,347
64,348
62,348
61,349
59,349
58,350
56,350
55,351
54,351
53,352
51,352
50,353
49,353
48,354
47,354
46,355
45,355
44,356
42,356
41,357
40,357
39,358
38,358
37,359
36,359
35,360
34,360
33,361
32,361
30,363
29,363
28,364
27,364
26,365
25,365
23,367
22,367
20,369
19,369
17,371
16,371
14,373
13,373
11,375
10,375
9,376
9,379
10,379
17,386
18,386
22,390
23,390
26,393
27,393
30,396
31,396
33,398
34,398
36,400
37,400
39,402
40,402
42,404
43,404
44,405
45,405
47,407
48,407
49,408
50,408
51,409
52,409
54,411
55,411
56,412
57,412
58,413
59,413
60,414
62,414
63,415
64,415
65,416
66,416
67,417
68,417
69,418
71,418
72,419
73,419
74,420
76,420
77,421
78,421
79,422
81,422
82,423
84,423
85,424
87,424
88,425
90,425
91,426
94,426
95,427
97,427
98,428
101,428
102,429
106,429
107,430
111,430
112,431
117,431
118,432
124,432
125,433
127,433
128,434
128,435
129,436
129,437
128,438
128,440
123,445
122,445
119,448
118,448
117,449
117,452
118,452
121,455
122,455
123,456
124,456
127,459
128,459
129,460
130,460
132,462
133,462
134,463
135,463
137,465
138,465
139,466
140,466
141,467
142,467
143,468
144,468
146,470
147,470
148,471
149,471
150,472
151,472
152,473
153,473
154,474
156,474
157,475
158,475
159,476
160,476
161,477
162,477
163,478
165,478
166,479
167,479
168,480
170,480
171,481
172,481
173,482
175,482
176,483
178,483
179,484
181,484
182,485
184,485
185,486
187,486
188,487
191,487
192,488
195,488
196,489
199,489
200,490
204,490
205,491
210,491
211,492
216,492
217,493
225,493
226,494
244,494
245,495
255,495
256,494
274,494
275,493
282,493
283,492
289,492
290,491
295,491
296,490
300,490
301,489
305,489
306,488
309,488
310,487
313,487
314,486
317,486
318,485
320,485
321,484
324,484
325,483
328,483
329,482
330,482
331,483
334,483
335,484
336,484
337,485
338,485
339,486
340,486
342,488
343,488
345,490
346,490
348,492
349,492
351,494
352,494
353,495
354,495
355,496
356,496
358,498
359,498
360,499
361,499
362,500
363,500
364,501
365,501
366,502
368,502
369,503
370,503
371,504
373,504
374,505
375,505
376,506
378,506
379,507
381,507
382,508
384,508
385,509
387,509
388,510
391,510
392,511
396,511
397,512
403,512
404,513
412,513
413,514
436,514
437,513
445,513
446,512
452,512
453,511
457,511
458,510
461,510
462,509
465,509
466,508
469,508
470,507
472,507
473,506
475,506
476,505
478,505
479,504
481,504
482,503
483,503
484,502
486,502
487,501
489,501
490,500
491,500
492,499
493,499
494,498
496,498
497,497
498,497
499,496
500,496
501,495
502,495
503,494
504,494
505,493
506,493
507,492
508,492
509,491
510,491
511,490
512,490
513,489
514,489
515,488
516,488
518,486
519,486
520,485
522,485
523,484
526,484
527,483
536,483
537,482
539,482
540,481
541,481
542,480
543,480
547,476
548,476
550,474
551,474
552,473
553,473
555,471
556,471
559,468
560,468
570,458
570,457
572,455
572,454
574,452
574,451
575,450
575,449
576,448
576,447
577,446
577,444
578,443
578,442
579,441
579,439
580,438
580,436
581,435
581,433
582,432
582,430
583,429
583,424
584,423
584,414
585,413
585,400
584,399
584,389
583,388
583,383
582,382
582,379
581,378
581,375
580,374
580,372
579,371
579,369
578,368
578,366
577,365
577,363
576,362
576,360
575,359
575,358
574,357
574,356
573,355
573,354
572,353
572,352
571,351
571,350
570,349
570,348
569,347
569,346
568,345
568,344
567,343
567,342
566,341
566,340
565,339
565,338
564,337
564,336
562,334
562,333
561,332
561,331
559,329
559,328
557,326
557,325
555,323
555,322
552,319
552,318
550,316
550,315
547,312
547,311
544,308
544,307
539,302
539,301
534,296
534,295
528,289
528,288
519,279
519,278
507,266
507,265
494,252
494,251
484,241
484,240
476,232
476,231
470,225
470,224
464,218
464,217
460,213
460,212
456,208
456,207
453,204
453,203
450,200
450,199
447,196
447,195
445,193
445,192
443,190
443,189
441,187
441,186
439,184
439,183
437,181
437,180
436,179
436,178
434,176
434,175
433,174
433,173
432,172
432,171
431,170
431,169
430,168
430,167
428,165
428,163
427,162
427,161
426,160
426,159
425,158
425,157
424,156
424,154
423,153
423,150
422,149
422,146
421,145
421,142
420,141
420,135
419,134
420,133
420,128
421,127
421,124
422,123
422,122
423,121
423,120
424,119
424,118
434,108
435,108
436,107
437,107
438,106
439,106
440,105
441,105
442,104
444,104
445,103
447,103
448,102
451,102
452,101
457,101
458,100
462,100
463,101
466,101
467,102
470,102
471,103
472,103
473,104
474,104
475,105
476,105
478,107
479,107
487,115
487,116
490,119
490,120
491,121
491,122
493,124
493,125
494,126
494,127
495,128
495,130
496,131
496,132
497,133
497,134
498,135
498,137
499,138
499,140
500,141
500,143
501,144
501,146
502,147
502,149
503,150
503,152
504,153
504,156
505,157
505,159
506,160
506,163
507,164
507,167
508,168
508,171
509,172
509,176
510,177
510,180
511,181
511,184
512,185
512,189
513,190
513,193
514,194
514,197
515,198
515,201
516,202
516,205
517,206
517,209
518,210
518,212
519,213
519,216
520,217
520,219
521,220
521,223
522,224
522,225
523,226
523,228
524,229
524,231
525,232
525,233
526,234
526,236
527,237
527,238
528,239
528,240
529,241
529,242
530,243
530,244
531,245
531,246
533,248
533,249
534,250
534,251
537,254
542,254
542,253
543,252
543,250
544,249
544,242
545,241
545,212
546,211
546,204
547,203
547,200
548,199
548,197
549,196
549,195
550,194
550,193
552,191
552,190
556,186
556,185
563,178
563,177
566,174
566,173
567,172
567,171
569,169
569,167
570,166
570,165
571,164
571,162
572,161
572,159
573,158
573,155
574,154
574,147
575,146
575,130
574,129
574,122
573,121
573,117
572,116
572,113
571,112
571,110
570,109
570,108
569,107
569,105
568,104
568,102
567,101
567,100
566,99
566,97
565,96
565,95
564,94
564,93
563,92
563,91
562,90
562,89
560,87
560,86
559,85
559,84
557,82
557,81
555,79
555,78
553,76
553,75
550,72
550,71
544,65
544,64
537,57
536,57
531,52
530,52
527,49
526,49
523,46
522,46
520,44
519,44
518,43
517,43
515,41
514,41
513,40
512,40
511,39
510,39
509,38
508,38
507,37
506,37
505,36
504,36
503,35
501,35
500,34
499,34
498,33
496,33
495,32
493,32
492,31
489,31
488,30
485,30
484,29
480,29
479,28
472,28
471,27
464,27
