1033
73,59
72,60
70,60
69,61
69,65
68,66
62,66
61,67
59,67
58,68
57,68
57,72
61,76
61,78
58,81
57,81
56,82
56,86
57,87
58,87
59,88
70,88
71,89
80,89
81,90
100,90
101,91
102,91
106,95
106,96
107,97
107,98
108,99
108,100
111,103
111,104
116,109
116,110
127,121
128,121
139,132
140,132
147,139
148,139
152,143
153,143
158,148
158,149
159,149
163,153
164,153
169,158
170,158
174,162
175,162
179,166
180,166
184,170
185,170
191,176
192,176
195,179
196,179
200,183
200,185
199,186
199,187
197,189
197,190
196,191
196,194
195,195
195,202
196,203
196,207
197,208
197,211
198,212
198,214
199,215
199,217
200,218
200,220
201,221
201,222
202,223
202,225
203,226
203,228
204,229
204,231
205,232
205,233
206,234
206,235
207,236
207,237
208,238
208,239
209,240
209,241
211,243
211,244
213,246
213,247
221,255
222,255
225,258
226,258
227,259
228,259
230,261
231,261
232,262
234,262
235,263
236,263
237,264
238,264
239,265
241,265
243,267
244,267
249,272
249,279
248,280
248,281
247,282
247,284
246,285
246,287
245,288
245,290
244,291
244,293
243,294
243,296
242,297
242,299
241,300
241,302
240,303
240,304
239,305
239,306
238,307
238,308
237,309
237,310
236,311
236,312
235,313
235,314
234,315
234,316
233,317
233,319
232,320
232,321
231,322
231,323
230,324
230,325
229,326
229,327
228,328
228,329
227,330
227,331
221,337
221,338
219,340
219,341
218,342
218,344
217,345
217,349
218,350
218,352
219,353
219,354
221,356
221,357
222,358
222,359
223,360
223,361
225,363
226,363
227,364
228,364
229,365
237,365
238,364
239,364
245,358
245,357
247,355
247,354
251,350
252,350
254,348
254,347
255,346
255,344
256,343
256,342
257,341
257,340
258,339
258,337
259,336
259,334
260,333
260,331
261,330
261,328
262,327
262,326
263,325
264,325
265,326
265,327
266,328
266,332
267,333
267,338
268,339
268,344
269,345
269,351
270,352
270,356
271,357
271,364
272,365
272,371
273,372
273,378
274,379
274,385
275,386
275,406
274,407
274,421
273,422
273,437
272,438
272,448
271,449
271,459
270,460
270,471
269,472
269,476
268,477
268,479
267,480
267,483
266,484
266,487
265,488
265,492
264,493
264,500
263,501
263,504
264,505
264,512
265,513
265,516
266,517
266,520
267,521
267,531
268,532
268,534
269,535
269,536
270,537
270,538
271,539
272,539
273,540
279,540
281,538
281,536
282,535
282,524
283,523
283,520
284,519
284,517
285,516
285,513
286,512
286,511
298,499
299,499
301,497
301,487
299,485
299,484
297,482
297,481
296,480
296,479
295,478
295,477
292,474
292,472
291,471
291,469
292,468
292,465
293,464
293,460
294,459
294,456
295,455
295,452
296,451
296,447
297,446
297,442
298,441
298,439
300,437
300,436
301,435
301,434
302,433
302,431
303,430
303,427
304,426
304,424
305,423
305,419
306,418
306,389
305,388
305,385
304,384
304,380
303,379
303,360
304,359
304,356
305,355
305,351
306,350
306,344
307,343
307,339
308,338
308,330
309,329
309,321
310,320
310,310
311,309
311,298
312,297
312,284
313,283
313,272
314,271
314,266
315,265
315,262
318,259
320,259
321,258
323,258
324,257
326,257
327,256
329,256
330,255
332,255
333,254
334,254
335,253
337,253
338,252
339,252
340,251
342,251
343,250
344,250
345,249
347,249
348,248
349,248
350,247
351,247
353,245
354,245
355,244
356,244
357,243
358,243
359,242
360,242
361,241
362,241
363,240
364,240
365,239
367,239
368,238
369,238
370,237
371,237
372,236
373,236
374,235
375,235
376,234
377,234
378,233
379,233
380,232
381,232
382,231
383,231
384,230
386,230
387,229
389,229
390,228
391,228
392,227
393,227
394,226
395,226
396,225
397,225
398,224
399,224
400,223
401,223
402,222
403,222
404,221
405,221
406,220
407,220
409,218
410,218
411,217
412,217
413,216
414,216
416,214
417,214
418,213
419,213
420,212
421,212
422,211
423,211
424,210
425,210
426,209
429,209
430,208
434,208
435,207
437,207
438,206
440,206
441,205
443,205
444,204
446,204
447,203
449,203
450,202
452,202
453,201
454,201
455,200
457,200
458,199
459,199
460,198
462,198
463,197
464,197
465,196
466,196
467,195
469,195
470,194
473,194
475,192
477,192
478,191
479,191
480,190
481,190
482,189
485,189
486,188
499,188
500,187
503,187
504,186
506,186
507,185
509,185
510,184
511,184
512,183
514,183
515,182
516,182
517,181
518,181
519,180
520,180
521,179
522,179
524,177
525,177
526,176
527,176
529,174
530,174
533,171
534,171
546,159
546,158
547,157
547,156
548,155
548,154
549,153
549,144
548,143
548,142
546,140
545,140
544,139
542,139
541,138
538,138
537,139
534,139
533,140
530,140
529,141
528,141
527,142
526,142
525,143
524,143
523,144
522,144
521,145
520,145
519,146
518,146
516,148
515,148
512,151
511,151
510,152
509,152
507,154
506,154
504,156
503,156
501,158
500,158
497,161
496,161
493,164
492,164
489,167
488,167
487,168
486,168
485,169
479,169
478,170
470,170
469,171
465,171
464,172
460,172
459,173
455,173
454,174
450,174
449,175
446,175
445,176
443,176
442,177
439,177
438,178
435,178
434,179
431,179
430,180
428,180
427,181
425,181
424,182
423,182
422,183
420,183
419,184
418,184
417,185
415,185
414,186
413,186
412,187
411,187
410,188
409,188
408,189
407,189
406,190
405,190
403,192
402,192
401,193
400,193
399,194
398,194
397,195
396,195
395,196
393,196
392,197
391,197
390,198
388,198
387,199
381,199
380,200
376,200
375,201
372,201
371,202
367,202
366,203
363,203
362,204
360,204
359,205
357,205
356,206
354,206
353,207
350,207
349,208
346,208
345,209
343,209
342,210
339,210
338,211
336,211
335,212
333,212
332,213
330,213
329,214
326,214
325,215
318,215
317,214
317,202
318,201
318,198
319,197
319,196
321,194
321,193
325,189
325,187
326,186
326,180
327,179
327,176
328,175
328,171
329,170
329,167
330,166
330,164
334,160
335,160
336,159
337,159
338,158
339,158
341,156
342,156
343,155
344,155
346,153
347,153
348,152
349,152
350,151
352,151
353,150
355,150
356,149
357,149
358,148
360,148
362,146
363,146
364,145
366,145
367,144
369,144
370,143
371,143
372,142
374,142
375,141
377,141
378,140
380,140
381,139
383,139
384,138
386,138
387,137
390,137
391,136
393,136
394,135
397,135
398,134
405,134
406,133
409,133
410,132
413,132
414,131
425,131
427,133
428,133
429,134
433,134
433,130
432,129
432,128
431,127
431,120
430,120
428,118
428,117
430,115
431,115
432,114
432,111
430,111
429,110
428,110
427,111
422,111
421,112
419,112
418,113
416,113
415,114
413,114
412,115
410,115
409,116
408,116
407,117
405,117
404,118
403,118
402,119
400,119
399,120
397,120
396,121
393,121
392,122
390,122
389,123
386,123
385,124
382,124
381,125
378,125
377,126
374,126
373,127
371,127
370,128
367,128
366,129
363,129
362,130
360,130
359,131
356,131
355,132
352,132
351,133
348,133
347,134
344,134
343,135
340,135
339,136
336,136
335,137
332,137
331,138
328,138
327,139
323,139
319,135
318,135
315,132
314,132
311,129
307,129
307,131
306,132
306,133
303,136
303,137
302,138
302,140
301,141
301,147
298,150
296,150
295,151
293,151
292,152
290,152
289,153
276,153
275,154
272,154
271,155
268,155
267,156
265,156
264,157
263,157
262,158
256,158
255,157
254,157
252,155
252,154
251,153
251,148
252,147
252,146
254,144
255,144
256,143
265,143
267,141
267,140
268,139
268,137
269,136
269,126
270,125
270,123
271,122
271,121
272,120
272,118
273,117
273,110
272,109
272,106
271,105
271,104
270,103
270,102
264,96
263,96
262,95
261,95
260,94
259,94
258,93
257,93
256,92
255,92
254,91
253,91
252,90
250,90
249,89
246,89
245,88
242,88
241,87
238,87
237,88
235,88
234,89
233,89
232,90
231,90
229,92
228,92
222,98
222,99
221,100
221,101
217,105
216,105
214,107
213,107
212,108
211,108
210,109
210,112
211,113
211,114
212,115
212,118
211,119
211,120
209,122
209,123
208,124
208,126
207,127
208,128
208,130
209,131
209,132
210,133
210,134
211,135
212,135
213,136
214,136
216,138
217,138
218,139
219,139
221,141
221,158
218,161
212,161
211,160
210,160
209,159
208,159
207,158
206,158
205,157
204,157
200,153
199,153
189,143
188,143
185,140
184,140
180,136
179,136
174,131
173,131
170,128
169,128
154,113
153,113
149,109
148,109
143,104
142,104
140,102
139,102
137,100
136,100
133,97
132,97
130,95
129,95
128,94
127,94
124,91
124,90
118,84
117,84
115,82
114,82
112,80
111,80
110,79
109,79
108,78
107,78
106,77
105,77
104,76
103,76
102,75
101,75
100,74
98,74
97,73
95,73
94,72
93,72
92,71
89,71
88,70
86,70
81,65
81,64
78,61
77,61
76,60
74,60
73,59
