921
428,18
427,19
417,19
416,20
411,20
410,21
406,21
405,22
402,22
401,23
399,23
398,24
396,24
395,25
394,25
393,26
391,26
389,28
388,28
387,29
386,29
384,31
383,31
381,33
380,33
377,36
376,36
369,43
369,44
366,47
366,48
364,50
364,51
362,53
362,54
361,55
361,56
360,57
360,58
359,59
359,61
358,62
358,64
357,65
357,66
356,67
356,69
355,70
355,73
354,74
354,76
353,77
353,80
352,81
352,83
351,84
351,87
350,88
350,91
349,92
349,96
348,97
348,102
347,103
347,136
348,137
348,142
349,143
349,148
350,149
350,152
351,153
351,156
352,157
352,159
353,160
353,163
354,164
354,166
355,167
355,169
356,170
356,171
357,172
357,173
358,174
358,175
359,176
359,177
360,178
360,179
362,181
362,182
363,183
363,184
364,185
364,186
366,188
366,189
368,191
368,192
370,194
370,195
372,197
372,198
370,200
363,200
362,201
353,201
352,202
344,202
343,203
335,203
334,204
327,204
326,205
319,205
318,206
313,206
312,207
308,207
307,208
303,208
302,209
298,209
297,210
294,210
293,211
290,211
289,212
285,212
284,213
281,213
280,214
277,214
276,215
273,215
272,216
270,216
269,217
267,217
266,218
263,218
262,219
260,219
259,220
257,220
256,221
254,221
253,222
251,222
250,223
248,223
247,224
246,224
245,225
243,225
242,226
241,226
240,227
239,227
238,228
236,228
235,229
233,229
232,230
231,230
230,231
229,231
228,232
227,232
226,233
225,233
224,234
223,234
222,235
221,235
220,236
219,236
218,237
217,237
216,238
215,238
214,239
213,239
212,240
211,240
209,242
208,242
207,243
206,243
205,244
204,244
202,246
201,246
200,247
199,247
197,249
196,249
194,251
193,251
191,253
190,253
188,255
187,255
185,257
184,257
182,259
181,259
178,262
177,262
175,264
174,264
172,266
170,266
168,268
166,268
165,269
164,269
163,270
161,270
160,271
158,271
157,272
156,272
155,273
153,273
152,274
151,274
151,277
152,277
154,279
155,279
156,280
157,280
159,282
160,282
161,283
162,283
163,284
161,286
160,286
159,285
144,285
143,286
135,286
134,287
129,287
128,288
124,288
123,289
120,289
119,290
117,290
116,291
113,291
112,292
110,292
109,293
107,293
106,294
105,294
104,295
102,295
101,296
99,296
98,297
97,297
96,298
94,298
92,300
91,300
90,301
89,301
88,302
87,302
86,303
85,303
84,304
83,304
82,305
81,305
80,306
79,306
78,307
77,307
75,309
74,309
73,310
72,310
71,311
70,311
68,313
67,313
65,315
64,315
62,317
61,317
58,320
57,320
50,327
50,330
49,331
49,334
50,335
50,337
53,340
54,340
56,342
57,342
58,343
59,343
60,344
61,344
63,346
64,346
65,347
66,347
67,348
69,348
70,349
71,349
72,350
73,350
74,351
76,351
77,352
79,352
80,353
82,353
83,354
86,354
87,355
89,355
90,356
92,356
93,357
96,357
97,358
99,358
100,359
102,359
103,360
105,360
106,361
108,361
109,362
111,362
112,363
114,363
115,364
117,364
118,365
120,365
121,366
123,366
124,367
126,367
127,368
128,368
130,370
131,370
133,372
134,372
138,376
139,376
145,382
146,382
166,402
167,402
174,409
175,409
178,412
179,412
181,414
182,414
183,415
184,415
185,416
186,416
187,417
188,417
189,418
190,418
191,419
193,419
194,420
195,420
197,422
200,422
201,423
204,423
205,424
207,424
208,425
210,425
211,426
213,426
214,427
216,427
217,428
219,428
220,429
222,429
223,430
225,430
226,431
228,431
229,432
232,432
233,433
235,433
236,434
240,434
241,435
245,435
246,436
252,436
253,437
263,437
264,438
274,438
275,439
289,439
292,442
293,442
296,445
296,446
297,447
297,448
298,449
298,450
300,452
300,454
301,455
301,457
303,459
303,461
304,462
304,463
305,464
305,466
306,467
306,469
307,470
307,472
308,473
308,475
309,476
309,479
310,480
310,492
311,493
311,501
312,502
312,503
313,503
314,504
317,504
318,505
321,505
322,506
326,506
327,507
330,507
331,508
335,508
336,509
340,509
341,510
345,510
346,511
349,511
350,512
354,512
355,513
359,513
360,514
364,514
365,515
370,515
371,516
375,516
376,517
382,517
383,518
401,518
402,517
403,517
404,516
404,514
405,513
405,512
407,510
408,510
409,509
411,509
412,508
415,508
416,507
418,507
419,506
421,506
422,505
423,505
424,504
424,501
422,501
421,500
418,500
417,499
412,499
410,497
411,496
414,496
415,495
420,495
421,494
424,494
425,493
427,493
428,492
430,492
431,491
433,491
434,490
436,490
437,489
439,489
440,488
440,484
438,482
438,481
437,480
443,474
443,469
428,469
427,468
418,468
417,467
407,467
406,466
391,466
390,465
380,465
379,464
370,464
369,463
368,463
366,461
366,460
363,457
363,456
362,455
362,454
361,453
361,452
360,451
360,449
359,448
359,446
358,445
358,442
357,441
357,438
356,437
356,433
355,432
355,429
354,428
354,423
356,421
357,421
358,420
359,420
360,419
361,419
362,418
363,418
364,417
365,417
366,416
367,416
368,415
369,415
370,414
371,414
372,413
373,413
375,411
376,411
377,410
378,410
379,409
380,409
381,408
382,408
383,407
384,407
385,406
386,406
387,405
388,405
389,404
390,404
391,403
392,403
393,402
394,402
395,401
396,401
397,400
398,400
399,399
401,399
402,398
403,398
404,397
405,397
406,396
407,396
408,395
410,395
411,394
413,394
414,393
415,393
416,392
417,392
418,391
420,391
421,390
422,390
423,389
424,389
425,388
427,388
428,387
429,387
430,386
432,386
433,385
435,385
436,384
437,384
438,383
439,383
440,382
441,382
442,381
443,381
444,380
445,380
446,379
447,379
448,378
449,378
450,377
451,377
452,376
453,376
454,375
455,375
456,374
457,374
458,373
459,373
461,371
462,371
463,370
464,370
465,369
466,369
468,367
469,367
473,363
474,363
489,348
489,347
492,344
492,343
495,340
495,339
497,337
497,336
498,335
498,334
500,332
500,331
501,330
501,329
502,328
502,327
503,326
503,325
504,324
504,323
505,322
505,321
506,320
506,319
507,318
507,317
508,316
508,314
509,313
509,312
510,311
510,309
511,308
511,307
512,306
512,304
513,303
513,301
514,300
514,298
515,297
515,294
516,293
516,290
517,289
517,286
518,285
518,279
519,278
519,254
518,253
518,247
517,246
517,243
516,242
516,239
515,238
515,236
514,235
514,234
513,233
513,232
512,231
512,230
511,229
511,228
510,227
510,226
508,224
508,223
507,222
507,221
504,218
504,217
501,214
501,213
497,209
497,208
493,204
493,203
489,199
489,198
484,193
484,192
472,180
472,179
454,161
454,160
448,154
448,153
445,150
445,149
438,142
438,141
433,136
433,135
429,131
429,130
428,129
428,123
429,122
429,119
431,117
432,117
433,116
434,116
435,115
437,115
438,114
445,114
446,113
463,113
464,114
468,114
469,115
470,115
471,116
472,116
473,117
474,117
476,119
477,119
479,121
480,121
485,126
486,126
492,132
493,132
497,136
498,136
502,140
503,140
505,142
506,142
508,144
509,144
510,145
511,145
512,146
514,146
515,147
517,147
518,148
521,148
522,149
526,149
527,150
540,150
541,149
543,149
544,148
545,148
546,147
547,147
548,146
548,142
544,138
543,138
538,133
537,133
529,125
529,124
525,120
525,119
522,116
522,115
520,113
520,112
519,111
519,110
518,109
518,108
517,107
517,106
516,105
516,104
515,103
515,101
514,100
514,99
513,98
513,96
512,95
512,93
511,92
511,91
510,90
510,88
509,87
509,86
508,85
508,83
507,82
507,81
506,80
506,78
505,77
505,76
504,75
504,74
503,73
503,72
502,71
502,70
501,69
501,68
500,67
500,66
499,65
499,63
497,61
497,60
495,58
495,57
492,54
492,53
490,51
490,50
485,45
485,44
476,35
475,35
471,31
470,31
468,29
467,29
465,27
464,27
463,26
462,26
460,24
459,24
458,23
457,23
456,22
453,22
452,21
449,21
448,20
445,20
444,19
435,19
434,18
428,18
