722
230,60
230,61
229,62
229,64
228,65
228,69
227,70
227,74
226,75
226,78
225,79
225,81
224,82
224,89
223,90
223,94
222,95
222,98
221,99
221,102
220,103
220,110
219,111
219,116
218,117
218,121
217,122
217,125
216,126
216,128
215,129
215,134
214,135
214,137
213,138
213,140
212,141
212,143
211,144
211,146
210,147
210,149
209,150
209,152
208,153
208,154
206,156
206,157
198,165
197,165
194,168
192,168
191,169
188,169
187,170
183,170
182,171
179,171
178,172
173,172
172,173
167,173
166,172
164,172
163,171
162,171
161,170
158,170
157,169
145,169
144,170
141,170
140,171
139,171
138,172
137,172
136,173
135,173
134,174
132,174
131,175
129,175
128,176
118,176
117,175
113,175
112,174
109,174
108,173
105,173
104,172
102,172
101,171
99,171
98,170
94,170
93,171
91,171
90,172
89,172
88,173
87,173
86,174
85,174
79,180
79,181
78,182
78,183
76,185
76,186
75,187
75,188
74,189
74,190
73,191
73,194
72,195
72,198
71,199
71,204
70,205
70,211
71,212
71,218
70,219
70,220
69,221
69,222
68,223
68,225
67,226
67,227
66,228
66,229
65,230
65,231
64,232
64,234
63,235
63,238
62,239
62,241
60,243
60,244
59,245
59,249
60,250
60,251
62,253
62,260
63,261
63,263
66,266
67,266
68,267
70,267
71,268
78,268
79,269
80,269
83,272
84,272
86,274
87,274
89,276
90,276
95,281
96,281
101,286
102,286
103,287
104,287
108,291
109,291
110,292
111,292
114,295
115,295
116,296
117,296
118,297
119,297
120,298
121,298
123,300
124,300
125,301
126,301
128,303
129,303
130,304
132,304
133,305
134,305
135,306
136,306
137,307
139,307
141,309
143,309
144,310
147,310
148,311
150,311
151,312
153,312
154,313
156,313
159,316
157,318
156,318
156,319
152,323
152,324
151,325
151,326
150,327
150,328
148,330
148,331
147,332
147,333
146,334
146,335
145,336
145,338
144,339
144,342
143,343
143,345
142,346
142,348
141,349
141,356
142,357
142,360
143,361
143,363
144,364
144,368
145,369
145,372
146,373
146,375
147,376
147,377
148,378
148,379
150,381
150,382
151,383
151,384
156,389
160,389
161,390
177,390
178,389
185,389
186,388
188,388
189,387
191,387
194,384
195,384
196,383
197,383
198,382
199,382
200,381
201,381
203,379
204,379
205,378
206,378
207,377
208,377
209,376
210,376
220,366
221,366
221,365
222,364
222,360
223,359
224,359
225,360
225,361
227,363
227,364
228,365
228,366
229,367
229,368
230,369
230,370
234,374
234,375
244,385
244,386
245,386
247,388
248,388
252,392
253,392
254,393
255,393
257,395
258,395
259,396
260,396
262,398
263,398
266,401
268,401
269,402
275,402
276,403
285,403
286,404
291,404
292,403
296,403
297,402
303,402
304,401
306,401
308,399
309,399
310,398
310,397
316,391
317,391
321,387
322,387
322,385
323,384
323,379
324,378
324,377
325,376
325,372
324,371
324,369
323,368
323,358
321,356
321,355
320,354
320,353
319,352
319,351
318,350
318,349
315,346
315,345
314,344
313,344
310,341
310,340
306,336
306,335
302,331
301,331
296,326
295,326
291,322
290,322
287,319
286,319
285,318
284,318
281,315
280,315
279,314
279,313
280,312
285,312
286,311
293,311
294,310
296,310
297,311
298,311
300,313
300,314
301,315
301,317
302,318
302,320
303,321
303,322
304,323
304,324
307,327
307,328
310,331
311,331
313,333
314,333
315,334
316,334
318,336
320,336
321,337
322,337
323,338
324,338
326,340
327,340
328,341
330,341
331,342
332,342
333,343
339,343
340,344
347,344
348,343
354,343
355,342
358,342
359,341
361,341
362,342
369,342
370,341
372,341
373,342
375,342
376,343
389,343
389,340
391,338
392,339
393,339
394,340
397,340
398,339
403,339
404,338
405,338
406,337
407,337
415,329
415,327
416,326
416,325
417,324
417,323
418,322
418,308
417,307
417,305
416,304
416,302
415,301
415,300
412,297
412,295
411,294
411,293
410,292
412,290
413,290
414,291
417,291
418,292
421,292
423,294
424,294
425,295
427,295
428,296
429,296
430,297
432,297
433,298
434,298
436,300
437,300
438,301
439,301
441,303
442,303
443,304
444,304
461,321
461,322
462,323
463,323
468,328
469,328
470,329
471,329
473,331
474,331
475,332
488,332
492,328
493,328
494,327
495,327
497,325
498,325
499,324
500,324
503,321
503,320
504,319
504,318
508,314
508,312
509,311
509,309
510,308
510,306
511,305
511,304
512,303
512,301
513,300
513,296
514,295
514,288
515,287
515,284
516,283
516,281
517,280
517,271
518,270
518,257
519,256
519,250
520,249
520,243
519,242
519,231
518,230
518,223
517,222
517,217
516,216
516,213
515,212
515,210
514,209
514,206
513,205
513,202
512,201
512,199
511,198
511,197
509,195
509,194
508,193
508,192
499,183
498,183
497,182
495,182
494,181
492,181
491,180
481,180
480,181
477,181
476,182
475,182
474,183
473,183
472,184
471,184
468,187
467,187
465,189
464,189
461,192
460,192
455,197
454,197
453,198
452,198
449,201
448,201
447,202
424,202
423,201
422,201
421,200
421,198
424,195
424,193
425,192
425,182
424,181
424,173
423,172
423,171
422,170
422,169
421,168
421,167
420,166
420,165
418,163
418,162
417,161
417,159
416,158
416,156
413,153
413,152
411,150
411,149
410,148
410,147
401,138
400,138
399,137
398,137
397,136
396,136
392,132
391,132
390,131
389,131
386,128
385,128
384,127
383,127
382,126
380,126
379,125
377,125
376,124
374,124
373,123
371,123
370,122
367,122
366,121
365,121
363,119
361,119
360,118
356,118
355,117
354,117
352,115
350,115
349,114
345,114
344,113
341,113
340,114
333,114
332,115
329,115
328,116
326,116
325,117
317,117
316,118
314,118
313,119
312,119
311,120
310,120
303,127
303,128
299,132
298,132
297,133
296,133
295,134
294,134
294,135
284,145
283,145
282,146
273,146
269,142
269,141
268,140
268,139
267,138
267,137
263,133
263,132
262,131
262,130
260,128
260,127
259,126
259,125
258,124
258,122
255,119
255,118
253,116
253,115
249,111
248,111
245,108
245,107
243,105
242,105
241,104
240,104
238,102
238,99
237,98
237,94
236,93
236,90
235,89
235,77
234,76
234,60
230,60
