882
379,64
378,65
355,65
354,66
343,66
342,67
337,67
336,68
333,68
332,69
327,69
326,70
322,70
321,71
316,71
315,72
312,72
311,73
310,73
309,74
307,74
306,75
303,75
302,76
299,76
298,77
297,77
296,78
295,78
294,79
292,79
291,80
290,80
289,81
288,81
287,82
286,82
285,83
284,83
283,84
281,84
280,85
279,85
278,86
277,86
275,88
274,88
273,89
272,89
270,91
269,91
267,93
266,93
264,95
263,95
261,97
260,97
256,101
255,101
254,102
253,102
250,105
249,105
246,108
245,108
241,112
241,113
236,118
235,118
217,136
216,136
209,143
208,143
203,148
202,148
202,149
199,152
198,152
198,153
190,161
190,162
186,166
186,167
178,175
178,176
174,180
174,181
168,187
168,188
165,191
165,192
157,200
157,201
156,202
156,203
155,204
155,205
151,209
151,210
148,213
148,214
141,221
141,222
140,223
140,224
137,227
133,227
132,226
129,226
128,225
127,226
126,226
123,229
116,229
115,228
111,228
110,227
102,227
101,228
101,229
100,230
101,231
101,233
102,233
106,237
107,237
110,240
111,240
114,243
115,243
122,250
122,252
123,253
123,255
124,256
124,266
123,267
123,276
122,277
122,284
121,285
121,290
120,291
120,295
119,296
119,299
118,300
118,302
117,303
117,305
115,307
115,308
113,310
113,311
101,323
100,323
99,324
98,324
96,326
95,326
93,328
92,328
90,330
89,330
88,331
87,331
86,332
85,332
84,333
82,333
81,334
80,334
79,335
64,335
63,336
60,336
59,337
58,337
56,339
55,339
51,343
51,344
50,345
50,346
49,347
49,350
48,351
49,352
49,354
50,355
50,356
51,357
51,358
57,364
57,365
55,367
53,367
52,368
51,368
51,369
50,370
50,372
49,373
50,374
50,376
53,379
53,380
54,381
55,381
58,384
60,384
61,385
64,385
65,386
82,386
83,385
99,385
100,386
107,386
108,387
111,387
112,388
115,388
116,389
118,389
123,394
123,395
124,396
124,397
125,398
125,400
126,401
126,403
127,404
127,406
128,407
128,408
129,409
129,412
130,413
130,415
131,416
131,418
132,419
132,421
133,422
133,424
134,425
134,427
135,428
135,430
136,431
136,432
137,433
137,434
138,435
138,437
139,438
139,440
140,441
140,442
141,443
141,444
142,445
142,447
143,448
143,450
144,451
144,452
147,455
147,457
148,458
148,459
149,460
149,461
151,463
151,464
152,465
152,466
153,467
153,468
155,470
155,471
156,472
156,473
157,474
157,475
159,477
159,478
161,480
161,481
165,485
165,486
167,488
167,489
170,492
170,493
172,495
172,496
173,497
173,498
174,499
174,500
177,503
177,504
178,505
178,506
179,507
180,507
191,518
192,518
195,521
196,521
200,525
201,525
202,526
203,526
205,528
206,528
208,530
210,530
212,532
213,532
215,534
217,534
218,535
219,535
220,536
221,536
222,537
223,537
224,538
225,538
226,539
228,539
229,540
230,540
231,541
232,541
233,542
235,542
236,543
238,543
239,544
240,544
242,546
244,546
245,547
253,547
254,548
261,548
262,547
262,543
259,540
258,540
255,537
254,537
252,535
251,535
249,533
248,533
247,532
246,532
242,528
241,528
230,517
230,516
227,513
227,512
226,511
226,510
225,509
226,508
226,507
227,506
228,507
230,507
231,508
247,508
248,509
287,509
288,510
293,510
294,511
298,511
299,512
302,512
303,513
305,513
306,514
307,514
309,516
311,516
312,517
313,517
314,518
316,518
318,520
319,520
320,521
322,521
323,522
325,522
326,523
327,523
328,524
330,524
331,525
333,525
334,526
337,526
338,527
339,527
340,528
345,528
346,529
352,529
353,530
384,530
385,529
391,529
392,528
394,528
395,527
398,527
399,526
401,526
402,525
404,525
406,523
407,523
408,522
410,522
411,521
413,521
415,519
416,519
417,518
418,518
419,517
419,512
418,511
418,510
417,509
416,509
414,507
413,507
412,506
410,506
409,505
408,505
406,503
405,503
404,502
402,502
401,501
399,501
397,499
396,499
395,498
394,498
391,495
391,494
387,490
387,489
386,488
386,487
384,485
384,484
383,483
383,482
382,481
382,480
380,478
380,476
379,475
379,472
378,471
378,469
377,468
377,465
376,464
376,459
375,458
375,446
376,445
376,437
377,436
377,430
378,429
378,426
379,425
379,420
380,419
380,410
381,409
381,405
382,404
382,399
383,398
383,388
384,387
384,375
385,374
385,370
384,369
384,364
383,363
383,361
384,360
384,359
390,353
391,353
392,352
395,352
396,351
397,352
400,352
401,353
403,353
404,354
406,354
407,355
409,355
410,356
411,356
413,358
414,358
415,359
417,359
419,361
420,361
421,362
422,362
424,364
425,364
428,367
429,367
430,368
431,368
434,371
435,371
436,372
437,372
438,373
439,373
442,376
443,376
444,377
445,377
446,378
447,378
449,380
450,380
451,381
453,381
454,382
455,382
457,384
459,384
460,385
462,385
463,386
464,386
466,388
474,388
474,380
473,379
473,378
472,377
472,376
471,375
471,374
469,372
469,371
467,369
467,368
465,366
465,365
464,364
464,363
463,362
463,361
461,359
461,358
460,357
460,355
459,354
459,353
458,352
458,351
457,350
457,348
456,347
456,344
455,343
455,336
454,335
454,322
455,321
455,318
456,317
456,313
457,312
457,310
458,309
458,308
459,307
459,306
460,305
460,304
461,303
461,302
463,300
463,299
464,298
464,297
468,293
468,292
469,291
469,290
472,287
472,286
473,285
473,284
476,281
476,279
478,277
478,275
480,273
480,272
481,271
481,264
479,264
478,263
473,263
472,264
470,264
469,265
467,265
466,266
464,266
463,267
461,267
460,268
458,268
457,269
455,269
454,270
452,270
451,271
448,271
447,272
446,272
445,273
444,273
443,274
442,274
441,275
440,275
439,276
438,276
437,277
436,277
435,278
434,278
433,279
432,279
431,280
430,280
429,281
428,281
425,284
424,284
423,285
422,285
420,287
419,287
418,288
417,288
416,289
415,289
413,291
411,291
410,292
408,292
407,293
396,293
395,292
394,292
392,290
392,287
391,286
391,281
390,280
390,279
389,278
389,277
388,276
388,275
387,274
387,272
386,271
386,270
385,269
385,268
384,267
384,266
383,265
383,263
382,262
382,260
380,258
380,256
379,255
379,253
378,252
378,251
377,250
377,249
376,248
376,246
375,245
375,243
374,242
374,240
373,239
373,238
372,237
372,236
371,235
371,234
370,233
370,231
369,230
369,229
367,227
367,226
366,225
366,223
365,222
365,221
363,219
363,217
362,216
362,215
361,214
361,213
360,212
360,211
359,210
359,209
358,208
358,207
357,206
357,205
355,203
355,202
354,201
354,200
353,199
353,197
350,194
350,193
349,192
349,190
348,189
348,188
347,187
347,186
346,185
346,184
345,183
345,181
343,179
343,178
342,177
342,176
341,175
341,173
340,172
340,170
339,169
339,168
338,167
338,166
337,165
337,164
336,163
336,161
335,160
335,159
334,158
334,157
333,156
333,153
332,152
332,150
331,149
331,148
330,147
330,144
329,143
329,140
328,139
328,135
327,134
327,131
326,130
326,123
327,122
327,120
328,119
328,117
329,116
329,114
331,112
331,111
332,110
332,109
339,102
340,102
342,100
344,100
345,99
347,99
351,95
354,95
355,94
357,94
358,93
359,93
360,92
363,92
364,91
369,91
370,90
373,90
374,89
377,89
378,88
382,88
383,87
389,87
390,86
395,86
396,85
408,85
409,84
417,84
418,83
426,83
427,82
440,82
441,81
461,81
462,80
479,80
480,79
512,79
513,78
533,78
534,77
536,77
536,72
535,72
534,71
531,71
530,70
526,70
525,69
515,69
514,68
500,68
499,67
485,67
484,66
455,66
454,65
404,65
403,64
379,64
