977
438,59
438,60
437,61
437,62
436,63
436,65
435,66
435,68
434,69
434,70
427,77
427,78
426,79
426,80
424,82
424,83
423,84
423,85
414,94
412,94
411,93
410,93
409,92
407,92
406,91
401,91
400,90
397,90
396,89
391,89
390,88
383,88
382,87
372,87
371,86
360,86
359,87
349,87
348,88
341,88
340,89
335,89
334,90
331,90
330,91
322,91
321,90
320,90
318,88
316,88
315,87
312,87
306,81
304,81
303,80
300,80
296,76
296,75
294,73
294,72
293,71
292,71
291,70
290,70
289,69
288,69
285,66
285,65
283,63
283,62
282,61
281,61
280,60
277,60
277,62
276,63
277,64
277,69
276,70
275,69
274,69
273,68
271,68
270,67
266,67
265,66
264,67
262,67
262,69
261,70
261,71
262,72
262,74
263,75
263,76
266,79
266,80
267,81
267,82
270,85
270,86
271,87
271,88
281,98
281,102
282,103
282,105
287,110
287,111
280,118
280,119
278,121
277,121
255,143
255,144
242,157
241,157
234,164
233,164
232,165
231,165
228,168
227,168
226,169
225,169
220,174
219,174
218,175
217,175
216,176
215,176
214,177
213,177
211,179
210,179
209,180
207,180
206,181
204,181
203,182
202,182
200,184
199,184
196,187
195,187
192,190
191,190
182,199
182,200
178,204
178,205
174,209
174,210
173,211
173,212
172,213
172,214
169,217
169,218
168,219
168,220
167,221
167,222
166,223
166,224
163,227
163,228
162,229
162,230
161,231
161,232
160,233
160,234
158,236
158,237
157,238
157,239
156,240
156,241
155,242
155,243
153,245
153,246
152,247
152,248
151,249
151,250
150,251
150,252
149,253
149,254
148,255
148,256
147,257
147,258
146,259
146,260
144,262
144,263
143,264
143,265
142,266
142,267
126,283
126,285
125,286
125,289
123,291
123,292
120,295
119,295
110,304
110,305
108,307
108,308
103,313
96,313
95,314
93,314
92,315
91,315
90,316
89,316
88,317
87,317
85,319
85,320
84,321
84,322
83,323
83,326
82,327
82,332
81,333
80,333
79,334
78,334
76,336
75,336
70,341
70,343
69,344
69,349
68,350
68,353
69,354
69,359
70,360
70,362
71,363
71,364
72,365
72,366
73,367
73,368
74,368
77,371
78,371
81,374
81,377
82,378
82,380
83,381
84,381
86,383
89,383
91,385
88,388
87,388
83,392
82,392
80,394
79,394
78,395
77,395
74,398
73,398
72,399
71,399
70,400
69,400
68,401
67,401
66,402
65,402
63,404
62,404
60,406
58,406
57,407
55,407
54,408
53,408
45,416
44,416
43,417
41,417
40,418
39,418
35,422
34,422
34,423
31,426
30,426
30,430
32,432
34,432
37,435
42,435
43,434
44,434
46,432
47,432
49,430
50,430
52,428
53,428
56,425
57,425
59,423
60,424
60,425
57,428
56,428
54,430
53,430
51,432
50,432
47,435
46,435
45,436
44,436
42,438
41,438
36,443
35,443
35,444
33,446
33,451
39,451
41,449
43,449
44,448
45,448
46,447
48,447
50,445
51,445
53,443
54,443
55,442
56,442
59,439
61,439
63,437
65,437
68,434
69,434
70,433
71,433
72,434
69,437
68,437
62,443
62,444
57,449
57,450
56,451
56,452
55,453
55,458
56,459
57,459
58,460
66,460
67,459
70,459
71,458
72,458
73,457
74,457
75,456
79,456
81,458
81,459
82,460
82,461
83,461
84,462
87,462
88,461
97,461
98,460
101,460
102,459
105,459
107,457
109,457
111,455
112,455
113,454
114,454
117,451
119,451
120,450
121,450
122,449
124,449
125,448
126,448
129,445
130,445
138,437
139,437
141,435
142,435
143,434
144,434
145,435
150,435
151,436
160,436
161,437
164,437
165,438
180,438
181,437
183,437
185,435
187,435
189,433
190,433
191,432
192,432
195,429
197,429
198,428
202,428
203,429
203,431
204,432
204,434
205,435
205,437
206,438
206,440
207,441
207,445
208,446
208,448
209,449
209,450
210,451
210,452
211,453
211,456
212,457
212,459
213,460
213,461
214,462
214,464
215,465
215,467
216,468
216,470
217,471
217,475
218,476
218,478
219,479
219,484
218,485
217,485
216,484
215,484
214,483
213,483
212,482
210,482
209,481
207,481
206,482
204,482
203,483
202,483
201,484
200,484
198,486
197,486
197,487
196,488
196,495
197,496
197,498
198,498
201,501
201,502
202,503
203,503
204,504
206,504
208,506
211,506
212,507
213,507
216,510
216,511
219,514
219,515
220,516
220,517
221,518
237,518
238,517
239,517
240,516
255,516
256,517
259,517
260,518
263,518
264,519
267,519
268,520
273,520
274,521
277,521
278,522
299,522
301,520
301,515
302,514
302,511
304,509
307,512
307,513
309,515
309,516
311,516
312,517
314,517
315,516
315,503
314,502
314,501
313,500
313,499
309,495
308,495
307,494
305,494
304,493
298,493
297,494
291,494
290,495
277,495
276,494
275,494
274,493
273,493
272,492
271,492
270,491
269,491
268,490
267,490
265,488
264,488
255,479
255,478
254,477
254,476
253,475
253,471
252,470
252,467
251,466
251,460
252,459
252,448
251,447
251,435
252,434
252,432
253,431
253,429
255,427
255,426
257,424
257,423
258,422
258,421
259,420
259,419
260,418
260,417
261,416
261,415
262,414
262,413
263,412
263,411
264,410
264,409
265,408
265,407
271,401
272,401
273,400
275,400
276,399
278,399
279,398
280,398
281,397
283,397
284,396
285,396
286,395
289,395
291,393
293,393
294,392
295,392
296,391
302,391
304,393
305,393
307,395
308,395
309,396
310,396
311,397
312,397
315,400
316,400
322,406
322,407
324,409
325,409
327,411
328,411
329,412
330,412
331,413
334,413
335,414
338,414
339,415
365,415
366,416
367,416
368,417
369,417
375,423
375,424
376,425
376,428
377,429
377,439
378,440
378,444
379,445
379,451
380,452
380,455
381,456
381,459
382,460
382,462
385,465
385,466
386,466
387,467
388,467
390,469
391,469
393,471
394,471
395,472
396,472
397,473
406,473
407,472
407,469
406,468
406,467
404,465
404,464
403,463
403,451
402,450
402,449
400,447
400,446
399,445
399,442
398,441
398,435
399,434
399,428
400,427
400,425
401,424
401,423
404,420
404,419
413,410
413,409
415,407
415,406
422,399
423,399
425,397
426,397
428,395
429,395
430,394
432,394
433,393
436,393
437,392
439,392
440,391
442,391
443,390
444,390
445,389
446,389
447,388
448,388
448,387
449,386
449,380
450,379
450,378
452,376
461,376
461,375
462,374
462,372
461,371
461,369
460,368
459,368
457,366
455,366
454,365
446,365
445,366
443,366
442,367
440,367
439,368
437,368
436,369
434,369
433,370
431,370
430,371
429,371
426,374
425,374
424,375
422,375
420,377
419,377
418,376
418,375
419,374
419,373
427,365
428,365
429,364
430,364
431,363
432,363
436,359
437,359
437,358
439,356
439,355
441,353
441,343
442,342
442,341
445,338
446,338
447,337
448,337
452,341
452,342
453,343
456,343
457,342
457,333
454,330
453,330
451,328
449,328
448,327
440,327
439,328
437,328
436,329
434,329
433,330
432,330
430,332
429,332
428,333
427,333
424,336
423,336
422,337
421,337
413,345
413,346
412,347
412,348
406,354
406,355
404,357
404,358
402,360
402,361
401,362
401,363
400,364
400,365
399,366
399,367
394,372
389,372
388,371
387,371
385,369
385,368
384,367
384,365
383,364
382,364
379,361
379,360
393,346
393,345
396,342
396,341
399,338
399,337
402,334
402,333
403,332
403,331
404,330
404,329
405,328
405,327
406,326
406,325
407,324
407,321
408,320
408,318
409,317
409,312
410,311
410,310
411,309
411,307
413,305
413,302
414,301
414,298
415,297
415,294
416,293
416,288
417,287
417,284
418,283
418,278
417,277
417,274
418,273
418,262
417,261
417,258
416,257
416,248
417,247
417,241
418,240
418,238
419,237
419,235
421,233
421,231
424,228
424,227
425,226
425,225
427,223
427,221
429,219
429,215
430,214
430,211
431,210
431,205
432,204
432,201
433,200
433,198
434,197
434,196
435,195
435,192
436,191
436,190
437,189
437,185
438,184
438,181
439,180
439,175
440,174
440,171
441,170
441,163
442,162
442,159
443,158
443,142
444,141
444,138
445,137
445,136
446,135
446,134
450,130
450,129
451,128
451,126
452,125
452,122
453,121
453,119
455,117
455,115
456,114
456,112
457,111
457,109
458,108
458,86
457,85
452,85
451,84
451,82
452,81
452,80
453,79
453,77
454,76
454,66
453,65
449,65
448,66
447,66
445,64
445,63
443,61
443,59
438,59
