902
185,18
184,19
181,19
180,20
177,20
176,21
173,21
172,22
169,22
168,23
165,23
164,24
161,24
160,25
158,25
157,26
150,26
149,27
126,27
125,26
113,26
112,25
92,25
91,26
89,26
87,28
87,36
88,36
89,37
90,37
91,38
93,38
94,39
96,39
97,40
99,40
100,41
101,41
102,42
103,42
106,45
107,45
109,47
110,47
112,49
113,49
119,55
120,55
123,58
123,59
127,63
127,64
130,67
130,68
132,70
132,71
133,72
133,73
134,74
134,76
135,77
135,78
136,79
136,80
137,81
137,82
138,83
138,85
139,86
139,87
140,88
140,90
141,91
141,105
140,106
140,113
139,114
139,118
138,119
138,121
137,122
137,124
136,125
136,127
135,128
135,130
134,131
134,132
133,133
133,134
131,136
131,137
128,140
128,141
126,143
126,144
123,147
123,148
119,152
119,153
116,156
116,157
113,160
113,161
110,164
110,165
107,168
107,169
104,172
104,173
101,176
101,177
98,180
98,181
95,184
95,185
93,187
93,188
90,191
90,192
88,194
88,195
85,198
85,199
83,201
83,202
80,205
80,206
77,209
77,210
74,213
74,214
71,217
71,218
68,221
68,222
59,231
59,232
56,235
56,236
55,237
55,238
54,239
54,240
53,241
53,242
52,243
52,244
51,245
51,246
50,247
50,248
49,249
49,250
47,252
47,253
46,254
46,255
45,256
45,257
44,258
44,259
43,260
43,261
41,263
41,264
40,265
40,267
39,268
39,270
38,271
38,273
37,274
37,276
36,277
36,279
35,280
35,281
34,282
34,284
33,285
33,288
32,289
32,292
31,293
31,296
30,297
30,300
29,301
29,304
28,305
28,308
27,309
27,312
26,313
26,316
25,317
25,320
24,321
24,324
23,325
23,328
22,329
22,331
21,332
21,334
20,335
20,393
21,394
21,404
22,405
22,409
24,411
24,412
26,414
26,415
28,417
28,418
29,419
29,420
30,421
30,422
31,423
31,424
32,425
32,426
34,428
43,428
45,426
46,426
48,424
48,409
47,408
47,365
48,364
48,358
49,357
49,354
50,353
50,352
51,351
51,350
52,349
52,348
53,347
53,346
54,345
54,344
55,343
55,342
56,341
56,340
57,339
57,338
58,337
58,336
59,335
59,333
60,332
60,330
61,329
61,328
62,327
62,326
63,325
63,324
67,320
67,319
69,317
70,317
73,320
73,321
74,322
74,332
73,333
73,380
74,381
74,391
73,392
73,451
74,452
74,458
75,459
75,461
76,462
76,465
77,466
77,468
78,469
78,471
79,472
79,474
80,475
80,476
84,480
84,481
86,483
86,484
87,485
87,486
88,487
88,489
89,490
89,492
90,493
90,494
97,501
97,502
99,504
99,505
102,508
102,509
106,513
106,515
107,516
107,524
106,525
106,527
102,531
96,531
95,532
91,532
90,533
86,533
85,534
81,534
80,535
76,535
75,536
72,536
71,537
69,537
68,538
66,538
65,539
64,539
62,541
62,542
61,543
61,544
59,546
59,547
58,548
58,549
57,550
57,551
56,552
56,553
55,554
55,556
54,557
54,558
55,559
56,559
57,560
61,560
62,559
63,559
64,558
72,558
73,557
74,557
75,556
76,557
77,557
80,560
80,561
83,564
83,565
85,567
85,568
87,570
87,571
92,576
95,576
96,577
97,576
100,576
101,575
102,575
104,573
105,573
107,571
110,571
111,570
118,570
119,571
120,571
121,572
122,572
123,573
125,573
126,574
127,574
128,575
130,575
131,576
133,576
134,577
142,577
143,576
145,576
147,574
147,572
148,571
148,570
147,569
147,560
146,559
146,556
141,551
141,550
140,549
140,547
139,546
139,542
138,541
138,533
139,532
139,528
142,525
143,525
146,522
159,522
160,523
167,523
168,524
171,524
172,523
178,523
179,522
184,522
185,521
192,521
193,520
199,520
200,519
204,519
205,518
207,518
208,517
209,517
210,516
212,516
213,515
218,515
219,516
224,516
225,517
238,517
240,519
241,519
242,520
242,521
246,525
246,530
245,531
245,532
244,533
244,535
243,536
243,537
241,539
241,540
237,544
237,545
218,564
218,571
219,572
220,572
221,573
223,573
224,574
233,574
236,571
237,571
243,565
244,565
246,567
247,567
249,569
250,569
252,571
253,571
254,572
255,572
256,573
257,573
258,574
259,574
261,576
262,576
263,577
264,577
265,578
276,578
279,575
279,574
280,573
280,572
281,571
281,570
282,569
282,568
283,567
283,566
284,565
284,564
285,563
286,563
287,562
288,562
289,561
305,561
306,560
311,560
312,559
313,559
316,556
316,553
315,552
315,550
314,549
314,548
308,542
306,542
305,541
303,541
302,540
300,540
299,539
298,539
297,538
296,538
295,537
294,537
293,536
292,536
291,535
290,535
289,534
288,534
287,533
286,533
281,528
281,527
280,526
280,508
281,507
281,506
282,505
282,504
283,503
283,502
284,501
284,500
285,499
285,498
287,496
287,495
290,492
290,491
292,489
292,488
293,487
293,486
294,485
294,484
295,483
295,482
296,481
296,480
297,479
297,478
298,477
298,475
299,474
299,473
300,472
300,471
302,469
302,468
303,467
303,466
304,465
304,464
305,463
305,461
306,460
306,457
307,456
307,452
308,451
308,446
309,445
309,419
308,418
308,405
307,404
307,396
306,395
306,388
305,387
305,383
304,382
304,380
303,379
303,376
302,375
302,373
301,372
301,369
300,368
300,362
299,361
299,355
298,354
298,352
297,351
297,349
296,348
296,346
295,345
295,343
294,342
294,340
293,339
293,338
292,337
292,335
291,334
291,332
290,331
290,330
289,329
289,327
288,326
288,321
287,320
287,315
289,313
290,313
291,312
292,312
301,321
301,322
304,325
304,326
306,328
306,329
310,333
310,334
313,337
313,338
315,340
315,341
318,344
318,345
320,347
320,348
321,349
321,350
322,351
322,352
323,353
323,354
324,355
324,356
325,357
325,358
326,359
326,360
328,362
328,363
332,367
332,368
336,372
336,373
345,382
346,382
348,384
349,384
350,385
351,385
352,386
353,386
355,388
358,388
359,387
359,385
360,384
360,377
359,376
359,369
358,368
358,362
357,361
357,358
356,357
356,353
355,352
355,349
354,348
354,345
353,344
353,341
352,340
352,338
351,337
351,334
350,333
350,331
349,330
349,327
348,326
348,323
347,322
347,319
346,318
346,316
345,315
345,314
344,313
344,311
343,310
343,309
342,308
342,307
341,306
341,304
340,303
340,301
339,300
339,297
338,296
338,294
337,293
337,290
336,289
336,287
335,286
335,285
334,284
334,283
333,282
333,281
332,280
332,279
331,278
331,277
330,276
330,274
329,273
329,271
327,269
327,268
325,266
325,265
323,263
323,262
322,261
322,260
320,258
320,257
318,255
318,254
316,252
316,251
315,250
315,249
313,247
313,246
312,245
312,244
310,242
310,241
309,240
309,239
307,237
307,236
306,235
306,234
304,232
304,231
303,230
303,229
302,228
302,227
301,226
301,225
300,224
300,223
299,222
299,221
298,220
298,219
296,217
296,216
294,214
294,213
293,212
293,211
291,209
291,208
290,207
290,206
287,203
287,202
285,200
284,200
275,191
275,190
274,189
274,188
272,186
272,185
271,184
271,183
270,182
270,180
269,179
269,177
268,176
268,174
267,173
267,170
266,169
266,168
265,167
265,166
264,165
264,164
263,163
263,162
261,160
261,159
260,158
260,157
259,156
259,155
258,154
258,153
256,151
256,150
255,149
255,148
254,147
254,145
253,144
253,143
252,142
252,140
251,139
251,137
250,136
250,134
249,133
249,74
248,73
248,68
247,67
247,62
246,61
246,57
245,56
245,52
244,51
244,48
243,47
243,45
242,44
242,41
239,38
239,37
237,35
237,34
235,32
235,31
233,29
232,29
231,28
230,28
229,27
228,27
227,26
225,26
224,25
222,25
221,24
219,24
218,23
217,23
216,22
213,22
212,21
210,21
209,20
206,20
205,19
202,19
201,18
185,18
