914
492,15
491,16
489,16
488,17
488,18
487,19
487,20
486,21
486,23
485,24
485,28
484,29
484,32
483,33
483,37
482,38
482,41
481,42
481,45
480,46
480,48
479,49
479,52
478,53
478,55
477,56
477,59
476,60
476,62
475,63
475,65
474,66
474,68
473,69
473,71
472,72
472,74
471,75
471,77
470,78
470,80
469,81
469,84
468,85
468,88
467,89
467,92
466,93
466,96
465,97
465,99
464,100
464,103
463,104
463,106
462,107
462,110
461,111
461,114
460,115
460,116
458,118
452,118
451,117
450,117
449,118
444,118
443,119
442,119
441,118
440,118
439,117
439,115
438,114
438,111
437,110
437,107
436,106
436,103
435,102
435,99
434,98
434,89
433,88
433,85
432,84
432,79
431,78
431,76
430,75
430,73
429,72
429,70
428,69
428,68
427,67
427,66
426,65
426,64
425,63
425,61
424,60
424,59
423,58
423,57
422,56
422,55
420,53
420,52
419,51
419,49
418,48
418,47
416,45
416,44
415,43
415,42
414,41
414,39
412,37
412,36
411,35
411,34
410,33
410,32
409,31
409,30
407,28
407,27
406,26
406,25
405,24
405,23
402,20
402,19
401,19
399,17
397,17
396,16
395,16
394,17
392,17
389,20
389,21
388,22
388,23
387,24
387,26
386,27
386,31
385,32
385,35
384,36
384,61
383,62
383,81
382,82
382,87
381,88
381,102
380,103
380,106
379,107
379,112
378,113
378,116
377,117
377,127
376,128
376,131
375,132
375,148
376,149
376,155
377,156
377,157
378,158
378,159
379,160
379,161
381,163
381,165
382,166
382,171
381,172
381,174
380,175
380,177
377,180
377,182
376,183
376,186
377,187
377,191
376,192
376,193
375,194
375,196
374,197
374,211
373,212
373,213
372,214
372,215
369,218
359,218
358,217
356,217
355,216
354,216
353,215
351,215
350,214
349,214
348,213
347,213
344,210
344,209
343,208
341,208
340,207
339,208
333,208
332,207
331,207
330,206
328,206
327,205
326,205
324,203
322,203
321,202
318,202
317,201
312,201
311,200
308,200
307,199
306,199
305,198
304,198
303,197
302,197
301,196
290,196
288,194
286,194
285,193
272,193
271,192
270,192
269,191
268,191
267,190
264,190
263,189
257,189
256,190
247,190
246,189
243,189
242,188
241,189
239,189
237,191
236,191
235,192
233,192
232,193
231,193
230,194
228,194
227,195
218,195
217,196
214,196
213,197
212,197
211,198
210,198
208,200
207,200
206,201
204,201
203,202
198,202
197,203
195,203
191,207
186,207
185,208
183,208
182,209
181,209
180,210
179,210
179,211
178,212
178,213
175,216
173,216
172,217
170,217
169,218
168,218
166,220
166,221
163,224
162,224
161,225
160,225
159,226
159,227
158,228
158,229
152,235
152,236
149,239
148,239
144,243
143,243
141,245
140,245
139,246
138,246
138,248
137,249
137,253
136,254
136,255
134,257
134,258
131,261
130,261
130,263
129,264
129,266
128,267
128,268
123,273
123,274
122,275
122,277
120,279
120,280
117,283
115,283
114,284
113,284
107,290
107,291
105,293
104,293
103,294
99,294
98,295
91,295
90,294
80,294
79,293
74,293
73,292
72,292
71,291
69,291
68,290
66,290
64,288
63,288
62,287
60,287
59,286
57,286
56,285
55,285
54,284
52,284
49,281
48,281
47,280
42,280
41,281
39,281
38,282
37,282
36,283
36,285
35,286
35,295
36,296
36,298
37,299
37,300
39,302
39,303
41,305
41,306
43,308
43,309
48,314
49,314
51,316
52,316
53,317
54,317
58,321
59,321
60,322
61,322
62,323
63,323
64,324
65,324
66,325
67,325
70,328
71,328
72,329
73,329
74,330
77,330
78,331
82,331
83,332
95,332
96,333
107,333
108,332
112,332
113,333
120,333
122,335
122,340
123,341
123,343
124,344
124,345
125,346
125,347
127,349
127,350
128,351
128,352
131,355
131,356
134,359
134,360
148,374
148,375
151,378
152,378
153,379
154,379
159,384
160,384
163,387
165,387
166,388
167,388
171,392
172,392
173,393
174,393
177,396
177,397
179,399
175,403
174,403
173,402
172,402
171,401
168,401
167,400
166,401
164,401
163,402
162,402
160,404
159,404
156,407
156,409
155,410
155,412
156,413
156,416
157,417
157,418
158,419
158,420
159,421
159,422
165,428
166,428
167,429
169,429
170,430
186,430
187,429
196,429
197,430
199,430
200,431
201,431
203,433
204,433
205,434
206,434
207,435
208,435
209,436
211,436
212,437
222,437
223,436
228,436
229,435
231,435
232,434
234,434
235,433
237,433
238,432
241,432
242,431
252,431
253,430
255,430
256,429
257,429
257,428
260,425
262,425
264,423
265,423
270,418
270,417
273,414
276,414
277,413
280,413
284,409
285,409
286,408
286,407
289,404
290,404
292,402
293,402
296,399
297,399
304,392
309,392
311,394
312,394
315,397
316,397
321,402
322,402
327,407
327,408
328,409
328,410
333,415
334,415
335,416
345,416
346,415
352,415
353,414
356,414
357,413
366,413
367,412
369,412
370,411
372,411
373,410
376,410
377,409
381,409
382,408
385,408
386,407
390,407
391,406
401,406
402,405
404,405
410,399
411,399
413,397
413,396
415,394
416,394
417,393
425,393
426,392
427,392
428,391
429,391
433,387
433,386
435,384
435,383
436,382
436,381
437,380
437,378
439,376
439,375
440,374
440,369
439,369
437,367
436,367
435,366
434,366
431,363
429,363
428,362
425,362
424,361
421,361
420,360
416,360
415,361
412,361
411,362
410,362
409,363
408,363
407,364
406,364
405,365
404,365
402,367
401,367
400,368
398,368
397,369
396,369
394,371
389,371
388,372
367,372
366,371
364,371
362,369
365,366
368,366
369,365
371,365
372,364
374,364
375,363
377,363
378,362
379,362
380,361
382,361
383,360
385,360
386,359
388,359
390,357
391,357
392,356
393,356
394,355
397,355
398,354
400,354
401,353
403,353
405,351
407,351
408,350
410,350
411,349
413,349
414,348
416,348
417,347
419,347
420,346
421,346
422,345
423,345
424,344
426,344
427,343
429,343
430,342
431,342
432,341
434,341
435,340
436,340
437,339
438,339
441,336
443,336
444,335
445,335
446,334
447,334
449,332
450,332
453,329
454,329
456,327
457,327
458,326
459,326
462,323
463,323
465,321
466,321
466,320
469,317
470,317
473,314
473,313
475,311
475,310
478,307
479,307
481,305
482,305
483,304
484,304
485,303
486,303
487,302
489,302
490,301
497,301
498,302
500,302
501,303
503,303
504,304
505,304
506,305
507,305
508,306
510,306
511,307
513,307
514,308
516,308
517,309
519,309
520,310
524,310
525,311
528,311
529,312
546,312
547,311
549,311
551,309
552,309
556,305
556,304
559,301
559,300
560,299
560,292
559,291
559,290
558,289
558,288
557,287
557,286
556,286
555,285
552,285
551,284
550,284
548,282
547,282
544,279
543,279
540,276
540,275
539,274
538,274
535,271
535,270
533,268
533,267
531,265
531,264
530,263
530,261
529,260
529,257
528,256
528,255
531,252
552,252
553,251
560,251
561,250
564,250
565,249
566,250
571,250
572,249
578,249
578,247
580,245
580,244
581,243
581,242
582,241
582,236
581,235
581,234
582,233
582,232
583,231
583,227
584,226
584,212
583,211
583,210
582,209
582,208
581,207
581,206
580,205
579,205
578,204
576,204
575,203
573,203
572,202
571,202
570,201
568,201
567,200
564,200
563,199
549,199
548,198
547,198
546,197
545,197
544,196
542,196
541,195
540,195
534,189
534,187
533,186
533,170
534,169
534,166
535,165
535,163
536,162
536,146
535,145
535,143
534,142
534,140
533,139
533,138
532,137
532,136
531,135
531,134
530,133
530,132
528,130
528,129
527,129
526,128
525,128
524,127
522,127
521,126
510,126
506,122
506,116
507,115
507,65
506,64
506,61
505,60
505,49
504,48
504,45
503,44
503,38
502,37
502,35
501,34
501,31
500,30
500,27
499,26
499,24
498,23
498,22
497,21
497,19
496,18
496,17
495,16
493,16
492,15
