896
207,43
206,44
196,44
195,45
192,45
191,46
189,46
188,47
187,47
185,49
184,49
182,51
181,51
180,52
179,52
179,53
174,58
173,58
173,59
170,62
170,63
168,65
168,66
167,67
167,68
166,69
166,70
165,71
165,72
163,74
163,75
162,76
162,79
161,80
161,82
160,83
160,86
159,87
159,90
158,91
158,93
157,94
157,112
158,113
158,115
159,116
159,117
160,118
160,119
161,120
161,121
160,122
159,122
158,121
158,120
157,120
151,114
150,114
146,110
145,110
144,109
142,109
137,104
136,104
135,103
133,103
130,100
129,100
128,99
127,99
122,94
121,94
120,93
118,93
117,92
116,92
115,91
114,91
112,89
111,89
110,88
109,88
108,87
107,87
104,84
103,84
102,83
101,83
100,82
99,82
96,79
95,79
94,78
92,78
91,77
88,77
87,76
86,76
85,75
84,75
83,74
82,74
80,72
79,72
78,71
77,71
76,70
75,70
73,68
72,68
71,67
69,67
68,66
66,66
65,65
61,65
60,66
56,66
55,65
54,65
53,64
52,64
51,63
48,63
47,64
47,65
46,66
46,75
47,76
47,80
46,81
46,84
45,85
45,92
46,92
47,93
48,93
49,94
51,94
52,95
56,95
57,94
58,95
61,95
62,96
67,96
68,95
73,95
74,96
76,96
77,97
78,97
80,99
81,99
83,101
84,101
85,102
86,102
104,120
105,120
106,121
107,121
110,124
110,125
127,142
128,142
141,155
141,156
142,157
142,158
147,163
147,164
154,171
154,172
155,173
155,174
157,176
157,177
158,178
159,178
160,179
161,179
162,180
163,180
164,181
165,181
169,185
169,210
168,211
168,213
167,214
167,221
166,222
166,250
165,251
165,262
164,263
164,298
163,299
163,301
162,302
162,309
161,310
160,309
158,309
157,308
153,308
152,307
149,307
148,306
147,306
146,305
144,305
143,304
136,304
135,303
131,303
130,302
126,302
125,301
120,301
119,300
116,300
115,299
91,299
90,300
88,300
87,301
86,301
85,302
84,302
83,303
82,303
81,304
80,304
78,306
78,307
75,310
75,311
73,313
73,314
72,315
72,317
71,318
71,321
70,322
70,323
71,324
71,326
72,327
72,328
73,329
73,330
77,334
77,335
78,336
78,338
79,339
79,340
83,344
83,345
84,346
84,348
86,350
86,352
87,353
87,355
88,356
88,360
89,361
89,363
90,364
90,371
91,372
91,375
92,376
92,379
93,380
93,383
94,384
94,386
95,387
95,388
96,389
96,392
97,393
97,396
98,397
98,402
99,403
99,407
100,408
100,410
101,411
101,434
100,435
100,436
99,437
99,438
96,441
93,441
92,442
90,442
87,445
80,445
78,447
77,447
76,448
61,448
60,449
58,449
57,450
56,450
54,452
54,453
53,454
53,456
52,457
52,461
53,462
53,463
54,464
55,464
59,468
59,469
60,469
61,470
62,470
63,471
66,471
67,472
68,472
69,473
72,473
73,474
86,474
87,473
96,473
97,474
98,474
99,475
100,475
101,476
103,476
104,477
105,477
106,478
110,478
111,477
112,477
113,476
119,476
120,477
125,477
126,476
128,476
134,470
135,470
137,468
137,458
136,457
136,453
134,451
134,450
133,449
133,447
132,446
132,445
131,445
128,442
128,413
129,412
129,398
130,397
130,395
131,394
131,386
132,385
132,377
133,376
133,375
134,374
135,375
136,375
137,376
139,376
140,377
141,377
142,378
144,378
145,379
148,379
149,380
151,380
152,381
154,381
155,382
156,382
157,383
158,383
159,384
161,384
162,385
165,385
166,386
169,386
170,387
172,387
173,388
174,388
177,391
177,392
178,393
178,394
179,395
179,396
182,399
182,400
184,402
184,403
185,404
185,405
189,409
189,410
190,411
191,411
196,416
197,416
201,420
202,420
215,433
216,433
219,436
220,436
221,437
223,437
226,440
227,440
228,441
229,441
232,444
233,444
236,447
237,447
241,451
242,451
243,452
244,452
246,454
247,454
251,458
252,458
253,459
254,459
257,462
258,462
259,463
260,463
262,465
263,465
265,467
266,467
267,468
268,468
269,469
270,469
273,472
274,472
275,473
276,473
277,474
278,474
279,475
281,475
282,476
283,476
284,477
285,477
286,478
288,478
289,479
293,479
294,480
298,480
299,481
314,481
315,480
318,480
319,479
341,479
342,480
345,480
346,481
348,481
351,484
351,485
356,485
358,487
360,487
362,489
364,489
365,490
366,490
367,491
372,491
373,492
389,492
390,493
392,493
393,494
396,494
397,495
402,495
403,496
405,496
406,497
408,497
410,499
411,499
412,500
414,500
415,501
416,501
417,502
418,502
422,506
423,506
428,511
428,525
429,526
429,529
430,530
430,532
431,533
431,534
433,536
433,537
429,541
428,541
427,542
426,542
425,543
425,544
424,545
424,546
423,547
423,549
422,550
423,551
423,553
425,555
426,555
427,556
432,556
434,554
435,554
436,553
439,553
440,552
442,552
443,551
446,551
447,550
448,550
450,548
454,548
457,545
458,545
460,543
461,543
462,542
462,541
467,536
468,536
471,533
472,533
472,532
473,531
473,529
472,528
472,526
473,525
473,521
474,520
474,517
475,516
475,515
478,512
479,512
480,511
480,509
481,508
481,507
482,506
482,501
481,500
481,493
480,493
479,492
476,492
475,491
472,491
470,489
468,489
467,488
464,488
463,487
459,487
458,486
456,486
455,485
446,485
445,484
444,484
443,483
442,483
441,482
439,482
436,479
435,479
434,478
432,478
431,477
430,477
429,476
428,476
427,475
426,475
425,474
424,474
422,472
421,472
420,471
419,471
416,468
415,468
414,467
412,467
411,466
410,466
408,464
407,464
405,462
404,462
403,461
402,461
399,458
398,458
397,457
396,457
395,456
394,456
390,452
389,452
388,451
387,451
386,450
385,450
384,449
383,449
381,447
380,447
379,446
378,446
377,445
375,445
374,444
373,444
372,443
371,443
370,442
368,442
367,441
363,441
362,440
357,440
356,439
349,439
348,438
333,438
332,437
329,437
327,435
326,435
322,431
320,431
319,430
317,430
306,419
305,419
303,417
302,417
300,415
299,415
293,409
293,408
291,406
291,404
289,402
289,401
284,396
284,395
281,392
280,392
278,390
278,389
282,385
282,372
281,371
281,369
280,368
280,366
279,365
279,363
275,359
275,357
274,356
274,355
273,354
272,354
269,351
269,349
268,348
268,346
266,344
266,343
265,342
265,340
264,339
264,338
262,336
262,335
261,334
261,330
260,329
260,288
261,287
261,282
262,281
262,280
263,279
263,277
264,276
264,274
265,273
265,271
266,270
266,269
268,267
270,267
272,269
273,269
277,273
279,273
280,274
284,274
285,275
293,275
294,274
296,274
297,273
298,273
299,272
300,272
301,271
301,270
305,266
305,265
306,264
306,263
307,262
307,251
306,250
306,248
305,247
305,246
303,244
303,242
301,240
301,239
300,238
300,236
297,233
297,232
286,221
286,220
285,219
285,209
284,208
284,204
283,203
283,202
282,201
282,198
281,197
281,195
280,194
280,193
279,192
279,190
277,188
277,187
276,186
276,185
275,184
275,183
274,182
274,181
273,180
273,179
270,176
270,175
269,174
269,173
264,168
264,167
261,164
261,163
257,159
257,158
253,154
253,153
252,152
252,151
250,149
250,146
252,144
253,144
254,143
258,143
259,142
261,142
262,141
263,141
266,138
267,138
268,137
268,136
269,135
269,134
271,132
271,125
272,124
272,123
273,122
273,119
274,118
274,115
275,114
275,113
279,109
279,108
280,107
280,93
279,92
279,87
280,86
280,73
278,71
277,71
274,68
274,66
273,65
273,63
270,60
268,60
267,59
260,59
257,56
255,56
254,55
247,55
246,54
242,54
241,53
240,53
239,52
238,52
237,51
234,51
233,50
228,50
227,49
224,49
223,48
222,48
221,47
220,47
219,46
218,46
217,45
215,45
214,44
211,44
210,43
207,43
