971
416,50
415,51
414,51
413,52
413,54
412,55
412,75
413,76
413,80
414,81
414,86
415,87
415,90
416,91
416,93
417,94
417,97
418,98
418,100
419,101
419,102
420,103
420,105
421,106
421,107
422,108
422,109
423,110
423,111
424,112
424,114
425,115
425,117
426,118
426,120
427,121
427,122
428,123
428,124
429,125
429,126
430,127
430,137
429,138
429,141
428,142
428,145
427,146
427,149
426,150
426,152
425,153
425,155
424,156
424,159
423,160
423,163
422,164
422,167
421,168
421,170
420,171
420,173
419,174
419,175
418,176
418,178
417,179
417,181
416,182
416,184
414,186
414,187
412,189
412,190
410,192
410,193
402,201
401,201
400,202
399,202
398,203
397,203
396,204
395,204
394,205
393,205
392,206
391,206
390,207
388,207
387,208
385,208
384,209
381,209
380,210
351,210
350,211
347,211
346,212
344,212
343,213
341,213
340,214
337,214
336,215
333,215
332,216
326,216
325,217
322,217
321,218
319,218
318,219
313,219
312,220
299,220
298,221
284,221
283,220
261,220
260,219
251,219
250,218
246,218
245,217
241,217
240,216
231,216
230,215
226,215
225,214
212,214
211,213
206,213
205,214
197,214
196,215
193,215
192,216
190,216
189,217
187,217
186,218
185,218
184,219
182,219
181,220
180,220
179,221
178,221
176,223
175,223
174,224
173,224
172,225
171,225
168,228
167,228
165,230
164,230
162,232
161,232
160,233
159,233
158,232
157,232
154,229
154,228
152,226
152,225
151,224
151,223
150,222
150,221
149,220
149,217
148,216
148,214
147,213
147,211
146,210
146,208
145,207
145,206
144,205
144,202
143,201
143,199
142,198
142,196
141,195
141,192
140,191
140,188
139,187
139,180
138,179
138,178
137,178
134,175
132,175
131,174
130,174
129,175
127,175
126,176
125,176
122,179
122,180
121,181
121,184
120,185
120,208
121,209
121,211
122,212
122,214
123,215
123,217
124,218
124,219
125,220
125,221
126,222
126,223
127,224
127,225
129,227
129,228
132,231
132,232
133,233
133,235
134,236
134,239
135,240
135,242
138,245
139,245
140,246
141,246
142,247
143,247
144,248
144,251
136,259
136,260
134,262
134,263
132,265
132,266
131,267
131,269
130,270
130,273
129,274
129,279
128,280
128,283
127,284
127,287
126,288
126,304
127,305
127,309
128,310
128,346
127,347
127,351
126,352
126,354
125,355
125,357
124,358
124,359
123,360
123,361
121,363
121,364
114,371
113,371
111,373
111,374
109,376
109,378
108,379
108,382
107,383
107,387
106,388
106,394
105,395
105,398
104,399
104,404
103,405
103,408
102,409
102,415
101,416
101,419
100,420
100,424
99,425
99,428
98,429
98,434
97,435
97,438
96,439
96,444
95,445
95,448
94,449
94,452
93,453
93,455
92,456
92,459
91,460
91,462
90,463
90,466
89,467
89,473
88,474
88,477
87,478
87,479
84,482
84,483
83,484
83,485
82,486
82,489
81,490
81,498
80,499
80,502
79,503
79,507
78,508
78,511
77,512
77,513
76,514
76,522
79,525
80,525
81,526
98,526
99,525
99,524
100,523
100,512
101,511
101,510
102,509
102,503
103,502
103,500
104,499
104,498
105,497
105,491
106,490
106,487
107,486
107,479
108,478
108,475
109,474
109,465
110,464
110,456
111,455
111,452
112,451
112,448
113,447
113,444
114,443
114,441
115,440
115,437
116,436
116,434
117,433
117,430
118,429
118,427
119,426
119,424
120,423
120,421
121,420
121,419
122,418
122,417
123,416
123,415
124,414
124,413
128,409
128,408
133,403
133,402
149,386
149,385
151,383
152,383
153,384
153,385
152,386
152,396
153,397
153,403
154,404
154,416
155,417
155,423
156,424
156,442
157,443
157,450
158,451
158,460
157,461
157,470
158,471
158,474
159,475
159,496
160,497
160,500
161,501
161,502
162,503
163,503
166,506
166,508
167,509
167,518
168,519
168,521
169,522
171,522
172,523
174,523
175,524
192,524
193,523
194,523
195,522
195,519
194,518
194,516
192,514
192,513
189,510
189,508
188,507
188,504
187,503
187,501
186,500
186,499
185,498
185,496
184,495
184,493
183,492
183,491
182,490
182,488
181,487
181,485
180,484
180,481
179,480
179,467
178,466
178,463
177,462
177,457
176,456
176,428
177,427
177,420
178,419
178,416
179,415
179,413
180,412
180,410
181,409
181,408
182,407
182,406
183,405
183,404
188,399
188,398
195,391
196,391
210,377
210,376
214,372
215,372
215,371
221,365
221,364
227,358
228,358
229,357
230,357
231,358
237,358
238,359
245,359
246,360
248,360
249,361
274,361
275,360
283,360
284,361
303,361
304,362
308,362
309,363
317,363
318,364
321,364
322,365
347,365
348,364
350,364
351,363
354,363
355,362
361,362
362,361
367,361
368,362
371,362
372,363
391,363
392,364
397,364
398,365
401,365
402,366
406,366
407,367
408,367
411,370
411,371
414,374
414,376
415,377
415,378
416,379
416,380
417,381
417,382
418,383
418,384
419,385
419,386
420,387
420,388
421,389
421,390
422,391
422,393
423,394
423,395
424,396
424,397
425,398
425,399
426,400
426,402
427,403
427,404
428,405
428,406
429,407
429,408
430,409
430,419
429,420
426,420
425,421
423,421
421,423
421,424
420,425
420,428
416,432
414,432
413,433
411,433
410,434
409,434
406,437
406,438
405,439
405,440
403,442
403,444
402,445
402,448
401,449
401,453
402,454
402,458
403,459
403,461
404,462
404,463
405,464
412,464
413,463
414,463
415,462
416,462
418,460
418,459
423,454
424,454
425,453
426,453
428,451
429,451
432,448
434,448
437,451
437,455
436,456
436,458
435,459
435,460
434,461
434,462
433,463
433,466
432,467
432,471
433,472
433,475
434,476
434,478
435,479
435,480
436,481
436,482
439,485
440,485
443,488
444,488
445,489
446,489
447,490
454,490
455,489
456,489
457,488
457,472
458,471
458,462
459,461
459,458
460,457
460,451
461,450
461,447
462,446
462,438
461,437
461,432
460,431
460,429
459,428
459,426
458,425
458,424
457,423
457,422
455,420
455,419
454,418
454,417
453,416
453,415
452,414
452,413
451,412
451,411
450,410
450,409
449,408
449,405
448,404
448,385
449,384
449,376
450,375
450,363
451,362
451,359
452,358
452,356
453,355
453,353
454,352
454,350
455,349
455,341
454,340
454,337
453,336
453,335
452,334
452,333
451,332
450,332
449,331
448,331
447,330
446,330
445,329
443,329
442,328
438,328
437,327
435,327
434,326
432,326
431,325
429,325
428,324
427,324
426,323
425,323
424,322
423,322
422,321
420,321
419,320
419,319
424,314
424,313
425,312
425,310
426,309
426,307
427,306
427,304
428,303
428,300
429,299
429,297
430,296
430,287
431,286
431,284
432,283
432,281
434,279
434,278
437,275
437,273
438,272
438,271
439,270
439,269
440,268
440,267
442,265
442,264
444,262
444,261
445,260
445,259
446,258
446,257
447,256
447,255
450,252
450,251
451,250
451,249
452,248
452,246
453,245
453,244
454,243
454,242
455,241
455,240
456,239
456,237
457,236
457,234
458,233
458,232
459,231
459,229
460,228
460,226
461,225
461,222
462,221
462,218
463,217
463,215
464,214
464,212
465,211
465,210
466,209
466,207
467,206
467,204
468,203
468,200
469,199
469,196
470,195
470,193
471,192
471,190
472,189
472,188
473,187
473,185
474,184
474,182
475,181
475,178
476,177
476,169
477,168
477,167
480,164
481,165
489,165
490,164
501,164
502,163
506,163
507,162
515,162
516,163
521,163
522,162
527,162
528,161
529,161
530,160
531,160
531,159
535,155
535,154
536,153
536,139
535,138
535,137
534,136
533,136
530,133
529,133
528,132
527,132
526,131
525,131
524,130
523,130
521,128
520,128
518,126
517,126
515,124
514,124
510,120
509,120
508,119
507,119
505,117
504,117
495,108
494,108
492,106
491,106
489,104
488,104
486,102
485,102
484,101
483,101
478,96
478,94
479,93
479,89
478,88
478,78
477,77
477,75
476,74
476,72
475,71
475,69
474,68
474,64
473,63
471,63
470,62
469,62
468,63
466,63
466,64
465,65
465,66
460,71
460,72
456,76
456,77
454,79
454,80
453,81
453,82
452,83
452,84
451,85
451,86
450,87
450,89
449,90
449,93
448,94
448,98
447,99
446,98
446,97
445,96
445,95
444,94
444,88
443,87
443,83
442,82
442,80
441,79
441,77
440,76
440,75
439,74
439,73
438,72
438,71
437,70
437,69
435,67
435,66
423,54
423,53
420,50
416,50
