814
244,34
243,35
241,35
241,39
245,43
246,43
247,44
249,44
252,47
252,48
253,48
257,52
257,53
255,55
253,53
253,52
252,52
251,51
250,51
247,48
246,48
245,47
243,47
242,46
239,46
238,45
235,45
234,44
222,44
221,45
219,45
219,50
222,53
223,53
224,54
226,54
231,59
232,59
234,61
234,62
235,63
235,64
236,65
236,66
237,67
237,70
230,77
229,77
222,84
221,84
215,90
214,90
214,91
213,92
213,93
209,97
209,98
206,101
206,102
205,103
205,104
203,106
203,108
202,109
202,111
201,112
201,115
200,116
200,138
199,139
198,139
197,138
196,138
195,137
193,137
192,136
191,136
190,135
188,135
187,134
185,134
184,133
179,133
178,134
176,134
175,135
173,135
172,136
170,136
169,137
167,137
166,138
165,138
164,139
163,139
156,146
152,146
151,145
133,145
132,146
129,146
128,147
118,147
117,148
107,148
106,149
100,149
99,150
97,150
96,151
95,151
94,152
93,152
92,153
90,153
89,154
88,154
87,155
86,155
83,158
83,159
82,160
82,161
80,163
80,164
79,165
79,167
78,168
78,170
77,171
77,172
76,173
76,174
74,176
74,177
73,178
73,179
69,183
69,184
67,186
67,187
57,197
57,198
53,202
53,203
52,204
52,205
51,206
51,207
48,210
48,211
47,212
47,214
46,215
46,217
45,218
45,220
43,222
43,223
42,224
42,227
41,228
41,231
40,232
40,234
39,235
39,236
37,238
37,239
36,240
36,241
35,242
35,244
32,247
32,248
31,249
31,251
30,252
30,253
27,256
27,257
26,258
26,259
25,260
25,262
24,263
24,264
23,265
23,266
22,267
22,268
21,269
21,271
20,272
20,283
21,284
21,286
22,287
22,288
23,289
23,292
24,293
24,294
25,295
25,297
26,298
26,299
28,301
28,302
29,303
29,304
31,306
31,307
33,309
34,309
36,311
37,311
38,312
39,312
40,313
41,313
43,315
45,315
46,316
48,316
49,317
50,317
51,318
52,318
54,320
55,320
56,321
57,321
58,322
59,322
61,324
62,324
64,326
65,326
66,327
67,327
69,329
70,329
73,332
74,332
75,333
76,333
81,338
82,338
87,343
88,343
92,347
93,347
95,349
96,349
99,352
100,352
102,354
104,354
105,355
122,355
123,354
125,354
126,353
128,353
130,351
131,351
133,349
134,349
135,348
135,347
138,344
139,344
140,343
140,342
144,338
144,337
145,336
145,334
146,333
146,331
147,330
147,328
148,327
148,312
149,311
149,310
150,309
151,309
152,308
165,308
166,307
169,307
170,308
170,309
171,310
171,312
172,313
172,315
173,316
173,317
174,318
174,320
175,321
175,323
176,324
176,327
177,328
177,329
178,330
178,331
179,332
179,341
178,342
178,343
177,344
177,345
176,346
176,348
175,349
175,350
174,351
174,353
173,354
173,356
172,357
172,358
171,359
171,361
170,362
170,365
169,366
169,369
168,370
168,373
167,374
167,375
166,376
166,378
165,379
165,383
164,384
164,387
163,388
163,394
162,395
162,398
161,399
161,401
160,402
160,410
159,411
159,436
160,437
160,443
161,444
161,446
162,447
162,448
163,449
163,452
164,453
164,454
165,455
165,456
166,457
166,458
177,469
189,469
192,472
192,473
193,473
194,474
203,474
204,473
205,473
206,472
208,472
210,474
210,475
212,477
213,477
214,478
221,478
222,477
224,477
231,470
231,468
232,467
232,454
233,453
233,452
234,451
234,450
235,449
235,448
236,447
236,444
237,443
237,420
238,419
238,418
239,417
244,422
244,423
245,424
245,425
246,426
246,429
247,430
247,431
248,432
248,433
249,434
249,437
250,438
250,441
251,442
251,444
252,445
252,447
254,449
254,451
255,452
255,454
256,455
256,458
257,459
257,473
256,474
256,476
255,477
255,478
254,479
254,481
252,483
252,485
251,486
251,489
250,490
250,507
251,508
251,510
252,511
252,512
258,518
258,519
259,520
259,521
260,522
260,528
261,529
261,532
262,533
262,535
263,536
263,537
264,538
264,539
265,540
265,541
267,543
267,549
268,550
268,552
269,553
269,554
270,555
270,557
271,558
271,559
273,561
273,562
274,562
276,564
277,564
280,567
282,567
283,568
295,568
298,565
298,564
301,561
303,561
304,562
306,562
307,563
321,563
323,561
323,560
325,558
326,558
327,557
328,558
341,558
342,557
344,557
344,555
345,554
345,552
346,551
346,537
345,536
345,534
344,533
344,531
343,530
343,529
339,525
339,524
338,524
336,522
335,522
334,521
332,521
331,520
330,520
329,519
327,519
326,518
324,518
323,517
322,517
316,511
316,510
315,509
314,509
310,505
310,504
303,497
303,496
301,494
301,492
298,489
298,488
297,487
297,486
296,485
296,484
295,483
295,481
293,479
293,477
292,476
292,474
291,473
291,430
290,429
290,415
289,414
289,413
288,412
288,410
287,409
287,406
286,405
286,402
285,401
285,396
284,395
284,393
282,391
282,389
281,388
281,386
280,385
280,383
279,382
279,380
277,378
277,377
276,376
276,375
275,374
275,373
273,371
273,370
271,368
271,362
272,361
272,360
273,359
273,355
274,354
274,351
275,350
275,346
276,345
276,344
277,343
277,342
279,340
280,340
281,339
284,339
285,338
287,338
288,337
290,337
291,336
292,336
293,335
294,335
295,334
296,334
298,332
299,332
307,324
307,323
311,319
311,318
313,316
313,315
315,313
315,312
316,311
316,310
317,309
317,307
318,306
318,305
319,304
319,302
320,301
320,300
322,298
322,295
323,294
323,290
324,289
324,288
327,285
328,285
329,284
329,283
333,279
334,279
334,278
339,273
339,272
343,268
343,267
344,266
344,265
348,261
349,261
350,260
363,260
364,261
365,261
366,262
378,262
379,263
380,263
382,265
382,266
383,267
383,268
386,271
388,271
389,272
390,272
391,273
393,273
394,274
396,274
397,275
418,275
419,274
421,274
425,270
425,255
427,253
427,241
426,240
426,239
427,238
427,225
424,222
423,222
422,221
419,221
418,220
417,220
416,219
415,219
414,218
412,218
411,217
409,217
408,216
407,216
404,213
403,213
402,212
401,212
400,211
398,211
397,210
396,210
395,209
393,209
392,208
388,208
387,209
385,209
383,211
382,211
381,212
380,212
373,219
372,219
366,225
366,226
363,229
362,229
361,230
359,230
358,231
356,231
354,229
354,207
352,205
352,201
354,199
363,199
364,198
366,198
367,197
368,197
369,196
370,196
371,195
372,195
381,186
381,184
382,183
382,181
383,180
383,157
382,156
382,154
381,153
381,151
379,149
379,148
371,140
370,140
369,139
367,139
366,138
363,138
362,137
358,137
357,136
353,136
352,137
348,137
347,138
344,138
343,139
342,139
340,141
339,140
339,110
338,109
338,107
336,105
336,104
335,103
335,102
334,101
334,100
333,99
333,98
331,96
331,95
320,84
319,84
315,80
314,80
313,79
312,79
311,78
310,78
309,77
308,77
306,75
305,75
291,61
291,60
285,54
285,53
284,52
283,52
280,49
280,48
279,48
273,42
272,42
271,41
270,41
269,40
268,40
267,39
266,39
264,37
263,37
262,36
259,36
258,35
255,35
254,34
244,34
