1040
360,26
359,27
356,27
355,28
354,28
352,30
351,30
350,31
349,31
346,34
345,34
342,37
341,37
338,40
337,40
332,45
332,46
330,48
330,49
329,50
329,51
328,52
328,53
327,54
327,55
326,56
326,57
324,59
324,60
323,61
323,62
322,63
322,64
321,65
321,66
320,67
320,68
319,69
319,71
317,73
312,73
311,72
308,72
307,71
304,71
303,70
297,70
296,69
274,69
273,70
261,70
260,71
253,71
252,72
241,72
240,73
230,73
229,72
221,72
220,71
217,71
216,70
211,70
210,69
205,69
204,70
196,70
195,71
192,71
191,72
188,72
187,73
184,73
183,74
178,74
177,75
174,75
173,76
169,76
168,77
165,77
164,78
162,78
161,79
158,79
157,80
154,80
153,81
151,81
150,82
147,82
146,83
144,83
143,84
140,84
139,85
137,85
136,86
135,86
134,87
133,87
132,88
130,88
129,89
128,89
127,90
126,90
125,91
124,91
123,92
122,92
121,93
120,93
119,94
118,94
117,95
116,95
114,97
113,97
112,98
111,98
109,100
108,100
106,102
105,102
100,107
99,107
94,112
93,112
76,129
76,130
70,136
70,137
69,138
69,139
68,140
68,141
62,147
61,147
58,150
57,150
53,154
53,155
51,157
51,158
50,159
50,161
49,162
49,163
46,166
45,166
41,170
41,171
40,172
40,174
38,176
38,177
37,178
37,180
36,181
36,185
35,186
35,188
34,189
34,208
33,209
33,212
32,213
32,222
33,223
33,225
38,225
39,224
39,223
40,222
40,221
43,218
45,218
46,217
46,210
45,209
46,208
46,207
50,203
51,203
52,202
56,202
57,203
58,203
62,207
62,209
63,210
63,212
64,213
64,214
65,215
65,216
67,216
68,217
74,217
75,216
75,209
74,208
74,205
73,204
73,200
72,199
72,189
71,188
71,182
72,181
72,180
79,173
80,173
82,171
83,171
84,170
88,170
89,169
90,169
91,168
92,168
93,167
96,167
97,166
103,166
104,165
113,165
114,164
126,164
127,163
132,163
133,162
139,162
140,161
143,161
144,160
147,160
148,159
159,159
160,160
169,160
170,161
179,161
180,162
175,167
175,168
173,170
173,171
172,172
172,173
171,174
171,175
168,178
168,179
166,181
166,182
165,183
165,185
164,186
164,189
163,190
163,195
164,196
164,215
165,216
165,219
166,220
166,223
167,224
167,225
168,226
168,227
169,228
169,229
170,230
170,231
171,232
171,236
172,237
172,240
173,241
173,243
174,244
174,245
175,246
175,247
176,248
176,249
178,251
180,251
181,252
185,252
186,253
195,253
196,254
200,254
201,255
204,255
205,256
207,256
209,258
209,283
208,284
205,284
204,283
202,283
201,282
198,282
197,281
196,282
193,282
192,283
191,283
188,286
188,287
186,289
186,290
185,291
185,293
184,294
184,296
183,297
183,302
182,303
182,321
181,322
181,325
180,326
180,328
179,329
179,330
178,331
178,333
177,334
177,339
178,340
178,342
179,343
179,344
180,345
180,346
181,347
181,348
182,349
182,350
185,353
185,354
190,359
200,359
201,358
202,358
204,356
205,356
206,355
209,355
209,354
210,353
210,352
211,351
211,348
212,347
212,342
213,341
213,340
214,339
215,339
216,340
216,341
217,342
217,349
218,350
218,353
219,354
219,359
220,360
220,363
221,364
221,366
222,367
222,369
223,370
223,372
224,373
224,374
225,375
225,377
226,378
226,381
227,382
227,383
228,384
228,386
229,387
229,389
231,391
231,392
232,393
232,398
233,399
233,401
234,402
234,403
235,404
235,408
236,409
236,411
237,412
237,414
238,415
238,417
239,418
239,426
238,427
238,429
237,430
237,437
236,438
236,442
235,443
235,456
236,457
236,460
237,461
237,462
238,463
238,464
239,465
239,466
240,467
240,468
241,469
241,470
243,472
243,473
244,474
244,475
245,476
245,477
246,478
246,479
247,480
247,481
248,482
248,483
249,484
249,485
250,486
250,488
251,489
251,490
252,491
252,492
258,498
259,498
261,500
264,500
265,501
266,501
267,502
270,502
271,503
272,503
273,504
296,504
298,502
301,502
302,501
310,501
311,500
313,500
315,498
315,484
314,483
314,482
313,481
313,480
312,479
312,478
309,475
309,473
303,467
303,465
296,458
296,456
292,452
292,450
290,448
290,446
288,444
288,442
287,441
287,440
286,439
286,436
284,434
284,431
283,430
283,428
282,427
282,426
281,425
282,424
282,422
286,418
286,415
287,414
287,412
289,410
290,410
291,409
305,409
306,408
307,408
308,407
317,407
319,405
321,405
323,403
325,403
327,401
328,401
330,399
332,399
332,398
333,397
333,396
334,395
334,394
335,393
335,392
337,390
337,388
339,386
339,384
341,382
341,380
342,379
342,377
343,376
343,374
344,373
344,370
345,369
345,364
346,363
346,341
345,340
345,335
344,334
344,329
343,328
343,324
342,323
342,320
341,319
341,315
340,314
340,309
339,308
339,304
338,303
338,300
337,299
337,296
336,295
336,291
335,290
335,287
334,286
334,280
333,279
333,277
332,276
332,273
331,272
331,269
330,268
330,264
329,263
329,260
328,259
328,256
327,255
327,251
326,250
326,247
325,246
325,238
324,237
324,235
323,234
323,233
322,232
322,229
323,228
324,228
325,227
326,228
329,228
330,229
333,229
334,230
337,230
338,231
340,231
341,232
343,232
344,233
346,233
347,234
349,234
350,235
353,235
354,236
356,236
358,238
358,239
359,240
359,242
360,243
360,246
361,247
361,253
362,254
362,261
363,262
363,270
364,271
364,281
365,282
365,305
366,306
366,323
367,324
367,333
368,334
368,372
369,373
369,378
370,379
370,390
371,391
371,395
372,396
372,401
373,402
373,406
374,407
374,410
375,411
375,417
376,418
376,421
377,422
377,425
378,426
378,428
399,428
400,427
405,427
406,426
414,426
415,425
419,425
420,424
426,424
427,423
430,423
431,422
433,422
434,423
435,423
438,426
438,427
439,428
439,429
440,430
440,431
441,432
441,433
442,434
442,435
443,436
443,437
444,438
444,439
445,440
445,441
446,442
446,443
448,445
448,446
450,448
450,449
452,451
452,452
456,456
456,464
455,465
455,474
454,475
454,478
453,479
453,490
452,491
452,493
451,494
451,499
450,500
450,501
447,504
447,505
446,506
446,507
445,508
445,510
444,511
444,514
445,515
445,517
447,517
448,518
453,518
454,517
456,517
461,512
462,512
463,511
463,509
464,508
464,505
465,504
465,502
466,501
466,499
468,497
468,496
474,490
475,490
477,488
478,488
480,486
483,486
484,485
487,485
488,486
489,486
500,497
500,498
501,499
501,500
502,501
502,502
504,504
504,507
505,508
505,510
506,511
506,513
507,514
507,516
508,517
508,521
509,522
509,524
510,525
510,526
511,527
511,528
513,530
517,530
518,529
519,529
519,526
520,525
520,507
519,506
519,504
520,503
522,505
522,506
529,513
529,514
531,516
531,517
533,519
533,520
534,521
534,522
538,526
538,527
539,528
545,528
546,527
546,521
548,519
550,519
551,518
551,511
549,509
549,508
547,506
547,504
545,502
545,501
536,492
536,491
533,488
533,487
529,483
528,483
525,480
524,480
507,463
506,463
505,462
504,462
503,461
502,461
501,460
500,460
497,457
496,457
495,456
494,456
493,455
492,455
491,454
490,454
488,452
487,452
485,450
484,450
483,449
482,449
481,448
480,448
479,447
477,447
476,446
475,446
473,444
473,443
472,442
472,431
471,430
471,425
470,424
470,420
469,419
469,407
468,406
468,403
467,402
467,398
466,397
466,395
465,394
465,392
464,391
464,382
463,381
463,378
462,377
462,366
461,365
461,360
460,359
460,354
459,353
459,349
458,348
458,345
457,344
457,341
456,340
456,337
455,336
455,334
454,333
454,331
453,330
453,328
452,327
452,325
451,324
451,322
450,321
450,319
449,318
449,315
448,314
448,312
447,311
447,308
446,307
446,303
445,302
445,299
444,298
444,292
443,291
443,286
442,285
442,281
441,280
441,268
440,267
440,253
441,252
441,217
440,216
440,213
439,212
439,210
438,209
438,208
437,207
437,205
436,204
436,203
435,202
435,201
434,200
434,199
433,198
433,197
432,196
432,195
431,194
431,193
430,192
430,191
429,190
429,189
427,187
427,186
423,182
423,181
419,177
419,176
415,172
415,171
413,169
413,168
411,166
411,165
409,163
409,160
411,158
411,157
412,156
412,155
413,154
413,153
414,152
414,151
416,149
416,148
417,147
417,146
419,144
419,142
421,140
421,138
423,136
423,134
425,132
425,130
426,129
426,128
427,127
427,125
428,124
428,123
429,122
429,120
430,119
430,118
431,117
431,115
432,114
432,113
433,112
433,110
434,109
434,108
435,107
435,106
436,105
436,103
437,102
437,101
438,100
438,98
439,97
439,77
438,76
438,75
436,73
436,72
434,70
434,69
431,66
431,65
430,64
430,63
429,62
429,61
427,59
427,58
425,56
425,55
423,53
423,52
420,49
420,48
413,41
412,41
407,36
406,36
405,35
404,35
402,33
401,33
400,32
399,32
398,31
397,31
396,30
394,30
393,29
391,29
390,28
388,28
387,27
384,27
383,26
360,26
