953
414,30
413,31
413,35
419,41
420,41
421,42
421,43
420,44
419,44
417,42
416,42
415,41
412,41
411,40
407,40
406,39
405,40
403,40
403,42
402,43
403,44
403,46
404,47
405,47
411,53
411,54
413,56
413,57
412,58
411,58
410,59
408,59
407,60
405,60
404,61
403,61
401,63
400,63
399,64
398,64
396,66
394,66
393,67
391,67
388,70
387,70
382,75
381,75
371,85
370,85
368,87
368,88
365,91
365,92
362,95
361,95
359,97
359,98
358,99
358,100
357,101
357,102
356,103
356,104
352,108
352,109
349,112
340,112
339,113
337,113
336,114
335,114
334,115
333,115
332,116
331,116
330,117
329,117
328,118
327,118
325,120
325,121
323,123
323,124
322,125
322,126
321,127
321,129
320,130
320,133
319,134
319,144
320,145
320,148
321,149
321,150
322,151
322,152
324,154
324,155
327,158
327,159
328,160
328,161
330,163
332,163
333,164
334,164
337,167
333,171
332,171
331,172
330,172
328,174
327,174
323,178
322,178
319,181
318,181
314,185
313,185
309,189
308,189
306,191
291,191
290,192
286,192
285,193
282,193
281,194
278,194
277,195
275,195
274,196
272,196
271,197
268,197
267,198
266,198
265,199
263,199
262,200
261,200
260,201
259,201
258,202
256,202
255,203
254,203
253,204
252,204
251,205
250,205
249,206
247,206
246,207
245,207
244,208
242,208
241,209
208,209
207,210
204,210
203,211
199,211
198,212
195,212
194,213
191,213
190,214
187,214
186,215
185,215
184,216
183,216
182,217
161,217
160,218
151,218
150,219
141,219
140,220
135,220
134,221
131,221
130,222
128,222
127,223
126,223
125,224
124,224
123,225
121,225
120,226
118,226
117,227
106,227
105,228
102,228
101,229
99,229
98,230
94,230
93,231
85,231
84,232
81,232
80,233
78,233
77,234
75,234
74,235
72,235
71,236
69,236
68,237
67,237
66,238
65,238
62,241
62,243
61,244
61,248
62,249
62,251
63,252
63,253
64,254
64,255
65,256
65,258
66,259
66,260
69,263
71,263
72,264
80,264
82,266
83,266
84,267
86,267
87,268
93,268
94,267
96,267
97,266
98,266
99,265
100,265
101,264
102,264
103,263
106,263
107,262
113,262
114,261
117,261
118,260
120,260
121,259
124,259
125,258
129,258
130,257
132,257
133,256
134,256
135,255
137,255
138,254
141,254
142,253
144,253
145,254
155,254
156,255
159,255
160,256
161,256
164,259
164,277
163,278
163,279
164,280
164,283
165,284
165,285
167,287
175,287
176,286
177,286
180,283
180,282
181,281
181,280
182,279
182,277
183,276
183,274
184,273
184,271
185,270
185,268
186,267
186,265
187,264
187,257
188,256
188,253
190,251
190,250
192,248
193,248
194,247
195,247
196,248
212,248
213,247
221,247
222,246
227,246
228,245
232,245
233,244
281,244
282,243
286,243
287,242
292,242
293,243
294,243
296,245
296,246
297,247
297,248
298,249
298,250
299,251
299,252
300,253
300,254
301,255
301,256
302,257
302,258
303,259
303,260
304,261
304,262
305,263
305,264
306,265
306,266
307,267
307,268
308,269
308,270
309,271
309,272
310,273
310,274
311,275
311,277
312,278
312,279
313,280
313,281
314,282
314,283
315,284
315,286
316,287
316,288
317,289
317,291
318,292
318,293
319,294
319,296
320,297
320,299
321,300
321,321
320,322
320,329
319,330
319,334
318,335
318,338
317,339
317,347
316,348
316,357
317,358
317,366
318,367
318,371
319,372
319,375
320,376
320,401
319,402
319,405
318,406
318,410
317,411
317,423
316,424
316,429
315,430
315,433
314,434
314,439
313,440
313,442
312,443
312,445
311,446
311,447
310,448
310,450
309,451
309,454
308,455
308,457
309,458
309,461
310,462
310,463
311,464
311,474
310,475
310,481
309,482
309,486
308,487
308,502
307,503
307,507
306,508
306,509
307,510
307,513
308,514
308,516
309,517
309,518
311,520
311,521
312,522
313,522
316,525
317,525
318,526
325,526
326,525
327,525
332,520
333,520
335,522
336,522
337,523
350,523
351,522
352,522
353,521
353,520
356,517
358,517
360,519
361,519
362,520
364,520
365,521
371,521
372,520
374,520
376,518
376,517
377,516
377,515
378,514
378,512
379,511
379,497
378,496
378,494
377,493
377,491
376,490
376,489
375,488
375,487
374,486
374,485
370,481
369,481
365,477
365,475
364,474
364,473
363,472
363,470
362,469
362,468
361,467
361,466
359,464
359,463
357,461
357,460
354,457
354,456
352,454
352,453
350,451
350,450
349,449
349,448
348,447
348,446
347,445
347,444
346,443
346,442
345,441
345,440
344,439
344,437
343,436
343,430
344,429
344,428
346,426
346,425
348,423
348,422
350,420
350,419
352,417
352,416
354,414
354,413
356,411
356,410
358,408
358,407
359,406
359,405
361,403
361,402
362,401
362,400
363,399
363,398
364,397
364,396
366,394
366,393
367,392
367,391
368,390
368,389
370,387
370,386
371,385
371,383
372,382
372,380
373,379
373,377
374,376
374,373
375,372
375,371
376,370
378,370
380,372
381,372
382,373
383,373
385,375
386,375
388,377
388,392
389,393
389,403
387,405
387,406
386,407
386,408
383,411
383,412
381,414
381,415
380,416
380,417
379,418
379,419
378,420
378,421
377,422
377,425
376,426
376,432
377,433
377,436
378,437
378,438
379,439
379,440
382,443
383,443
384,444
385,444
386,445
388,445
389,446
393,446
394,447
399,447
400,448
402,448
403,449
404,449
414,459
415,459
418,462
419,462
421,464
422,464
423,465
427,465
428,466
431,466
436,471
436,472
439,475
440,475
441,476
442,476
443,477
444,477
445,478
448,478
449,479
461,479
462,478
463,478
463,477
464,476
464,473
465,472
465,471
468,468
470,468
471,467
471,465
472,464
472,462
473,461
473,460
476,457
476,447
475,446
475,444
473,442
473,440
471,438
471,437
469,435
468,435
467,434
465,434
464,433
461,433
460,432
450,432
449,431
447,431
446,430
445,430
444,429
443,429
442,428
441,428
440,427
439,427
437,425
436,425
434,423
433,423
430,420
429,420
424,415
423,415
420,412
420,411
418,409
418,404
419,403
419,402
421,400
421,399
423,397
423,396
425,394
425,393
427,391
427,390
429,388
429,387
431,385
431,384
432,383
432,381
433,380
433,371
432,370
432,368
431,367
431,366
430,365
430,364
429,363
429,361
428,360
428,359
427,358
427,357
426,356
426,355
425,354
425,353
424,352
424,351
423,350
423,349
422,348
422,347
420,345
420,344
417,341
417,340
411,334
411,333
410,332
410,320
409,319
409,314
408,313
408,302
407,301
407,297
408,296
408,293
409,292
409,290
410,289
410,288
411,287
411,286
414,283
415,283
416,282
418,282
420,280
421,280
425,276
425,275
427,273
427,272
428,271
428,270
429,269
429,268
430,267
430,266
431,265
431,263
432,262
432,260
433,259
433,258
436,255
439,255
440,254
442,254
443,253
445,253
446,252
448,252
449,251
451,251
452,250
453,250
454,249
455,249
456,248
457,248
458,247
459,247
460,246
461,246
462,245
463,245
465,243
466,243
467,242
468,242
470,240
471,240
474,237
475,237
484,228
484,227
486,225
486,224
488,222
488,221
490,219
490,218
493,215
494,215
495,214
496,214
497,215
501,215
502,216
511,216
512,217
513,217
516,220
516,221
520,225
521,225
523,227
524,227
525,228
526,228
527,229
528,229
529,230
536,230
537,229
537,222
536,221
536,220
534,218
534,217
533,216
533,215
532,214
532,213
533,212
534,212
535,211
543,211
544,212
555,212
557,210
557,201
556,200
556,199
555,199
554,198
553,198
552,197
550,197
549,196
539,196
538,195
530,195
529,194
527,194
526,193
523,193
522,192
519,192
518,191
514,191
513,190
510,190
509,189
505,189
504,190
502,190
500,188
500,187
499,186
499,183
498,182
498,180
497,179
497,178
496,177
496,175
495,174
495,171
494,170
494,167
492,165
492,163
488,159
488,157
475,144
475,142
474,141
474,128
475,127
475,122
474,121
474,117
475,116
475,111
474,110
474,101
473,100
473,99
472,98
472,95
471,94
471,88
470,87
470,83
468,81
468,79
464,75
464,73
460,69
460,67
458,65
458,63
454,59
454,57
447,50
447,49
436,38
435,38
434,37
433,37
431,35
430,35
429,34
428,34
427,33
426,33
425,32
423,32
422,31
420,31
419,30
414,30
