1136
200,17
199,18
196,18
195,19
194,19
193,20
192,20
191,21
190,21
184,27
184,28
182,30
182,31
181,32
181,34
180,35
180,38
179,39
179,51
180,52
180,57
181,58
181,61
182,62
182,65
183,66
183,70
184,71
184,74
185,75
185,77
186,78
186,80
194,80
195,81
195,83
194,84
194,87
193,88
193,90
191,92
188,92
187,91
185,91
184,90
182,90
178,86
177,86
176,85
175,85
174,84
173,84
172,83
171,83
170,82
168,82
167,81
166,81
165,80
164,80
163,79
161,79
160,78
158,78
157,77
155,77
154,76
153,76
152,75
150,75
149,74
147,74
146,73
144,73
143,72
141,72
140,71
138,71
137,70
134,70
133,69
130,69
129,68
125,68
124,67
123,67
122,66
120,66
119,65
116,65
115,64
112,64
111,63
103,63
102,62
99,62
98,61
96,61
95,60
86,60
85,61
82,61
81,62
76,62
75,63
73,63
72,64
71,64
66,69
66,70
65,71
65,72
64,73
64,74
62,76
62,77
61,78
61,79
60,80
60,81
59,82
59,83
58,84
58,85
57,86
57,88
56,89
56,91
55,92
55,94
54,95
54,98
53,99
53,102
52,103
52,106
51,107
51,112
50,113
50,118
49,119
49,123
48,124
48,127
47,128
47,132
46,133
46,135
45,136
45,138
44,139
44,143
43,144
43,147
42,148
42,150
41,151
41,154
40,155
40,158
39,159
39,162
38,163
38,167
37,168
37,175
36,176
36,177
37,178
37,182
38,183
38,185
39,186
39,187
40,188
40,189
41,190
41,191
43,193
43,194
47,198
48,198
50,200
52,200
54,202
56,202
57,203
68,203
69,202
71,202
73,200
74,200
76,198
76,197
77,196
77,195
78,194
78,192
79,191
79,188
80,187
80,185
81,184
81,183
83,181
83,180
85,178
85,177
87,175
87,174
91,170
91,169
94,166
94,165
97,162
97,161
104,154
105,154
107,152
108,152
110,150
111,150
112,149
113,149
115,147
116,147
117,146
120,146
121,147
122,147
123,148
124,148
127,151
127,152
128,153
128,154
133,159
133,160
137,164
137,165
138,166
138,167
139,168
139,169
141,171
141,172
145,176
145,177
148,180
148,182
149,183
149,184
152,187
152,188
155,191
155,192
158,195
158,196
159,197
159,198
160,199
160,200
161,201
161,202
162,203
162,204
164,206
164,207
165,208
165,209
166,210
166,215
167,216
167,223
166,224
166,229
165,230
165,236
166,237
166,243
167,244
167,248
168,249
168,252
169,253
169,254
170,255
170,257
171,258
171,260
172,261
172,262
173,263
173,264
174,265
174,266
175,267
175,268
180,273
180,274
184,278
185,278
187,280
187,286
186,287
186,292
185,293
185,295
184,296
184,299
183,300
183,303
182,304
182,305
181,306
181,309
180,310
180,313
179,314
179,316
178,317
178,320
177,321
177,324
176,325
176,328
175,329
175,332
174,333
174,336
173,337
173,339
172,340
172,342
171,343
171,345
170,346
170,348
169,349
169,350
168,351
168,352
167,353
167,354
166,355
166,356
165,357
165,358
164,359
164,361
163,362
163,364
162,365
162,369
163,370
164,370
165,371
167,371
170,374
171,374
172,375
173,375
174,376
176,376
180,380
180,381
184,381
185,382
189,382
190,383
195,383
196,384
199,384
200,385
202,385
203,386
205,386
206,387
208,387
209,388
211,388
212,389
214,389
215,390
218,390
219,391
221,391
222,392
224,392
225,393
226,393
227,394
228,394
229,395
230,395
231,396
241,396
244,393
244,392
246,390
246,388
252,382
253,382
256,379
257,379
258,378
260,378
262,376
263,376
264,375
265,375
266,374
267,374
268,373
269,373
271,371
273,371
275,369
275,367
276,366
276,362
275,361
275,360
274,359
273,359
271,357
273,355
275,355
276,356
283,356
284,357
295,357
296,358
300,358
301,359
309,359
310,358
312,358
315,355
316,355
317,354
320,354
321,353
329,353
330,352
344,352
344,346
343,345
343,344
342,343
342,342
341,341
341,340
340,339
340,338
337,335
337,334
335,332
334,332
332,330
331,330
330,329
325,329
325,330
322,333
321,333
321,334
317,338
314,338
313,339
308,339
307,340
302,340
301,339
296,339
295,338
291,338
290,337
281,337
280,336
273,336
272,335
268,335
267,334
265,334
264,333
262,333
261,332
259,332
255,328
255,327
254,326
254,323
253,322
253,319
252,318
252,315
251,314
251,311
250,310
250,305
249,304
249,298
248,297
248,291
247,290
247,288
248,287
248,286
252,282
253,282
254,281
255,281
256,280
259,280
260,279
263,279
264,278
265,278
266,277
268,277
271,274
272,274
274,272
275,272
276,271
290,271
291,270
299,270
300,269
303,269
304,268
310,268
311,267
314,267
315,266
318,266
319,265
322,265
323,264
324,264
325,265
326,265
328,267
336,267
337,266
339,266
340,265
342,265
343,264
345,264
346,263
347,263
348,262
349,262
350,261
352,261
353,260
354,260
355,259
356,259
357,258
359,258
360,257
364,257
365,258
367,258
368,259
373,259
376,256
376,255
377,254
377,253
379,251
382,251
384,253
385,253
387,255
389,255
390,256
391,256
392,257
394,257
395,258
398,258
399,259
400,259
402,261
403,261
414,272
414,273
415,274
415,275
416,276
416,278
417,279
417,281
418,282
418,283
419,284
419,286
420,287
420,289
421,290
421,292
422,293
422,296
418,300
417,300
414,303
413,303
410,306
409,306
407,308
406,308
405,309
404,309
401,312
400,312
399,313
398,313
396,315
395,315
394,316
393,316
391,318
390,318
389,319
388,319
386,321
385,321
383,323
382,323
380,325
380,327
379,328
379,331
378,332
378,334
377,335
377,336
375,338
375,339
371,343
370,343
359,354
359,358
360,359
361,359
362,360
363,360
365,362
365,363
362,366
362,367
359,370
358,370
357,371
356,371
350,377
349,377
346,380
345,380
343,382
343,387
345,387
346,388
347,388
348,389
349,389
350,390
353,390
354,391
356,391
357,392
359,392
360,393
371,393
371,391
372,390
372,381
373,380
373,379
375,377
375,376
381,370
382,370
384,368
385,368
386,367
387,367
388,366
390,366
391,365
392,365
393,364
394,364
395,363
396,363
398,361
400,361
401,360
402,360
403,359
405,359
406,358
408,358
409,357
410,357
411,356
412,356
413,355
416,355
417,354
419,354
420,353
421,353
422,352
424,352
425,351
427,351
428,350
430,350
431,349
434,349
435,348
438,348
439,347
442,347
443,346
447,346
448,345
453,345
453,341
454,340
454,339
457,336
457,335
459,333
459,331
460,330
460,323
461,322
461,315
460,314
460,312
459,311
459,309
458,308
458,305
457,304
457,299
458,298
458,297
461,294
461,292
462,291
462,286
461,285
461,281
460,280
460,274
459,273
459,271
458,270
458,269
459,268
459,262
460,261
460,257
461,256
461,253
462,252
462,249
463,248
463,246
464,245
464,242
465,241
465,239
466,238
466,235
467,234
467,229
468,228
468,225
469,224
469,221
470,220
470,212
471,211
471,186
470,185
470,178
469,177
469,175
468,174
468,172
467,171
467,169
466,168
466,167
465,166
465,165
466,164
467,164
469,166
470,166
471,167
473,167
480,174
480,175
481,176
481,178
482,179
482,181
483,182
483,184
484,185
484,187
485,188
485,191
486,192
486,195
487,196
487,199
488,200
488,204
489,205
489,208
490,209
490,211
491,212
491,214
492,215
492,217
493,218
493,219
494,220
494,221
495,222
495,223
496,224
496,225
497,226
497,227
501,231
501,232
512,243
513,243
521,251
521,252
524,255
524,256
526,258
526,259
528,261
528,262
530,264
530,265
542,277
542,278
545,281
545,282
547,284
547,285
548,286
548,287
550,289
550,290
552,292
559,292
559,291
560,290
560,280
559,279
559,276
558,275
558,270
557,269
557,266
556,265
556,263
555,262
555,259
554,258
554,256
552,254
552,253
551,252
551,249
550,248
550,245
549,244
549,241
548,240
548,238
547,237
547,235
545,233
545,231
544,230
544,229
543,228
543,227
542,226
542,225
541,224
541,223
539,221
539,220
538,219
538,218
537,217
537,216
535,214
535,213
534,212
534,211
532,209
532,208
531,207
531,206
530,205
530,204
529,203
529,202
528,201
528,200
527,199
527,198
526,197
526,196
525,195
525,193
524,192
524,191
523,190
523,189
522,188
522,186
521,185
521,184
520,183
520,182
519,181
519,180
518,179
518,177
516,175
516,173
514,171
514,170
513,169
513,168
512,167
512,166
510,164
510,163
508,161
508,160
503,155
503,154
502,153
501,153
497,149
496,149
495,148
494,148
493,147
492,147
490,145
489,145
488,144
486,144
485,143
484,143
483,142
481,142
480,141
477,141
476,140
471,140
470,139
465,139
464,140
462,140
460,142
459,142
458,143
455,143
453,141
452,141
451,140
450,140
449,139
448,139
447,138
446,138
445,137
443,137
442,136
441,136
440,135
439,135
438,134
436,134
435,133
433,133
432,132
429,132
428,131
425,131
424,130
419,130
418,129
414,129
413,128
404,128
403,127
386,127
385,128
380,128
379,129
375,129
374,130
370,130
369,131
366,131
365,132
362,132
361,133
358,133
357,134
354,134
353,135
351,135
350,136
348,136
347,137
342,137
338,133
338,132
337,132
334,129
334,126
335,125
335,124
336,123
336,122
337,121
337,119
338,118
338,116
339,115
339,113
340,112
340,109
339,108
339,107
337,105
337,104
331,98
330,98
329,97
328,97
327,96
325,96
324,95
322,95
321,94
319,94
314,89
313,89
308,84
307,84
301,78
300,78
295,73
294,73
289,68
288,68
284,64
283,64
281,62
280,62
278,60
277,60
275,58
274,58
273,57
272,57
271,56
270,56
269,55
268,55
267,54
265,54
264,53
262,53
261,52
260,52
259,51
256,51
255,50
252,50
251,49
248,49
247,48
243,48
242,47
236,47
235,48
229,48
228,47
228,46
227,45
227,34
226,33
226,31
225,30
225,29
224,28
224,27
222,25
222,24
220,22
219,22
217,20
216,20
215,19
214,19
213,18
210,18
209,17
200,17
