624
110,62
108,64
108,65
107,66
107,69
106,70
106,71
102,75
101,75
100,76
99,76
98,77
97,77
92,82
92,83
89,86
89,87
87,89
87,96
88,97
88,100
89,101
89,104
86,107
85,107
81,111
81,112
79,114
79,115
78,116
78,117
77,118
77,120
76,121
76,123
77,123
78,124
79,124
80,123
81,123
82,122
83,122
84,121
85,121
86,120
87,120
88,119
89,119
90,118
95,118
96,119
97,119
100,122
100,123
102,125
102,126
103,127
103,129
104,130
104,131
105,132
105,133
107,135
107,136
109,138
109,139
112,142
113,142
116,145
117,145
119,147
120,147
122,149
122,150
124,152
124,160
125,161
125,179
124,180
124,215
123,216
123,225
122,226
122,235
121,236
121,245
120,246
120,255
119,256
119,270
118,271
118,305
119,306
119,316
120,317
120,324
121,325
121,328
122,329
122,332
123,333
123,336
124,337
124,339
125,340
125,342
126,343
126,345
127,346
127,348
128,349
128,351
129,352
129,354
130,355
130,356
131,357
131,358
132,359
132,360
133,361
133,362
134,363
134,364
135,365
135,366
137,368
137,369
138,370
138,371
139,372
139,373
141,375
141,376
143,378
143,379
144,380
144,381
145,382
145,383
146,384
146,385
147,386
147,388
148,389
148,390
149,391
149,392
150,393
150,394
151,395
151,396
152,397
152,398
153,399
153,400
154,401
154,402
155,403
155,404
156,405
156,406
158,408
158,409
159,410
159,411
160,412
160,413
162,415
162,416
164,418
164,419
166,421
166,422
168,424
168,425
171,428
171,429
175,433
175,434
179,438
179,439
183,443
183,444
186,447
186,448
188,450
188,451
189,452
189,453
192,456
192,457
201,466
202,466
205,469
206,469
214,477
214,478
221,485
221,486
224,489
224,490
228,494
228,495
233,500
233,501
240,508
240,509
244,513
245,513
254,522
255,522
259,526
260,526
268,534
268,535
269,536
270,536
271,537
289,537
290,536
292,536
293,535
294,535
295,534
297,534
298,533
299,533
300,532
301,532
302,531
303,531
306,528
307,528
318,517
319,517
323,513
324,513
325,512
326,512
327,511
328,511
329,510
330,510
331,509
334,509
335,508
356,508
357,507
359,507
360,506
363,506
364,505
366,505
367,504
369,504
370,503
372,503
373,502
375,502
376,501
378,501
379,500
381,500
382,499
384,499
396,487
397,487
401,483
402,483
405,480
406,480
409,477
410,477
412,475
413,475
416,472
417,472
419,470
420,470
423,467
424,467
436,455
436,454
439,451
439,450
441,448
441,447
442,446
442,445
443,444
443,443
444,442
444,440
445,439
445,438
446,437
446,436
447,435
447,433
448,432
448,431
449,430
449,429
451,427
451,426
452,425
452,424
455,421
455,420
472,403
472,402
476,398
476,397
479,394
479,393
480,392
480,391
482,389
482,387
483,386
483,385
484,384
484,382
485,381
485,379
486,378
486,375
487,374
487,370
488,369
488,362
489,361
489,355
490,354
490,349
491,348
491,345
492,344
492,342
493,341
493,339
494,338
494,336
495,335
495,333
496,332
496,330
497,329
497,327
498,326
498,325
499,324
499,322
500,321
500,318
501,317
501,315
502,314
502,311
503,310
503,306
504,305
504,299
505,298
505,289
504,288
504,283
503,282
503,280
502,279
502,277
501,276
501,274
500,273
500,270
499,269
499,256
500,255
500,250
501,249
501,244
502,243
502,232
501,231
501,229
500,228
500,226
499,225
499,224
495,220
494,220
493,219
492,219
491,218
489,218
488,217
485,217
484,216
476,216
475,217
472,217
471,218
469,218
468,219
466,219
465,220
463,220
462,221
461,221
460,222
459,222
457,224
456,224
455,225
454,225
453,226
452,226
450,228
449,228
447,230
446,230
444,232
443,232
440,235
439,235
435,239
434,239
431,242
430,242
426,246
425,246
422,249
421,249
418,252
417,252
415,254
414,254
411,257
410,257
408,259
407,259
405,261
404,261
403,262
402,262
400,264
399,264
398,265
397,265
396,266
395,266
393,268
391,268
390,269
389,269
387,271
385,271
384,272
382,272
381,273
379,273
378,274
375,274
374,275
357,275
356,274
354,274
353,273
351,273
350,272
349,272
348,271
347,271
346,270
345,270
343,268
342,268
340,266
339,266
336,263
335,263
332,260
331,260
326,255
325,255
322,252
321,252
318,249
317,249
315,247
314,247
312,245
311,245
310,244
309,244
307,242
306,242
305,241
304,241
303,240
302,240
301,239
300,239
299,238
298,238
296,236
295,236
294,235
293,235
292,234
291,234
290,233
289,233
288,232
287,232
286,231
285,231
284,230
283,230
282,229
281,229
279,227
278,227
277,226
276,226
274,224
273,224
270,221
269,221
265,217
264,217
256,209
256,208
252,204
252,203
249,200
249,199
246,196
246,195
245,194
245,193
244,192
244,191
242,189
242,188
241,187
241,186
240,185
240,184
238,182
238,181
237,180
237,179
236,178
236,177
234,175
234,174
233,173
233,172
232,171
232,170
230,168
230,167
228,165
228,164
227,163
227,162
225,160
225,159
222,156
222,155
219,152
219,151
215,147
215,146
208,139
208,138
197,127
197,126
191,120
191,119
186,114
186,113
183,110
183,109
179,105
179,104
173,98
173,97
169,93
168,93
166,91
166,90
165,89
164,89
162,87
161,87
160,86
159,86
158,85
156,85
155,84
153,84
152,83
149,83
148,82
145,82
144,81
142,81
141,80
140,80
139,79
138,79
136,77
135,77
124,66
124,65
123,64
122,64
121,63
119,63
118,62
110,62
