861
349,7
348,8
342,8
341,9
337,9
336,10
333,10
332,11
328,11
327,12
324,12
323,13
321,13
320,14
318,14
317,15
316,15
315,16
313,16
312,17
311,17
310,18
308,18
307,19
306,19
305,20
304,20
303,21
302,21
301,22
300,22
299,23
298,23
297,24
296,24
295,25
294,25
293,26
292,26
291,27
290,27
289,28
288,28
287,29
286,29
285,30
284,30
283,31
282,31
280,33
279,33
278,34
277,34
276,35
275,35
272,38
271,38
269,40
268,40
266,42
265,42
262,45
261,45
257,49
256,49
253,52
252,52
248,56
247,56
241,62
240,62
233,69
232,69
230,71
228,71
227,72
222,72
221,71
176,71
174,69
174,68
173,67
173,65
172,64
172,63
171,62
171,61
169,59
169,58
167,56
166,56
165,55
164,55
163,54
162,54
161,53
160,53
159,52
157,52
156,51
152,51
151,50
145,50
144,51
139,51
138,52
135,52
134,53
132,53
131,54
125,54
124,53
123,54
117,54
116,55
112,55
111,56
109,56
108,57
107,57
106,58
105,58
103,60
102,60
101,61
100,61
99,62
99,63
97,65
97,66
96,67
96,68
95,69
95,70
94,71
94,73
93,74
93,75
91,77
90,77
89,78
87,78
86,79
85,79
84,80
83,80
82,81
81,81
80,82
79,82
78,83
77,83
74,86
73,86
58,101
58,103
57,104
58,105
58,107
60,109
58,111
58,112
57,113
57,115
56,116
56,118
57,119
57,121
58,122
66,122
67,123
68,123
75,130
75,131
101,157
102,157
108,163
109,163
112,166
113,166
116,169
117,169
119,171
120,171
123,174
124,174
125,175
126,175
128,177
129,177
130,178
131,178
132,179
133,179
134,180
135,180
136,181
137,181
138,182
139,182
140,183
141,183
142,184
144,184
145,185
146,185
147,186
149,186
150,187
152,187
153,188
154,188
155,189
155,191
153,193
152,193
148,197
147,197
144,200
143,200
133,210
133,211
130,214
130,215
127,218
127,219
125,221
125,222
124,223
124,224
123,225
123,227
122,228
122,229
121,230
121,233
120,234
120,238
119,239
119,245
118,246
118,269
117,270
117,274
123,280
123,285
124,286
124,288
125,289
127,289
128,290
129,290
133,294
133,298
134,299
134,301
140,301
141,302
142,302
145,305
145,307
146,308
146,309
147,310
152,310
153,309
154,309
155,310
156,310
159,313
166,313
167,312
170,312
171,311
172,311
173,312
174,312
175,313
180,313
181,312
182,312
183,311
184,311
185,310
188,310
189,309
193,309
194,310
195,310
197,312
197,313
201,313
202,314
204,314
212,322
212,323
213,324
223,324
227,328
233,328
234,327
235,327
236,326
238,326
239,325
240,326
242,326
243,327
250,327
253,324
255,324
256,323
265,323
265,322
267,320
267,319
270,316
271,316
272,315
279,315
279,314
280,313
280,311
281,310
281,309
285,305
286,305
287,304
289,304
290,303
290,294
295,289
295,283
294,282
294,274
293,273
293,268
292,267
292,264
291,263
291,261
290,260
290,259
289,258
289,256
288,255
288,254
287,253
287,251
285,249
285,248
286,247
287,247
291,251
292,251
295,254
296,254
300,258
300,259
301,260
301,282
302,283
302,288
303,289
303,292
304,293
304,296
305,297
305,298
308,298
309,297
311,297
313,299
313,300
314,301
314,303
315,304
315,305
316,306
316,308
317,309
317,312
318,313
318,314
319,315
319,316
322,316
323,315
326,315
329,318
329,319
331,321
331,322
333,324
333,325
334,326
334,328
335,329
335,331
336,332
336,333
337,334
337,335
340,335
342,333
344,333
346,335
346,336
348,338
348,339
349,340
349,341
350,342
350,344
351,345
351,346
352,347
352,348
353,349
353,350
356,350
358,348
360,348
365,353
365,354
366,355
366,357
367,358
367,359
368,360
371,360
375,356
378,356
383,361
386,361
386,359
387,358
387,357
388,356
388,355
390,353
391,353
392,352
393,353
394,353
396,355
396,357
397,358
397,361
398,362
398,365
399,366
399,369
400,370
400,373
401,374
401,377
402,378
402,381
403,382
403,385
404,386
404,389
405,390
405,392
406,393
406,395
407,396
407,397
408,398
408,400
409,401
409,402
410,403
410,404
411,405
411,406
413,408
413,409
416,412
416,413
428,425
429,425
436,432
440,432
441,431
441,430
443,428
448,428
449,429
450,429
451,430
452,430
454,432
455,432
457,434
462,434
467,429
471,429
472,430
477,430
477,428
478,427
478,426
481,423
482,423
483,422
490,422
490,420
491,419
491,417
495,413
499,413
500,414
503,414
503,412
504,411
504,409
505,408
505,407
509,403
511,403
512,402
519,402
519,397
520,396
520,393
525,388
526,388
527,387
529,387
530,386
531,386
531,375
532,374
532,372
533,371
533,370
539,364
540,364
541,363
541,359
540,358
540,357
539,356
539,355
538,354
538,352
537,351
537,349
536,348
536,347
535,346
535,344
534,343
534,342
533,341
533,339
532,338
532,336
531,335
531,330
535,326
535,322
531,318
531,317
529,315
529,314
526,311
526,310
524,308
524,303
527,300
527,295
526,295
525,294
523,294
522,293
520,293
519,292
517,292
516,291
514,291
513,290
512,290
511,289
509,289
508,288
507,288
506,287
504,287
503,286
502,286
501,285
499,285
498,284
497,284
496,283
495,283
494,282
493,282
492,281
491,281
490,280
489,280
488,279
487,279
486,278
485,278
483,276
482,276
481,275
480,275
478,273
477,273
475,271
474,271
472,269
471,269
469,267
468,267
467,266
466,266
465,265
464,265
463,264
462,264
461,263
459,263
458,262
457,262
456,261
454,261
453,260
451,260
450,259
449,259
447,257
446,257
440,251
440,250
437,247
437,246
436,245
436,244
434,242
434,241
432,239
432,238
431,237
431,236
430,235
430,233
428,231
428,230
427,229
427,228
426,227
426,226
424,224
424,223
423,222
423,221
422,220
422,219
420,217
420,216
418,214
418,213
416,211
416,210
415,209
415,208
417,206
418,206
420,204
421,204
423,202
424,202
425,201
426,201
427,200
428,200
430,198
431,198
432,197
433,197
434,196
435,196
436,195
437,195
438,194
439,194
440,193
442,193
443,192
444,192
445,191
446,191
447,190
448,190
449,189
450,189
451,188
452,188
453,187
455,187
455,183
449,177
449,171
450,170
450,169
454,165
454,161
453,161
452,160
451,160
445,154
445,153
444,152
445,151
445,150
446,149
446,148
447,147
447,143
446,143
445,142
444,142
443,141
442,141
441,140
440,140
436,136
436,134
439,131
439,127
437,127
436,126
434,126
433,125
432,125
431,124
429,124
425,120
428,117
428,115
427,114
425,114
424,113
421,113
420,112
418,112
416,110
416,109
417,108
417,105
415,105
414,104
411,104
410,103
405,103
404,102
404,98
403,98
402,97
399,97
398,96
393,96
392,95
388,95
387,94
381,94
380,93
374,93
373,92
343,92
342,93
334,93
333,94
320,94
319,95
312,95
311,96
310,96
309,95
309,94
310,93
311,93
314,90
315,90
319,86
319,81
318,81
313,76
313,75
312,74
312,71
315,68
315,67
318,64
318,61
317,60
316,60
315,59
314,59
313,58
312,58
310,56
309,56
303,50
303,49
302,48
302,46
303,45
303,43
304,42
304,41
312,33
313,33
315,31
316,31
318,29
319,29
320,28
321,28
323,26
324,26
325,25
326,25
327,24
328,24
329,23
330,23
331,22
332,22
333,21
334,21
335,20
336,20
337,19
338,19
339,18
340,18
341,17
343,17
344,16
345,16
346,15
347,15
348,14
349,14
350,13
352,13
353,12
355,12
356,11
356,8
354,8
353,7
349,7
