1032
83,7
81,9
81,12
80,13
80,16
79,17
79,20
78,21
78,23
77,24
77,26
76,27
76,28
75,29
75,30
73,32
73,33
68,38
67,38
65,40
63,40
62,41
61,41
60,42
59,42
52,49
52,50
43,59
43,60
41,62
41,63
39,65
39,66
38,67
38,68
37,69
37,70
36,71
36,72
35,73
35,74
34,75
34,76
33,77
33,79
32,80
32,81
31,82
31,84
30,85
30,86
28,88
28,89
22,95
20,95
19,96
18,96
15,99
14,99
12,101
12,102
8,106
8,110
9,111
9,113
13,117
16,117
17,116
19,116
20,115
22,115
23,114
25,114
26,113
29,113
30,112
33,112
34,111
37,111
38,110
42,110
43,109
46,109
47,108
49,108
50,107
55,107
56,106
58,108
58,113
54,117
54,119
51,122
50,122
49,123
47,123
46,124
45,124
44,125
43,125
42,126
41,126
40,127
39,127
38,128
36,128
35,129
33,129
32,130
32,135
33,136
33,137
36,140
37,140
38,141
40,141
41,142
47,142
48,141
49,141
50,140
51,140
52,139
53,139
55,137
56,137
57,136
58,136
59,135
61,135
62,134
63,134
64,133
65,133
66,132
67,132
69,130
70,130
72,128
74,128
75,127
77,127
78,126
79,126
80,125
83,125
84,126
85,126
88,129
89,129
91,131
92,131
94,133
95,133
102,140
103,140
106,143
107,143
109,145
110,145
112,147
113,147
115,149
116,149
118,151
119,151
121,153
122,153
125,156
126,156
130,160
131,160
132,161
134,161
135,162
140,162
141,163
148,163
149,164
154,164
157,167
157,170
158,171
158,173
159,174
159,176
160,177
160,178
162,180
162,181
163,182
163,183
164,184
164,185
165,186
165,187
166,188
166,189
169,192
169,193
171,195
171,198
170,199
170,200
159,211
159,212
157,214
157,215
154,218
154,219
150,223
150,224
106,268
105,268
102,271
101,271
99,273
98,273
97,274
96,274
95,275
94,275
93,276
92,276
91,277
90,277
89,278
87,278
86,279
85,279
83,281
83,282
79,286
78,286
77,287
76,287
75,288
73,288
72,289
70,289
69,290
67,290
66,291
62,291
62,292
61,293
61,300
63,302
63,303
66,306
67,306
69,308
71,308
72,309
73,309
74,310
76,310
77,311
85,311
86,310
87,310
88,309
89,309
90,308
91,308
94,305
95,305
97,303
98,303
100,301
101,301
103,299
104,299
106,297
107,297
110,294
111,294
114,291
115,291
117,289
118,289
126,281
127,281
130,278
131,278
134,275
135,275
141,269
142,269
146,265
147,265
151,261
152,261
155,258
156,258
161,253
162,253
169,246
170,246
173,243
174,243
177,240
178,240
179,239
180,239
181,238
182,238
183,237
184,237
185,236
186,236
188,234
189,234
196,227
197,227
199,225
200,225
201,224
202,224
203,223
204,223
205,222
207,222
208,221
209,221
210,220
211,220
212,219
213,219
215,217
216,217
221,212
221,211
238,194
243,194
244,195
246,195
247,196
249,196
250,197
252,197
254,199
255,199
257,201
257,202
262,207
262,208
264,210
264,211
266,213
266,214
268,216
268,217
271,220
271,221
275,225
275,226
277,228
277,229
279,231
279,232
281,234
281,235
282,236
282,237
284,239
284,240
286,242
286,243
288,245
288,246
290,248
290,249
292,251
292,252
294,254
294,255
295,256
295,257
296,258
296,259
298,261
298,262
299,263
299,264
300,265
300,267
301,268
301,271
302,272
302,277
303,278
303,281
304,282
304,285
305,286
305,290
302,293
301,293
300,294
299,294
298,295
296,295
295,296
294,296
293,297
292,297
291,298
290,298
285,303
285,306
284,307
284,308
285,309
285,312
286,313
286,314
311,314
313,312
318,312
319,311
320,311
322,309
322,308
324,306
324,305
325,304
325,303
326,302
326,300
327,299
327,298
328,297
328,296
329,295
329,294
330,293
330,291
331,290
331,287
332,286
332,283
331,282
331,279
330,278
330,276
329,275
329,274
328,273
328,272
327,271
327,270
326,269
326,267
325,266
325,265
324,264
324,263
323,262
323,260
322,259
322,258
321,257
321,255
320,254
320,251
319,250
319,245
318,244
318,240
317,239
317,236
316,235
316,233
315,232
315,230
314,229
314,228
313,227
313,226
310,223
310,222
307,219
307,218
306,217
306,216
305,215
305,213
304,212
304,210
303,209
303,207
302,206
302,203
301,202
301,201
300,200
300,198
299,197
299,195
298,194
298,193
297,192
297,191
296,190
296,188
292,184
293,183
313,183
314,184
330,184
331,183
338,183
339,182
345,182
346,181
347,181
348,182
350,182
351,181
355,181
356,180
358,180
359,179
360,179
361,178
362,178
363,177
365,177
366,176
373,176
375,178
375,181
376,182
376,185
377,186
377,188
378,189
378,190
379,191
379,192
380,193
380,194
382,196
382,197
383,198
383,199
384,200
387,200
390,203
390,204
392,206
392,207
393,208
393,209
396,212
396,213
398,215
398,216
400,218
400,219
403,222
403,223
405,225
405,226
406,227
406,228
407,229
407,230
408,231
408,232
409,233
409,235
410,236
410,239
411,240
411,246
410,247
410,251
409,252
409,255
408,256
408,258
407,259
407,261
406,262
406,263
405,264
405,265
404,266
404,267
403,268
403,269
401,271
401,272
388,285
387,285
386,286
385,286
383,288
381,288
380,289
377,289
376,290
373,290
372,291
370,291
369,292
367,292
366,293
365,293
364,294
363,294
362,295
361,295
360,296
359,296
358,297
357,297
356,298
355,298
353,300
352,300
350,302
350,311
351,312
352,312
353,313
361,313
362,314
368,314
369,313
375,313
376,312
379,312
380,311
383,311
384,310
386,310
387,309
388,309
389,308
390,308
393,305
394,305
401,298
402,298
406,294
407,294
410,291
411,291
416,286
417,286
425,278
425,277
428,274
428,268
431,265
431,264
441,254
442,254
446,250
446,240
445,239
445,235
444,234
444,231
443,230
443,227
442,226
442,224
441,223
441,221
440,220
439,220
436,217
436,216
435,215
435,214
434,213
434,210
433,209
433,203
432,202
432,186
436,182
454,182
455,183
456,183
457,184
458,184
459,185
460,185
462,187
463,187
465,189
466,189
467,190
468,190
470,192
471,192
474,195
475,195
478,198
479,198
480,199
481,199
482,200
483,200
484,201
485,201
486,202
487,202
488,203
489,203
490,204
491,204
492,205
493,205
495,207
496,207
501,212
501,213
502,214
503,214
505,216
506,216
507,217
510,217
511,218
513,218
514,219
515,219
517,221
518,221
520,223
521,223
523,225
524,225
526,227
527,227
533,233
534,233
541,240
542,240
547,245
547,246
550,249
550,250
553,253
553,254
554,255
554,256
555,257
555,258
556,259
556,260
557,261
557,262
558,263
558,265
559,266
559,268
560,269
560,271
561,272
561,275
562,276
562,281
555,288
554,288
550,292
550,296
551,296
552,297
553,297
554,296
568,296
569,295
571,295
572,294
574,294
575,293
576,293
579,290
580,290
580,289
581,288
581,285
582,284
582,279
583,278
582,277
582,273
581,272
581,270
580,269
580,268
579,267
579,266
578,265
578,264
577,263
577,261
576,260
576,258
575,257
575,254
574,253
574,249
573,248
573,244
572,243
572,239
571,238
571,235
570,234
570,231
569,230
569,226
572,223
573,223
574,222
575,222
576,221
579,221
580,220
583,220
584,219
587,219
588,218
589,218
589,204
588,203
588,198
587,197
587,195
586,194
586,192
585,191
585,190
584,189
584,188
581,185
580,185
579,184
578,184
572,178
571,178
568,175
567,175
563,171
562,171
554,163
553,163
549,159
548,159
527,138
527,137
523,133
523,132
521,130
521,129
520,128
520,127
519,126
519,124
518,123
518,122
517,121
517,120
516,119
516,118
515,117
515,116
507,108
507,107
506,106
506,105
504,103
504,102
503,101
503,99
502,98
502,97
500,95
500,93
494,87
493,87
490,84
489,84
481,76
480,76
478,74
477,74
476,73
475,73
473,71
472,71
471,70
470,70
468,68
467,68
465,66
464,66
462,64
461,64
460,63
459,63
458,62
457,62
455,60
454,60
452,58
451,58
450,57
449,57
448,56
446,56
445,55
443,55
442,54
439,54
438,53
435,53
434,52
431,52
430,51
428,51
427,50
424,50
423,49
419,49
418,48
414,48
413,47
406,47
405,46
403,46
402,47
399,47
398,46
381,46
380,47
372,47
371,48
365,48
364,49
350,49
349,50
339,50
338,51
337,50
336,50
335,51
332,51
331,52
318,52
317,53
305,53
304,54
291,54
290,55
281,55
280,54
275,54
274,53
268,53
267,52
265,52
264,51
259,51
258,50
251,50
250,51
244,51
243,52
234,52
233,53
225,53
224,54
218,54
217,55
210,55
209,56
192,56
191,55
184,55
183,54
177,54
176,53
171,53
170,52
167,52
164,49
164,48
163,48
161,46
159,46
158,45
156,45
155,44
151,44
150,43
147,43
146,42
144,42
143,41
140,41
139,40
136,40
135,39
132,39
131,38
127,38
126,37
121,37
120,36
118,36
117,35
116,35
115,34
114,34
113,33
112,33
111,32
110,32
93,15
93,14
89,10
89,9
87,7
