948
284,31
283,32
281,32
280,33
280,35
279,36
279,43
280,44
280,46
281,47
281,48
282,49
282,52
283,53
283,55
284,56
284,59
285,60
285,62
286,63
286,67
287,68
287,73
288,74
288,78
289,79
289,110
288,111
288,115
287,116
287,124
286,125
286,132
285,133
285,135
284,136
284,138
283,139
283,141
282,142
282,144
281,145
281,146
280,147
280,148
279,149
279,150
278,151
278,152
275,155
275,156
274,157
274,158
272,160
272,161
271,162
271,163
270,164
270,165
268,167
267,167
266,168
264,168
263,169
261,169
260,170
258,170
257,171
256,171
255,172
252,172
251,173
248,173
247,174
243,174
242,175
240,175
239,176
235,176
234,177
232,177
231,178
228,178
227,179
224,179
223,180
220,180
219,181
215,181
214,182
212,182
211,183
209,183
208,184
206,184
205,185
203,185
202,186
200,186
199,187
195,187
186,178
185,178
184,177
183,177
173,167
171,167
170,166
168,166
167,167
165,167
164,168
163,168
163,170
162,171
162,173
161,174
161,176
160,177
160,188
161,189
161,197
160,198
160,199
159,200
153,200
152,201
147,201
140,194
140,193
137,190
137,188
135,186
135,184
133,182
133,180
131,178
131,177
130,176
130,174
128,172
128,170
126,168
126,166
124,164
124,163
123,162
123,160
121,158
121,156
119,154
119,153
118,152
118,150
116,148
116,147
115,146
115,145
112,142
112,140
111,139
111,138
109,136
109,134
107,132
107,131
106,130
106,129
104,127
104,126
101,123
101,122
100,121
100,120
83,103
82,103
81,102
80,102
78,100
77,100
75,98
73,98
72,97
68,97
67,96
65,96
64,95
60,95
59,96
57,96
55,98
55,100
54,101
55,102
55,104
57,106
57,107
60,110
60,113
61,114
61,116
62,117
62,118
63,119
63,120
64,121
64,122
66,124
66,125
67,126
67,127
68,128
68,129
69,130
69,131
70,132
70,133
71,134
71,135
72,136
72,137
75,140
75,141
77,143
77,144
78,145
78,146
79,147
79,148
80,149
80,150
81,151
81,152
82,153
82,154
83,155
83,157
84,158
84,160
85,161
85,163
86,164
86,167
87,168
87,171
88,172
88,177
89,178
89,181
90,182
90,184
91,185
91,186
92,187
92,190
93,191
93,195
94,196
94,202
95,203
95,209
96,210
96,220
97,221
97,223
98,224
98,233
97,234
97,242
96,243
96,247
95,248
95,262
94,263
94,266
93,267
93,270
92,271
92,278
91,279
91,287
84,294
84,295
83,296
83,297
82,298
82,301
81,302
81,305
82,306
82,308
85,308
86,309
94,309
95,308
101,308
103,306
104,306
104,305
108,301
109,301
111,299
111,298
112,297
112,296
113,295
113,294
115,292
115,285
116,284
116,283
117,282
117,281
118,280
118,279
121,276
122,276
122,275
124,273
124,272
125,271
125,270
127,268
127,267
128,266
128,264
130,262
130,261
131,260
131,259
132,258
132,257
134,255
134,254
137,251
138,251
139,250
140,251
142,251
146,255
146,262
145,263
145,265
136,274
136,275
135,276
135,277
130,282
130,283
129,284
129,285
128,286
128,288
127,289
127,292
128,293
128,295
129,296
129,297
130,297
131,298
147,298
148,297
149,297
150,296
152,296
154,294
157,294
158,293
162,293
164,291
166,291
168,289
170,289
171,288
172,288
173,287
175,287
177,285
180,285
182,287
183,287
188,292
189,292
190,293
191,293
200,302
200,303
201,304
201,305
206,310
206,311
217,322
218,322
223,327
226,327
227,328
228,328
229,329
229,332
227,334
227,335
226,336
226,337
218,345
218,346
214,350
214,351
213,352
213,353
211,355
211,357
210,358
210,369
211,370
211,372
212,373
212,376
213,377
213,400
212,401
212,405
211,406
211,409
210,410
210,412
209,413
209,414
208,415
208,417
207,418
207,419
206,420
206,421
205,422
205,423
204,424
204,425
203,426
203,427
201,429
201,430
199,432
199,433
197,435
197,436
193,440
193,441
192,442
192,443
188,447
187,447
186,448
184,448
182,450
182,452
181,453
181,460
182,461
182,463
183,464
205,464
207,462
208,462
209,461
211,461
212,460
216,460
217,459
218,459
219,458
221,458
224,455
225,455
226,454
227,454
228,453
231,453
232,452
233,452
234,451
235,451
238,448
238,447
240,445
240,444
244,440
244,439
250,433
250,432
251,431
251,430
254,427
254,426
255,425
255,424
256,423
256,422
259,419
259,417
260,416
260,414
263,411
263,410
264,409
264,408
265,407
265,406
267,404
267,403
268,402
268,401
270,399
270,398
271,397
271,395
273,393
273,391
274,390
274,388
276,386
276,385
278,383
278,381
280,379
280,377
282,375
282,374
283,373
283,371
284,370
284,367
285,366
285,365
287,363
287,361
288,360
288,358
289,357
289,349
288,348
288,346
287,345
287,337
288,336
288,335
289,334
292,337
293,337
294,338
301,338
302,339
328,339
329,340
330,340
331,341
331,342
332,343
332,344
339,351
340,351
342,353
343,353
346,356
347,356
348,357
351,357
352,358
353,358
355,360
356,360
359,363
361,363
364,366
365,366
366,367
367,367
370,370
372,370
373,371
374,371
377,374
377,377
378,378
378,381
379,382
379,387
380,388
380,390
381,391
381,401
380,402
380,404
379,405
379,414
380,415
380,417
388,417
389,418
394,418
395,417
398,417
399,416
400,416
401,415
402,415
403,414
405,414
406,413
408,413
409,412
410,412
411,411
412,411
413,410
414,410
416,408
416,399
415,398
416,397
416,396
417,395
417,387
418,386
418,385
419,384
420,384
421,383
445,383
446,382
449,382
450,381
456,381
457,380
460,380
461,379
468,379
469,378
471,378
472,377
476,377
477,376
480,376
481,375
483,375
484,374
486,374
487,373
488,373
490,371
490,370
491,369
491,357
489,355
489,354
488,353
488,352
483,347
483,346
482,345
482,343
480,341
478,341
477,340
475,340
471,336
471,335
470,334
470,333
469,333
468,332
465,332
464,331
463,331
461,329
461,328
460,327
460,324
459,323
459,322
458,322
454,318
454,316
453,315
453,314
452,313
452,312
451,311
451,309
450,308
450,307
449,306
449,305
445,301
445,300
444,299
444,294
445,293
446,293
447,294
447,299
448,300
453,300
454,299
455,299
456,298
457,298
457,296
458,295
458,294
465,287
466,287
467,288
467,292
468,293
468,295
471,298
478,298
479,297
481,297
482,296
488,296
489,295
493,295
494,294
496,294
497,293
497,292
498,291
498,289
499,288
499,287
501,285
501,284
502,283
502,282
505,279
509,279
510,278
512,278
513,277
518,277
519,276
520,276
522,274
522,273
523,272
523,271
525,269
525,267
526,266
526,264
528,262
528,261
529,260
529,258
533,254
534,254
538,250
539,250
545,244
546,244
547,243
547,242
548,241
548,240
549,239
549,237
550,236
550,235
551,234
551,231
550,230
550,229
549,228
549,227
548,226
548,224
547,223
547,222
546,221
546,220
545,219
545,218
544,217
544,214
543,213
542,213
541,212
540,212
539,211
538,211
537,210
535,210
534,209
529,209
527,207
526,207
523,204
522,204
519,201
518,201
515,198
514,198
513,197
512,197
501,186
500,186
499,185
498,185
496,183
495,183
494,182
492,182
491,181
461,181
460,180
457,180
456,179
451,179
450,178
445,178
444,177
442,177
441,176
439,176
438,175
435,175
434,174
430,174
429,173
426,173
425,172
414,172
413,171
401,171
400,170
398,170
397,169
388,169
387,168
385,168
384,167
377,167
376,168
373,168
372,167
370,167
369,166
367,166
366,165
364,165
363,164
362,164
359,161
359,160
358,159
358,157
357,156
357,154
356,153
356,151
355,150
355,149
354,148
354,145
353,144
353,141
352,140
352,138
351,137
351,135
350,134
350,132
349,131
349,128
348,127
348,125
347,124
347,121
346,120
346,118
345,117
345,115
344,114
344,112
343,111
343,109
342,108
342,104
341,103
341,101
340,100
340,98
339,97
339,95
338,94
338,92
337,91
337,89
336,88
336,87
335,86
335,83
334,82
334,79
333,78
333,75
332,74
332,72
330,70
330,69
329,68
329,66
328,65
328,63
327,62
327,61
326,60
326,58
325,57
325,55
323,53
323,51
321,49
321,48
316,43
315,43
313,41
312,41
311,40
310,40
308,38
307,38
306,37
305,37
304,36
303,36
302,35
300,35
299,34
298,34
297,33
296,33
295,32
293,32
292,31
284,31
