997
342,17
341,18
340,18
337,21
336,21
331,26
329,26
328,27
323,27
322,28
319,28
318,29
316,29
315,30
313,30
312,31
309,31
308,32
307,32
306,33
305,33
304,34
303,34
302,35
301,35
299,37
298,37
295,40
294,40
290,44
289,44
286,47
285,47
284,48
283,48
278,53
278,54
277,55
277,56
274,59
274,60
273,61
273,62
271,64
271,65
270,66
270,68
269,69
269,82
268,83
268,84
267,85
267,87
266,88
267,89
267,91
268,91
270,93
270,96
271,97
271,99
272,100
272,107
273,108
273,114
274,115
274,117
276,119
276,135
277,136
277,138
278,139
278,146
277,147
277,150
276,151
276,153
275,154
275,156
272,159
272,160
271,161
271,163
270,164
270,166
267,169
267,170
262,175
261,175
258,178
257,178
256,179
255,179
244,190
244,191
243,192
243,193
242,194
242,195
241,196
241,197
240,198
240,199
239,200
239,201
237,203
233,203
232,204
229,204
228,205
226,205
225,206
222,206
221,207
216,207
215,208
211,208
210,209
178,209
177,210
175,210
174,211
171,211
170,212
165,212
164,213
161,213
160,214
157,214
156,215
153,215
152,216
151,216
149,218
147,218
146,219
143,219
142,220
141,220
138,223
137,223
136,224
133,224
132,225
130,225
129,226
128,226
123,231
122,231
120,233
119,233
118,234
117,234
115,236
114,236
112,238
112,239
109,242
108,242
107,243
107,244
103,248
102,248
101,249
101,250
100,251
100,252
99,253
99,254
96,257
96,258
95,259
95,261
94,262
94,264
92,266
92,267
91,268
91,269
90,270
90,272
89,273
89,277
88,278
88,280
87,281
87,282
86,283
86,285
85,286
85,289
84,290
84,299
83,300
83,312
82,313
82,330
83,331
83,349
84,350
84,360
85,361
85,364
86,365
86,367
87,368
87,378
86,379
86,381
85,382
85,386
84,387
84,390
83,391
83,395
82,396
82,398
80,400
80,402
79,403
79,408
78,409
78,411
77,412
77,413
76,414
76,416
73,419
73,421
72,422
72,428
71,429
71,432
70,433
70,437
68,439
68,441
67,442
67,445
66,446
66,454
65,455
65,466
66,467
66,475
67,476
67,481
68,482
68,489
69,490
69,492
70,493
70,495
71,496
71,500
72,501
72,503
73,504
73,506
74,507
74,509
75,509
77,511
77,512
78,513
78,515
88,515
89,516
94,516
95,517
101,517
102,516
103,516
104,515
119,515
122,512
122,510
123,509
123,499
122,499
121,498
119,498
118,497
116,497
115,496
111,496
110,495
109,495
106,492
106,491
105,490
106,489
106,479
107,478
107,475
108,474
108,472
109,471
109,470
110,469
110,468
112,466
112,465
113,464
113,462
114,461
114,458
115,457
115,455
116,454
116,453
117,452
117,451
118,450
118,448
120,446
120,444
121,443
121,441
123,439
123,437
124,436
124,434
125,433
125,431
126,430
126,429
127,428
127,427
129,425
129,423
130,422
130,421
139,412
141,412
145,408
147,408
148,407
149,407
149,406
152,403
153,403
154,402
154,401
156,399
156,398
158,396
158,393
159,392
159,390
160,389
160,388
163,385
164,385
165,386
165,398
164,399
164,401
163,402
163,403
160,406
159,406
159,407
158,408
158,411
157,412
157,421
158,422
158,426
159,427
159,432
160,433
160,438
161,439
161,442
162,443
162,468
161,469
161,471
160,472
160,475
159,476
159,478
158,479
158,482
157,483
157,487
156,488
156,489
157,490
157,492
158,493
158,494
159,495
160,495
161,496
162,496
163,497
165,497
166,498
170,498
171,499
172,499
173,500
174,500
175,501
190,501
191,500
192,500
193,499
195,499
196,498
197,498
198,497
206,497
206,494
207,493
207,487
206,486
206,485
200,479
200,478
195,473
196,472
196,467
197,466
197,463
198,462
198,457
199,456
199,445
200,444
200,442
201,441
201,439
203,437
203,435
204,434
204,432
206,430
206,429
210,425
210,423
211,422
211,420
212,419
212,418
215,415
215,413
216,412
216,411
220,407
220,406
222,404
223,404
224,403
225,404
226,404
231,409
231,412
232,413
232,415
234,417
234,418
235,419
235,420
236,421
236,424
237,425
237,427
238,428
238,429
239,430
239,431
241,433
241,434
242,435
242,436
243,437
243,439
244,440
244,444
245,445
245,447
248,450
248,452
249,453
249,455
251,457
251,459
252,460
252,479
253,480
253,482
254,483
254,484
255,485
255,487
256,488
256,490
257,491
257,492
258,493
258,494
259,495
259,501
260,502
260,507
261,508
261,510
262,511
262,512
264,514
264,528
265,529
265,531
266,532
266,533
268,535
268,536
270,538
271,538
272,539
285,539
288,542
288,543
290,545
298,545
300,543
302,543
302,542
305,539
307,539
308,538
309,538
310,537
312,537
313,536
313,535
314,534
314,532
315,531
315,530
316,529
316,521
317,520
317,503
316,503
312,499
312,498
311,498
308,495
308,494
307,493
307,453
306,452
306,442
305,441
305,439
304,438
304,437
303,436
303,434
302,433
302,430
301,429
301,424
300,423
300,422
299,421
299,419
297,417
297,416
296,415
296,414
295,413
295,411
294,410
294,409
292,407
292,404
294,402
295,402
296,401
302,401
303,400
306,400
307,399
308,399
310,397
313,397
314,396
318,396
319,395
320,395
321,394
323,394
325,392
326,392
327,391
329,391
330,390
332,390
333,389
335,389
336,388
337,388
338,387
340,387
341,386
343,386
344,385
346,385
347,384
352,384
353,385
354,385
358,389
360,389
361,390
362,390
366,394
367,394
368,395
371,395
372,396
374,396
375,397
376,397
379,400
379,401
380,401
381,402
383,402
388,407
390,407
391,408
394,408
395,409
396,409
398,411
400,411
403,414
405,414
406,415
407,415
409,417
411,417
412,418
414,418
415,419
416,419
417,420
418,420
419,421
421,421
423,423
424,423
426,425
428,425
429,426
430,426
432,428
434,428
435,429
436,429
437,430
438,430
440,432
440,433
441,434
441,438
440,439
440,443
441,444
441,447
442,448
442,450
443,451
443,452
444,452
446,454
446,473
447,474
447,476
448,477
448,478
449,479
449,480
451,482
452,482
456,486
456,487
458,489
458,490
459,491
459,493
460,494
460,495
464,499
478,499
478,498
484,492
485,492
485,491
488,488
488,486
489,485
489,484
490,483
490,482
491,481
491,472
492,471
492,470
494,468
495,468
498,465
498,459
494,455
494,453
492,451
492,450
491,449
491,445
490,444
490,443
489,442
489,439
488,438
488,435
487,434
487,423
486,422
486,421
485,420
485,406
484,405
484,404
483,403
483,401
481,399
481,397
472,388
471,388
460,377
459,377
455,373
454,373
453,372
452,372
449,369
448,369
447,368
446,368
444,366
443,366
437,360
436,360
433,357
433,356
428,351
428,350
427,349
427,330
426,329
426,319
425,318
425,315
424,314
424,310
422,308
422,307
421,306
421,304
420,303
420,300
415,295
415,294
414,293
414,273
413,272
413,270
412,269
412,265
411,264
411,261
410,260
410,256
409,255
409,252
408,251
408,228
407,227
407,225
406,224
406,221
405,220
405,216
406,215
407,215
408,214
411,214
412,213
414,213
417,210
419,210
425,204
425,203
426,202
426,200
427,199
427,198
428,197
428,193
429,192
429,191
431,189
431,187
432,186
432,182
433,181
433,179
436,176
437,176
437,175
438,174
438,173
441,170
442,170
447,165
448,165
450,163
450,162
453,159
454,159
454,157
458,153
458,151
462,147
463,147
468,152
468,153
469,154
469,155
470,156
470,158
472,160
472,162
473,163
473,164
475,166
475,174
476,175
476,178
477,179
477,181
478,181
480,183
480,184
481,185
481,186
483,188
484,188
487,191
487,192
494,199
495,199
498,202
498,203
500,203
501,204
502,204
504,206
514,206
515,205
516,205
517,204
517,202
518,201
518,200
519,199
519,198
521,196
521,194
523,192
523,190
524,189
524,187
527,184
527,179
528,178
528,175
529,174
529,166
530,165
530,162
531,161
531,160
532,159
532,157
533,156
533,139
532,138
532,130
529,127
529,126
523,120
523,118
522,117
521,117
518,114
518,113
517,112
516,112
511,107
511,106
510,105
510,103
506,99
505,99
501,95
500,95
499,94
498,94
497,93
496,93
495,92
494,92
489,87
489,85
484,80
484,79
482,77
481,77
480,76
479,76
477,74
476,74
475,73
473,73
470,70
470,68
467,65
467,64
466,63
466,61
465,61
460,56
460,55
459,54
458,54
455,51
454,51
448,45
447,45
446,44
444,44
443,43
441,43
440,42
439,42
437,40
437,39
435,39
434,38
431,38
430,37
424,37
423,36
421,36
419,34
417,34
416,33
413,33
412,32
405,32
404,31
399,31
398,30
391,30
390,29
388,29
387,28
380,28
379,27
370,27
369,26
362,26
361,25
360,25
356,21
355,21
352,18
350,18
349,17
342,17
