1209
98,24
98,26
97,27
97,34
87,44
87,45
85,47
85,49
84,50
84,52
85,53
85,55
88,58
88,59
89,60
89,61
91,63
91,64
79,76
74,76
73,77
71,77
71,79
70,80
70,82
71,83
71,85
83,97
85,97
87,99
89,99
91,101
91,103
90,104
84,104
83,103
80,103
79,102
78,102
77,103
75,103
73,105
73,109
81,117
83,117
85,119
86,119
87,120
88,120
91,123
93,123
97,127
99,127
101,129
103,129
105,131
105,132
104,133
95,133
94,134
94,143
93,144
93,146
92,147
92,148
93,149
93,151
94,152
94,153
95,154
95,155
102,162
103,162
104,163
105,163
110,168
111,168
112,169
113,169
115,171
115,172
113,174
112,174
112,176
111,177
111,179
112,180
112,184
113,185
113,187
115,189
115,190
116,191
116,192
119,195
119,196
120,197
120,198
130,208
130,209
131,210
131,211
132,212
132,213
133,214
133,215
135,217
135,218
136,219
136,220
139,223
139,224
140,225
140,226
145,231
145,232
146,233
146,237
147,238
147,240
153,246
153,247
157,251
158,251
160,253
161,253
162,254
163,254
165,256
164,257
162,257
161,256
159,256
158,255
150,255
149,256
147,256
146,257
146,259
145,260
146,261
146,264
147,265
147,266
153,272
153,273
155,275
155,276
158,279
158,281
153,286
153,288
152,289
152,291
153,292
153,296
151,298
149,298
149,303
150,304
150,305
152,307
152,308
153,309
153,312
152,313
152,314
153,315
153,317
154,318
154,319
157,322
158,322
159,323
161,323
164,326
164,328
165,329
165,331
168,334
169,334
172,337
172,339
173,340
173,341
174,342
174,343
179,348
180,348
182,350
183,350
184,351
185,351
186,352
187,352
195,360
196,360
198,362
198,364
196,366
194,366
193,367
192,367
191,368
190,368
189,369
188,369
186,371
185,371
184,372
183,372
181,374
180,374
173,381
173,382
171,384
171,385
167,389
167,390
165,392
165,393
161,397
161,398
160,399
160,400
157,403
157,404
155,406
155,407
153,409
153,410
151,412
151,413
147,417
147,418
144,421
144,422
139,427
139,428
117,450
116,450
112,454
111,454
110,455
109,455
108,456
107,456
106,457
105,457
103,459
102,459
101,460
99,460
98,461
96,461
95,462
93,462
92,463
87,463
86,462
85,462
82,459
82,458
81,457
81,456
80,455
80,454
79,453
79,452
78,451
78,449
77,448
77,446
76,445
76,443
75,442
75,440
74,439
74,438
73,437
73,436
72,435
72,434
71,433
71,432
70,431
69,431
68,430
61,430
60,431
59,431
55,435
55,437
54,438
54,444
55,445
55,447
56,448
56,450
57,451
57,452
58,453
58,454
67,463
68,463
71,466
72,466
74,468
75,468
76,469
77,469
78,470
80,470
81,471
83,471
84,472
100,472
101,471
103,471
104,470
106,470
107,469
109,469
110,468
111,468
112,467
113,467
114,466
115,466
116,465
117,465
119,463
120,463
123,460
124,460
126,458
127,458
128,457
129,457
132,454
133,454
152,435
152,434
156,430
156,429
161,424
161,423
164,420
164,419
167,416
167,415
170,412
170,411
173,408
173,407
176,404
176,403
178,401
178,400
184,394
184,393
186,391
187,391
188,392
188,393
187,394
187,396
186,397
186,399
187,400
187,406
188,407
188,418
189,419
189,422
190,423
190,437
189,438
189,439
188,440
188,441
187,442
187,443
186,444
186,445
185,446
185,447
183,449
183,450
182,451
182,452
180,454
180,455
179,456
179,457
178,458
178,459
176,461
176,462
174,464
174,465
173,466
173,467
172,468
172,469
171,470
171,472
170,473
170,486
171,487
171,490
172,491
172,492
173,493
173,495
174,496
174,498
175,499
175,501
176,502
176,511
177,512
177,514
178,515
178,521
177,522
177,525
176,526
176,536
177,537
177,539
178,540
178,541
180,543
181,543
182,544
184,544
185,545
189,545
190,546
199,546
200,545
201,546
212,546
213,545
216,545
216,542
217,541
217,540
218,539
246,539
247,538
248,538
248,534
226,512
226,511
225,510
225,509
224,508
224,506
223,505
223,504
222,503
222,501
221,500
221,497
220,496
220,493
219,492
220,491
220,487
221,486
221,485
224,482
225,482
226,481
227,481
228,480
229,480
230,479
231,479
232,478
234,478
236,476
238,476
240,474
242,474
243,473
244,473
245,472
246,472
247,471
248,471
249,470
250,470
251,469
252,469
253,468
254,468
255,467
256,467
257,466
258,466
259,465
260,465
261,464
262,464
263,463
264,463
265,462
266,462
267,461
268,461
269,460
270,460
275,455
279,455
281,457
281,460
280,461
280,462
277,465
277,466
274,469
274,470
273,471
273,472
272,473
272,474
271,475
271,477
270,478
270,480
269,481
269,483
268,484
268,485
267,486
267,489
266,490
266,495
267,496
267,500
268,501
268,507
269,508
269,510
270,511
270,512
273,515
273,516
274,517
274,518
275,518
276,519
277,519
283,525
284,525
289,530
289,531
291,533
291,535
292,536
292,540
290,542
286,542
285,541
282,541
281,540
270,540
269,541
267,541
267,546
271,550
271,551
272,551
273,552
278,552
279,553
289,553
290,554
293,554
294,555
297,555
298,556
300,556
301,557
303,557
305,559
307,559
308,560
311,560
313,558
314,558
315,557
331,557
332,558
352,558
352,557
355,554
357,554
358,553
358,552
361,549
372,549
373,548
374,548
376,546
376,543
374,541
374,539
373,539
372,538
371,538
370,537
368,537
367,536
362,536
361,535
354,535
352,533
351,533
350,532
349,532
344,527
344,525
342,523
342,521
341,520
341,519
340,518
340,515
339,514
339,513
338,512
338,510
337,509
337,508
336,507
336,506
335,505
335,502
334,501
334,497
335,496
336,496
337,495
339,495
340,494
342,494
343,493
345,493
346,492
348,492
349,491
351,491
352,490
354,490
355,489
356,489
357,488
358,488
359,487
361,487
362,486
364,486
365,485
366,485
367,484
369,484
370,483
380,483
381,482
383,482
384,481
386,481
387,480
389,480
390,479
391,479
392,478
393,478
394,477
395,477
398,474
400,474
402,472
403,472
404,471
405,471
407,469
408,469
409,468
410,468
411,467
412,467
413,466
414,466
416,464
418,464
422,460
423,460
425,458
426,458
428,456
429,456
443,442
444,442
452,434
452,433
455,430
455,429
458,426
458,425
459,424
459,423
462,420
462,419
463,418
463,417
466,414
466,413
469,410
469,408
470,407
470,406
471,405
471,403
472,402
472,401
473,400
473,398
474,397
474,396
475,395
475,394
476,393
476,392
478,390
478,389
479,388
479,387
480,386
480,385
481,384
481,382
482,381
482,379
483,378
483,376
484,375
484,374
485,373
485,371
486,370
486,369
487,368
487,367
489,365
489,363
491,361
491,359
493,357
493,355
494,354
494,353
495,352
495,350
496,349
496,348
497,347
497,346
504,339
505,339
506,338
507,338
508,337
511,337
512,336
515,336
516,335
518,335
519,336
522,336
523,337
526,337
527,338
530,338
531,339
534,339
535,340
536,340
538,342
538,343
539,344
543,344
545,342
545,341
547,339
547,336
548,335
548,329
547,328
547,326
546,325
546,324
545,323
545,322
538,315
537,315
536,314
535,314
533,312
531,312
530,311
526,311
525,310
524,310
522,308
522,307
521,306
521,304
516,299
515,299
514,298
513,298
511,296
510,296
509,295
508,295
507,294
505,294
504,293
502,293
501,292
501,291
500,290
500,287
501,286
501,283
502,282
502,279
503,278
503,277
505,275
506,275
509,272
510,272
511,271
512,271
513,270
515,270
515,269
517,267
517,266
518,265
518,264
519,263
519,261
521,259
521,257
522,256
522,254
525,251
525,249
527,247
527,246
528,245
528,244
531,241
531,239
532,238
532,235
533,234
533,231
534,230
534,228
535,227
535,225
536,224
536,222
537,221
537,219
538,218
538,214
539,213
539,210
540,209
540,206
541,205
541,202
542,201
542,197
543,196
543,193
544,192
544,175
543,174
543,171
542,170
542,167
541,166
541,164
540,164
537,161
537,160
536,159
536,137
535,136
535,134
534,133
534,131
533,130
533,128
529,128
528,129
526,129
526,130
524,132
524,134
523,135
523,138
522,139
522,141
521,142
521,148
520,149
518,149
516,147
516,146
515,145
515,144
514,143
514,142
513,141
513,140
510,140
509,141
508,141
506,143
506,145
505,146
505,148
504,149
504,151
503,152
503,174
502,175
502,178
501,179
500,179
499,178
499,175
498,174
498,171
497,170
497,168
496,167
496,165
495,164
495,162
493,160
493,158
491,156
489,156
488,155
486,155
485,156
483,156
482,157
482,159
481,160
481,167
482,168
482,170
483,171
483,181
484,182
484,183
483,184
482,184
481,183
481,182
478,179
478,177
477,176
477,174
471,168
469,168
468,167
467,167
466,168
464,168
464,170
463,171
463,177
464,178
464,180
465,181
465,183
466,184
466,186
467,187
467,189
466,190
463,187
463,186
461,186
460,185
456,185
455,186
454,186
454,188
453,189
453,193
452,194
451,194
449,192
447,192
446,191
445,191
444,192
442,192
442,194
441,195
441,209
440,210
437,210
436,209
434,209
433,210
431,210
429,212
429,213
428,214
428,215
427,216
427,217
426,218
426,221
425,222
425,228
424,229
423,229
422,230
420,230
419,231
419,232
418,233
418,235
417,236
417,245
414,248
413,248
411,250
411,251
410,252
410,254
409,255
409,259
410,260
410,264
409,265
407,265
406,266
404,266
403,267
402,267
398,271
395,271
394,272
392,272
391,273
390,273
387,276
387,277
386,278
386,280
385,281
385,284
384,285
382,285
381,284
379,284
378,283
375,283
374,284
372,284
371,285
370,285
367,288
363,288
362,289
359,289
358,290
356,290
355,291
355,292
354,293
354,298
353,299
344,299
343,298
342,299
336,299
335,298
335,297
334,296
334,284
333,283
333,282
320,269
319,269
318,268
317,268
312,263
312,262
311,261
311,260
308,257
308,256
307,255
307,254
300,247
300,246
299,245
299,244
293,238
293,237
291,235
291,234
290,233
290,232
289,231
289,230
286,227
286,226
285,225
285,224
283,222
283,221
281,219
281,218
279,216
279,215
277,213
277,212
274,209
274,208
273,207
273,206
268,201
268,200
265,197
265,196
263,194
263,193
261,191
261,190
258,187
258,186
255,183
255,182
253,180
253,179
251,177
251,176
244,169
244,168
241,165
241,164
240,163
240,162
237,159
237,158
232,153
232,152
229,149
229,148
224,143
224,142
221,139
221,138
212,129
212,128
204,120
204,119
201,116
201,115
185,99
183,99
182,98
181,99
179,99
179,100
177,102
176,102
170,96
170,95
169,94
169,93
156,80
156,79
155,78
155,77
104,26
103,26
101,24
98,24
