1371
292,14
292,17
293,18
293,21
294,22
294,24
295,25
295,26
296,27
296,28
297,29
297,30
298,31
298,32
306,40
306,41
308,43
308,44
309,45
309,47
310,48
310,49
311,50
311,52
312,53
312,62
313,63
313,68
312,69
312,77
311,78
311,81
310,82
310,87
306,91
306,92
305,93
305,99
304,100
304,103
305,104
305,105
307,107
307,112
308,113
308,115
309,116
309,122
310,123
310,134
311,135
311,136
312,137
312,138
316,142
316,143
317,144
317,145
319,147
319,148
321,150
322,150
325,153
325,154
329,158
329,159
330,160
330,161
331,162
331,163
332,164
332,165
333,166
333,167
334,168
334,169
335,170
335,179
336,180
336,196
335,197
335,202
334,203
334,205
333,206
333,209
332,210
332,211
331,212
331,213
330,214
330,215
329,216
329,217
324,222
318,222
316,220
315,220
314,219
312,219
311,218
308,218
307,217
303,217
301,215
300,215
299,214
296,214
295,213
294,213
293,212
292,212
291,211
290,211
289,210
287,210
286,209
285,209
281,205
280,205
277,202
276,202
275,201
274,201
272,199
271,199
270,198
269,198
268,197
267,197
262,192
261,192
257,188
257,187
251,181
251,180
250,179
249,179
244,174
244,173
243,172
243,171
240,168
240,167
238,165
238,164
237,163
237,162
234,159
234,158
232,156
232,155
231,154
231,153
230,152
230,151
227,148
227,147
226,146
226,144
225,143
225,141
224,140
224,139
222,137
222,136
221,135
221,134
220,133
220,132
218,130
218,129
217,128
217,126
216,125
214,125
213,124
205,124
204,123
203,123
201,121
200,121
196,117
196,116
195,115
194,115
192,113
190,113
189,112
188,113
185,113
184,114
181,114
180,115
178,115
177,116
172,116
171,117
169,117
168,118
167,118
166,119
160,119
159,120
157,120
156,121
155,121
154,122
153,122
152,123
150,123
149,124
147,124
146,125
145,125
144,126
142,126
141,127
139,127
138,128
137,128
136,129
134,129
133,130
132,130
131,131
130,131
129,132
127,132
126,133
125,133
124,134
123,134
120,137
118,137
117,138
114,138
113,139
112,139
109,142
108,142
107,143
106,143
105,144
104,144
102,146
100,146
99,147
98,147
98,148
94,152
93,152
89,156
88,156
84,160
83,160
82,161
81,161
79,163
78,163
77,164
76,164
72,168
72,169
62,179
61,179
61,180
60,181
60,182
57,185
56,185
55,186
55,187
53,189
53,190
51,192
51,193
49,195
49,196
42,203
42,204
40,206
40,207
39,208
39,209
37,211
37,212
33,216
33,217
32,218
32,222
33,223
36,223
37,222
39,222
40,221
41,221
42,220
43,220
44,219
47,219
48,218
51,218
52,217
54,217
55,216
58,216
59,215
71,215
72,216
77,216
78,217
80,217
81,218
83,218
84,219
85,219
88,222
89,222
94,227
94,228
95,229
95,230
96,231
96,232
97,233
97,235
98,236
98,237
99,238
99,239
100,240
100,241
101,242
101,245
102,246
102,253
103,254
103,261
104,262
104,265
105,266
105,267
111,267
112,266
113,266
117,262
119,262
120,261
123,261
124,260
126,260
128,258
129,258
130,257
131,257
133,255
134,255
135,254
137,254
138,253
143,253
144,252
146,252
147,251
150,251
151,250
157,250
158,249
174,249
175,250
179,250
180,251
184,251
185,252
188,252
189,253
192,253
193,254
196,254
198,256
200,256
201,257
204,257
205,258
207,258
208,259
210,259
211,260
213,260
215,262
217,262
221,266
227,266
229,264
230,264
232,262
233,262
234,261
235,261
236,260
237,260
238,259
240,259
241,258
242,258
243,257
244,257
245,256
247,256
248,255
251,255
252,254
255,254
256,253
263,253
264,252
267,252
268,253
269,253
270,254
270,258
268,260
267,260
266,261
265,261
263,263
263,264
258,269
258,270
253,275
253,276
251,278
251,279
242,288
242,289
240,291
240,292
235,297
235,298
234,299
234,300
230,304
229,304
224,309
223,309
218,314
217,314
217,315
214,318
214,319
210,323
209,323
208,324
207,324
204,327
200,327
198,329
198,333
199,334
199,335
201,337
201,338
202,338
203,339
205,339
212,346
212,348
213,349
213,356
212,357
210,357
209,356
208,356
206,354
206,353
205,352
205,351
204,350
201,350
198,353
192,353
191,352
189,352
188,351
186,351
185,350
182,350
181,349
177,349
176,348
173,348
171,346
171,345
169,343
165,343
163,345
153,345
152,344
147,344
146,343
139,343
138,342
133,342
130,339
125,339
123,341
82,341
81,340
69,340
68,339
66,339
65,338
63,338
62,337
61,337
56,332
56,331
55,330
55,326
56,325
56,324
60,320
60,319
63,316
63,314
65,312
65,310
66,309
66,308
67,307
68,307
69,306
70,307
73,307
74,308
79,308
80,307
82,307
83,306
85,306
86,305
86,304
87,303
87,301
88,300
88,298
89,297
89,295
90,294
90,291
91,290
91,280
90,279
88,279
87,278
71,278
68,281
68,282
67,283
67,291
66,292
66,294
64,296
63,296
62,297
60,297
59,298
59,299
55,303
54,303
53,304
52,304
51,305
51,306
47,310
46,310
45,311
44,311
44,312
42,314
42,315
41,316
41,318
40,319
40,321
39,322
39,325
38,326
38,333
39,334
39,336
40,337
40,338
41,339
41,341
42,342
42,343
43,344
43,345
44,346
45,346
50,351
50,352
54,356
54,357
55,358
56,358
60,362
62,362
64,364
65,364
67,366
68,366
69,367
71,367
72,368
73,368
75,370
77,370
78,371
80,371
81,372
86,372
87,371
91,371
92,372
93,372
95,374
96,374
97,375
118,375
119,376
121,376
122,377
124,377
125,378
127,378
128,379
132,379
133,380
136,380
137,381
139,381
140,382
142,382
143,383
149,383
150,384
154,384
155,385
157,385
158,386
160,386
161,387
162,387
163,388
164,388
165,389
166,389
167,390
168,390
169,391
170,391
171,392
172,392
173,393
175,393
178,396
172,402
172,403
170,405
170,406
169,407
169,410
168,411
168,413
167,414
167,417
166,418
166,421
165,422
165,436
166,437
166,443
167,444
167,447
168,448
168,451
169,452
169,454
170,455
170,457
171,458
171,459
172,460
172,461
175,464
175,468
168,475
168,476
166,478
166,479
165,480
165,481
164,482
164,484
163,485
163,486
162,487
162,490
161,491
161,494
160,495
160,501
161,502
161,506
162,507
162,513
163,514
163,516
166,519
166,521
167,522
167,524
168,525
168,527
169,528
169,533
170,534
170,541
171,542
171,545
172,546
172,547
173,548
173,549
174,550
174,552
175,553
175,555
176,556
176,560
177,561
177,564
178,565
178,567
179,568
179,570
180,571
180,573
181,574
181,575
182,576
182,577
191,577
192,576
196,576
198,578
198,579
200,581
202,581
203,582
206,582
207,581
208,581
210,579
210,578
214,574
215,574
216,573
218,573
219,572
220,572
222,570
222,568
223,567
223,562
224,561
224,558
225,557
225,554
224,553
224,551
223,550
223,549
222,548
222,546
221,545
221,544
222,543
222,539
221,538
221,536
220,535
220,533
219,532
219,530
218,529
218,528
216,526
216,524
215,523
215,518
214,517
215,516
215,514
216,513
216,511
217,510
217,508
218,507
218,505
219,504
219,502
220,501
220,499
224,495
224,494
229,489
230,489
231,488
237,488
238,489
242,489
243,490
250,490
251,491
252,491
253,492
254,492
255,493
257,493
258,494
259,494
260,495
261,495
263,497
264,497
265,498
267,498
268,499
270,499
272,501
273,501
274,502
275,502
276,503
278,503
279,504
280,504
281,505
282,505
283,506
289,506
290,507
293,507
294,508
299,508
300,509
301,509
302,510
302,511
303,512
303,513
304,514
304,520
305,521
305,524
306,525
306,527
307,528
307,536
308,537
308,540
309,541
309,543
310,544
310,546
311,547
311,548
312,549
312,550
313,550
314,551
322,551
323,550
324,551
325,551
330,556
333,556
335,554
336,554
337,553
337,552
338,551
338,550
341,547
343,547
344,546
346,546
348,544
348,542
349,541
349,539
350,538
350,537
351,536
351,534
352,533
352,523
351,522
351,514
350,513
350,511
349,510
349,508
348,507
348,506
351,503
353,503
354,502
356,502
357,501
358,501
358,500
361,497
362,497
363,496
364,496
366,494
367,494
368,493
370,493
372,491
373,491
374,490
376,490
376,489
379,486
381,486
382,485
385,485
385,484
394,475
394,474
395,473
395,472
398,469
398,468
399,467
399,466
400,465
400,463
401,462
401,460
402,459
402,458
403,457
403,456
404,455
404,453
405,452
405,450
406,449
406,447
407,446
407,444
408,443
408,441
409,440
409,439
410,438
410,436
412,434
412,433
413,432
413,429
414,428
414,425
415,424
415,422
416,421
416,419
417,418
417,417
420,414
422,414
423,413
424,413
425,412
425,411
426,410
426,408
427,407
427,406
428,405
428,404
429,403
429,402
433,398
436,398
437,399
437,401
436,402
436,404
430,410
429,410
428,411
428,412
427,413
427,415
426,416
427,417
427,419
428,420
428,421
429,422
431,422
432,423
441,423
442,424
443,424
444,425
445,425
448,428
454,428
455,429
461,429
462,428
463,428
465,426
465,425
466,424
466,423
468,421
468,419
469,418
469,417
472,414
472,413
474,411
474,404
475,403
475,389
474,388
474,385
473,384
473,382
470,379
470,378
469,377
469,375
466,372
466,371
465,370
465,367
464,366
464,364
462,362
462,360
461,359
461,357
460,356
460,353
459,352
459,350
458,349
458,346
457,345
457,343
456,342
456,339
455,338
455,334
454,333
454,331
453,330
453,329
452,328
452,326
451,325
451,324
450,323
450,322
449,321
449,320
448,319
448,317
447,316
447,314
445,312
445,311
441,307
441,306
440,305
440,304
438,302
438,301
436,299
436,298
435,297
435,296
433,294
433,293
432,292
432,291
431,290
431,289
430,288
430,287
429,286
429,285
428,284
428,283
427,282
427,280
426,279
426,277
425,276
425,275
424,274
424,273
422,271
422,270
421,269
421,267
420,266
420,265
419,264
419,262
418,261
418,260
417,259
416,259
413,256
413,251
414,250
414,249
417,246
417,244
418,243
418,242
419,241
419,240
420,239
420,238
421,237
421,236
422,235
422,233
423,232
423,231
431,223
431,222
435,218
436,218
440,214
441,214
442,213
445,213
446,212
457,212
458,213
461,213
462,214
464,214
465,215
466,215
467,216
468,216
469,217
472,217
474,215
474,206
473,205
473,200
472,199
472,197
471,196
471,193
470,192
470,189
469,188
469,186
472,183
474,183
475,184
484,184
485,183
486,183
492,177
492,176
493,175
493,174
494,173
494,171
495,170
495,168
496,167
496,165
497,164
497,160
498,159
498,155
499,154
499,153
501,151
503,151
504,150
506,150
507,149
508,149
509,148
510,148
511,147
511,140
510,139
510,138
509,137
507,137
506,136
503,136
502,135
501,136
491,136
489,134
489,133
488,132
488,131
487,131
484,128
484,122
483,121
483,119
482,118
482,116
481,115
481,111
479,109
479,108
476,108
476,109
475,110
475,112
474,113
474,117
473,118
473,120
472,121
472,122
470,124
467,124
466,125
458,125
457,124
456,124
449,117
449,116
446,113
446,110
445,109
445,108
446,107
446,104
447,103
447,101
448,100
448,91
449,90
449,87
450,86
450,83
451,82
451,81
452,80
452,75
451,74
451,73
449,71
449,70
444,65
443,65
442,64
441,64
437,60
437,53
436,52
436,50
431,45
431,44
430,43
430,41
429,40
429,39
428,38
428,37
426,35
426,34
424,32
424,31
423,30
420,30
420,32
419,33
419,40
418,41
418,43
417,44
417,47
416,48
416,50
415,51
413,51
412,50
411,50
408,47
408,45
407,44
407,43
406,42
406,40
401,35
400,35
399,34
397,34
396,33
393,33
392,32
391,32
390,33
385,33
384,34
382,34
382,35
380,37
380,42
379,43
373,43
372,42
370,42
369,41
355,41
352,38
351,38
350,37
349,37
348,36
347,36
343,32
343,31
335,23
333,23
332,22
331,22
330,21
329,21
328,20
326,20
325,19
323,19
322,18
316,18
315,17
303,17
302,16
300,16
299,15
296,15
295,14
292,14
