1060
390,42
390,43
387,46
386,46
386,47
384,49
383,49
382,48
377,48
375,46
375,45
371,45
371,52
370,53
365,53
362,50
362,48
359,48
358,49
356,49
355,50
353,50
353,54
352,55
341,55
340,56
339,56
338,57
337,57
335,59
334,59
332,61
331,61
330,62
329,62
329,63
328,64
329,65
329,67
330,68
330,70
328,72
326,72
325,73
319,73
318,72
314,72
310,68
310,67
309,66
305,66
305,67
302,70
302,71
297,76
293,76
292,77
290,77
289,78
288,78
287,79
286,79
285,80
284,80
283,81
282,81
281,82
280,82
280,83
278,85
275,85
275,86
274,87
275,88
275,89
276,90
276,91
278,93
278,94
279,95
279,98
278,99
278,103
279,103
281,105
282,105
283,106
286,106
287,107
291,107
292,108
295,108
297,110
297,111
298,112
298,113
300,115
300,117
301,118
301,119
302,120
302,122
303,123
303,125
309,131
310,131
311,132
312,132
315,135
316,135
317,136
318,136
319,137
320,137
321,138
324,138
325,139
326,139
327,140
327,141
326,142
325,142
324,141
321,141
320,140
316,140
315,139
313,139
312,138
304,138
302,136
302,135
299,132
299,131
298,132
297,131
297,132
295,134
293,134
289,130
289,128
288,127
288,125
287,125
286,124
285,124
284,123
279,123
279,124
278,125
278,126
277,127
271,127
268,130
267,130
267,132
266,133
266,136
264,138
255,138
252,141
251,141
250,142
249,142
248,143
247,143
245,145
245,146
244,147
244,149
243,150
243,154
242,155
242,156
241,157
241,159
240,160
240,164
239,165
239,167
238,168
236,168
235,167
230,167
230,168
228,170
228,171
222,177
222,182
223,183
223,184
224,185
224,187
225,188
225,193
222,196
221,196
220,197
215,197
214,198
212,198
211,199
210,199
209,200
208,200
206,202
202,202
200,200
197,200
196,201
195,201
192,198
182,198
181,197
173,197
172,198
170,198
169,199
167,199
166,198
163,198
161,200
159,200
158,199
158,197
156,197
155,196
151,196
149,198
149,199
146,202
145,202
144,203
143,203
141,205
136,205
135,204
131,204
130,205
128,205
126,207
125,207
123,209
122,209
121,210
120,210
119,211
119,212
117,214
112,214
108,218
107,218
107,221
111,225
111,226
112,227
112,230
111,231
110,231
109,232
108,232
107,233
106,233
104,235
103,235
103,236
100,239
99,239
98,238
96,238
95,237
89,237
89,243
90,244
90,247
91,248
91,249
96,254
91,259
91,263
92,263
94,265
95,265
97,267
98,267
99,268
100,268
101,269
102,269
105,272
105,273
107,275
107,277
104,280
103,280
103,282
102,283
102,285
99,288
96,288
94,290
93,290
92,291
91,291
91,296
90,297
89,297
88,298
86,298
85,299
84,299
83,298
77,298
76,299
73,299
72,300
70,300
69,299
66,299
64,301
63,301
63,302
62,303
62,304
61,305
54,305
53,304
51,304
50,303
44,303
43,304
41,304
40,305
38,305
37,304
33,304
32,305
32,307
31,308
31,309
30,310
29,310
28,311
28,314
29,315
29,316
31,318
31,319
32,320
32,321
34,323
34,324
35,325
35,326
38,329
38,330
42,334
42,340
43,341
43,343
45,345
45,346
46,347
46,349
48,351
48,352
51,355
51,356
60,365
60,366
62,368
63,368
64,369
66,369
67,370
68,370
69,371
69,375
70,376
70,378
75,383
83,383
84,382
86,382
87,381
88,381
89,380
91,380
91,377
92,376
92,375
96,371
97,371
97,369
98,368
98,365
99,364
99,363
102,360
103,360
104,359
106,359
107,360
107,362
108,363
108,365
110,367
110,368
111,369
111,370
114,373
115,373
116,374
117,374
118,375
119,375
124,380
125,380
127,382
128,382
129,383
130,383
131,384
146,384
147,383
149,383
150,384
152,384
160,392
158,394
156,394
152,398
151,398
150,399
149,399
148,400
147,400
147,402
146,403
146,404
145,405
144,405
143,406
142,406
141,407
141,408
140,409
140,410
137,413
136,413
136,416
137,416
140,419
141,419
143,421
147,421
148,422
149,422
151,424
154,424
155,423
162,423
163,422
165,422
166,421
176,421
177,420
178,421
179,421
180,422
181,422
182,423
190,423
193,420
194,420
195,419
196,420
197,420
198,421
200,421
201,422
202,422
204,424
204,425
207,425
208,426
214,426
215,425
217,425
218,424
220,424
222,422
229,422
230,423
232,423
233,424
237,424
239,422
239,421
240,420
240,419
242,417
242,416
243,415
243,408
244,407
246,407
251,412
251,413
252,414
252,415
253,416
253,417
254,418
254,420
255,421
255,422
256,423
256,426
257,427
257,431
258,432
258,435
259,436
259,444
260,445
260,446
261,446
263,448
264,448
267,451
269,451
270,452
273,452
274,453
276,453
277,454
278,454
279,455
280,455
281,456
283,456
284,457
286,457
287,458
289,458
290,459
297,459
298,460
302,460
303,461
308,461
309,462
316,462
317,463
322,463
323,464
327,464
328,465
337,465
338,466
349,466
350,467
399,467
400,466
409,466
410,465
431,465
432,464
434,464
436,462
438,462
439,461
441,461
442,460
443,460
444,459
446,459
447,458
450,458
451,457
452,457
453,456
455,456
456,455
458,455
459,454
460,454
461,453
462,453
463,452
464,452
466,450
466,449
467,448
467,447
468,446
468,445
469,444
469,442
470,441
470,440
472,438
472,436
473,435
473,432
474,431
474,429
477,426
477,424
478,423
478,421
479,420
479,418
480,417
480,416
482,414
482,412
483,411
483,401
482,400
482,399
481,398
481,396
480,395
480,394
476,390
476,389
474,387
474,386
473,386
471,384
470,384
469,383
468,383
465,380
464,380
463,379
461,379
460,378
458,378
457,377
455,377
454,376
453,376
452,375
450,375
449,374
446,374
445,373
443,373
442,372
439,372
438,371
434,371
433,370
429,370
428,369
424,369
423,368
418,368
417,367
412,367
411,366
402,366
401,365
392,365
391,364
389,364
388,363
385,363
384,362
379,362
378,361
367,361
366,360
364,360
363,361
355,361
354,362
350,362
349,363
324,363
323,364
318,364
317,363
311,363
310,362
304,362
303,363
302,363
301,362
301,361
302,360
303,360
305,358
305,357
306,356
306,354
310,350
311,350
311,343
310,342
310,341
309,340
310,339
310,338
317,331
317,327
316,327
313,324
309,324
308,323
308,319
309,318
309,315
308,314
303,314
302,313
299,313
298,314
297,314
295,316
294,316
294,317
291,320
290,320
289,321
287,321
284,318
280,318
279,317
281,315
284,315
285,314
286,314
287,313
288,313
292,309
292,308
296,304
296,303
298,301
298,293
297,292
296,292
295,291
294,291
293,290
291,290
290,289
286,289
284,287
282,287
281,286
278,286
277,285
273,285
272,286
270,286
268,284
267,284
263,280
260,280
258,282
257,282
256,281
264,273
266,273
267,272
268,272
269,271
271,271
272,270
275,270
276,269
279,269
280,268
283,268
284,267
288,267
289,266
290,266
291,265
293,265
294,264
295,264
296,263
297,263
298,262
299,262
301,260
302,260
305,257
305,256
310,251
310,250
322,238
323,238
325,236
326,236
328,234
329,234
330,233
331,233
333,231
335,231
337,229
338,229
339,228
340,228
341,227
342,227
344,225
346,225
348,223
349,223
350,222
352,222
353,221
355,221
356,220
358,220
359,219
360,220
367,220
368,221
372,221
373,222
376,222
379,225
379,226
380,226
381,227
382,227
384,229
388,229
389,230
398,230
399,229
400,229
401,228
403,228
410,221
411,221
412,220
415,220
416,219
417,219
418,218
420,218
421,217
430,217
431,216
434,216
435,215
437,215
438,214
439,214
440,213
440,210
441,209
441,208
442,207
442,206
444,204
444,200
442,198
442,196
444,194
445,194
446,193
446,189
447,188
447,187
448,186
448,183
447,183
445,181
445,180
444,179
444,176
445,175
445,172
446,171
446,169
447,168
447,163
446,163
444,161
440,161
439,162
433,162
431,160
431,158
430,158
429,157
428,157
427,156
426,156
423,153
423,152
421,152
420,151
417,151
415,149
415,144
416,143
416,142
418,140
419,140
429,130
430,130
431,129
432,129
433,128
443,128
444,127
445,127
446,126
447,126
448,125
449,125
452,122
453,122
454,121
455,121
456,120
458,120
459,121
460,121
461,122
469,122
470,121
472,121
477,126
479,126
480,127
490,127
491,126
493,126
494,125
495,125
496,124
497,124
500,121
501,121
503,119
505,119
506,118
507,118
508,117
508,116
509,115
509,114
511,112
512,112
513,111
515,111
517,109
518,109
522,105
523,105
526,102
526,101
527,100
527,94
526,93
526,90
527,89
527,83
530,80
530,77
526,77
524,75
524,74
521,74
520,75
520,76
518,78
517,78
515,76
515,75
514,74
515,73
515,70
517,68
517,65
516,64
512,64
510,62
510,61
509,60
506,60
504,62
502,62
501,61
501,60
500,59
500,57
497,57
496,58
495,58
493,56
492,56
491,55
490,55
489,54
488,54
487,53
483,53
481,55
478,55
478,56
476,58
474,58
473,57
472,57
471,56
465,56
464,57
462,57
460,59
456,59
454,61
452,61
451,62
449,62
446,59
441,59
440,60
439,60
438,61
436,61
435,62
434,62
433,63
430,63
429,62
429,61
428,60
428,56
427,56
426,55
424,55
423,54
419,54
417,56
416,56
411,61
410,61
409,62
407,60
399,60
397,58
397,52
398,51
398,47
393,42
390,42
