1301
429,15
424,20
424,21
417,28
417,29
414,32
414,33
412,35
412,36
411,37
411,38
408,41
408,42
405,45
405,46
403,48
403,49
401,51
401,52
398,55
398,56
395,59
395,60
394,61
394,62
393,63
392,63
391,62
391,61
392,60
392,59
393,58
393,56
394,55
394,53
395,52
395,50
396,49
396,47
397,46
397,44
398,43
398,40
399,39
399,32
398,31
395,31
394,32
393,32
390,35
390,36
387,39
387,40
385,42
385,43
383,45
383,46
382,47
382,48
380,50
380,51
379,52
379,53
378,54
378,55
377,56
377,57
376,58
376,59
374,61
374,62
373,63
373,64
371,66
371,67
370,68
370,69
369,70
369,71
368,72
368,73
367,74
367,75
366,76
366,77
365,78
365,79
364,80
364,81
363,82
363,83
361,85
361,86
360,87
360,88
359,89
359,90
358,91
358,92
357,93
357,94
356,95
356,96
355,97
355,98
354,99
354,100
352,102
352,103
351,104
351,105
349,107
349,108
348,109
348,110
346,112
346,113
345,114
345,115
344,116
344,117
343,118
343,119
342,120
342,121
341,122
341,124
340,125
340,126
339,127
339,129
338,130
338,131
337,132
337,133
336,134
336,135
335,136
335,138
334,139
334,140
333,141
333,142
332,143
332,145
331,146
331,149
330,150
329,150
328,151
327,151
326,152
325,152
314,163
314,164
311,167
311,168
309,170
309,171
307,173
307,174
305,176
305,177
303,179
303,180
302,181
302,182
301,183
301,184
300,185
300,186
299,187
299,190
298,191
298,198
296,200
296,201
295,202
295,204
294,205
294,208
293,209
293,212
292,213
292,215
291,216
291,217
290,218
290,219
289,220
289,221
288,222
288,224
287,225
287,227
286,228
286,229
285,230
285,232
284,233
284,234
283,235
283,237
282,238
282,239
281,240
281,241
280,242
280,243
278,245
276,243
276,234
275,233
275,232
272,229
270,229
269,228
263,228
262,227
262,225
263,224
263,213
262,212
262,210
260,208
258,208
257,207
255,207
254,208
251,208
250,209
249,209
248,210
246,210
245,211
243,211
242,210
242,209
243,208
243,207
244,206
244,204
245,203
245,202
246,201
246,200
247,199
247,189
246,188
246,187
245,186
245,185
243,183
241,183
240,182
239,182
238,183
236,183
234,185
232,183
233,182
233,174
232,173
232,171
231,170
231,168
229,166
227,166
226,165
225,165
224,166
222,166
219,169
219,170
217,172
216,171
216,158
215,157
215,155
214,154
214,153
213,152
213,151
212,150
210,150
209,149
208,150
206,150
205,151
205,152
204,153
204,154
202,156
201,156
199,154
199,152
198,151
198,149
197,148
197,147
195,145
190,145
190,146
189,147
189,148
188,149
188,151
187,152
187,153
186,154
186,156
185,157
185,160
184,161
184,164
183,165
183,168
182,169
182,170
181,171
180,170
180,169
179,168
179,163
178,162
178,159
177,158
177,156
175,154
172,154
171,155
171,156
170,157
170,158
169,159
169,161
168,162
168,166
167,167
167,172
166,173
166,199
167,200
167,203
168,204
168,206
169,207
169,208
170,209
170,210
171,211
171,213
172,214
172,215
174,217
174,218
175,219
175,220
176,221
176,222
177,223
177,224
178,225
179,225
183,229
183,234
184,235
184,237
185,238
185,239
186,240
186,241
187,242
187,244
188,245
188,246
189,247
189,249
190,250
190,253
191,254
191,257
192,258
192,261
193,262
193,263
194,264
194,280
195,281
195,291
194,292
191,292
190,291
188,291
187,290
185,290
184,289
183,289
182,288
180,288
179,287
178,287
177,286
175,286
174,285
172,285
171,284
169,284
168,283
165,283
164,282
162,282
161,281
159,281
158,280
156,280
155,279
154,279
153,278
153,277
152,276
153,275
153,274
155,272
156,272
157,271
157,267
156,267
154,265
155,264
156,264
157,263
158,263
158,255
160,253
160,248
158,246
159,245
159,240
154,240
153,239
153,238
157,234
157,229
156,228
154,228
153,227
152,228
151,228
150,229
149,229
148,228
148,227
149,226
150,226
153,223
153,220
150,220
149,221
142,221
141,222
140,222
106,256
106,257
101,262
101,263
97,267
97,268
94,271
94,272
92,274
92,275
90,277
90,278
89,279
89,280
88,281
88,282
87,283
87,284
86,285
86,287
85,288
85,291
84,292
84,295
83,296
83,300
81,302
80,302
77,305
76,305
65,316
64,316
59,321
59,322
56,325
56,326
55,327
55,328
54,329
54,333
60,333
61,332
63,332
64,331
66,331
67,330
70,330
71,329
75,329
76,328
82,328
83,327
88,327
90,329
89,330
84,330
83,331
81,331
80,332
79,332
76,335
75,335
73,337
72,337
71,338
70,338
68,340
67,340
64,343
63,343
59,347
59,352
61,352
62,353
74,353
75,354
81,354
82,355
91,355
92,356
95,356
96,357
98,357
99,358
101,358
102,359
103,359
105,361
106,361
108,363
109,363
111,365
112,365
115,368
116,368
121,373
122,373
125,376
126,376
130,380
131,380
137,386
138,386
155,403
155,404
157,406
157,407
158,408
158,409
160,411
160,412
161,413
161,414
163,416
163,417
165,419
165,420
170,425
170,426
175,431
176,431
181,436
182,436
184,438
185,438
187,440
188,440
189,441
190,441
191,442
192,442
194,444
196,444
197,445
198,445
199,446
200,446
201,447
202,447
203,448
205,448
206,449
207,449
208,450
210,450
211,451
212,451
213,452
215,452
216,453
217,453
218,454
220,454
221,455
223,455
224,456
225,456
226,457
227,457
229,459
231,459
232,460
234,460
235,461
236,461
238,463
240,463
241,464
242,464
243,465
243,466
242,467
237,467
236,468
235,468
233,470
233,471
232,472
232,473
231,474
231,479
232,480
232,482
233,483
233,485
234,486
234,487
235,488
235,489
236,490
236,492
237,493
237,495
241,499
241,500
242,500
243,501
245,501
248,504
249,504
250,505
252,505
253,506
265,506
266,505
267,505
268,504
269,504
270,503
271,503
272,502
274,502
275,501
276,501
277,500
277,498
278,497
278,493
277,492
277,490
276,489
276,488
272,484
271,484
270,483
269,483
268,482
266,482
265,481
262,481
261,480
258,480
257,479
256,479
255,478
257,476
259,476
260,475
263,475
264,474
267,474
268,473
271,473
272,472
275,472
276,471
279,471
280,470
285,470
287,472
287,473
288,474
288,475
289,476
289,477
290,478
290,480
291,481
291,482
292,483
292,484
294,484
295,485
296,485
297,486
298,486
299,487
301,487
302,488
304,488
307,491
309,491
310,492
311,492
312,493
324,493
326,491
327,491
327,490
328,489
328,483
330,481
331,481
331,469
330,468
330,467
326,463
324,463
323,462
310,462
309,461
311,459
312,459
313,458
316,458
317,457
320,457
322,455
324,455
325,454
328,454
329,453
331,453
332,452
333,452
334,451
335,451
336,450
339,450
340,449
343,449
344,450
345,450
365,470
365,471
370,476
370,477
377,484
377,485
380,488
380,489
383,492
383,493
388,498
389,498
390,499
399,499
401,497
402,497
405,494
408,494
409,495
417,495
418,494
420,494
421,493
422,493
423,492
424,492
428,488
429,488
430,487
435,487
436,486
437,486
438,485
439,485
441,483
441,481
442,480
442,479
444,477
445,477
446,476
456,476
457,475
458,475
460,473
460,472
461,471
461,470
463,468
464,468
465,467
472,467
474,465
474,463
475,462
475,461
476,460
477,460
478,459
488,459
489,458
490,458
492,456
493,456
494,455
499,455
500,454
502,454
504,452
505,452
506,451
515,451
516,450
519,450
520,449
527,449
528,448
530,448
531,447
543,447
544,446
547,446
548,445
549,445
549,441
546,438
545,438
544,437
542,437
541,436
539,436
538,435
535,435
534,434
532,434
531,433
528,433
527,432
524,432
523,431
521,431
520,430
518,430
517,429
514,429
513,428
510,428
509,427
506,427
505,426
503,426
502,425
500,425
499,424
497,424
496,423
494,423
493,422
491,422
490,421
487,421
486,420
483,420
482,419
479,419
478,418
475,418
474,417
472,417
471,416
468,416
467,415
464,415
463,414
460,414
459,413
456,413
455,412
452,412
451,411
447,411
446,410
442,410
441,409
436,409
435,408
432,408
431,407
425,407
424,406
421,406
420,405
414,405
411,402
411,401
410,400
410,396
409,395
409,393
408,392
408,390
409,389
411,389
412,390
413,390
414,391
415,391
416,392
418,392
419,393
421,393
422,394
426,394
427,395
439,395
440,394
442,394
443,393
444,393
445,392
445,390
446,389
446,378
445,377
445,375
444,374
444,373
443,372
443,371
442,370
442,369
439,366
439,365
438,365
437,364
437,363
438,362
439,362
440,363
441,363
442,364
443,364
444,365
446,365
447,366
460,366
461,365
463,365
465,363
466,363
470,359
470,357
471,356
471,350
470,349
470,347
469,346
469,345
470,344
471,344
472,343
476,343
477,342
479,342
481,340
482,340
486,336
486,335
487,334
487,332
488,331
488,326
487,325
487,323
483,319
482,319
480,317
479,317
478,316
477,316
476,315
478,313
481,313
482,312
484,312
486,310
487,310
488,309
489,309
494,304
494,303
496,301
496,300
497,299
497,292
496,291
496,290
493,287
493,286
497,282
498,282
503,277
503,276
504,275
504,263
502,261
501,261
499,259
499,258
501,256
502,256
504,254
504,253
506,251
506,250
507,249
507,248
509,246
509,244
510,243
510,235
509,234
509,233
508,233
507,232
506,232
504,230
504,229
506,227
506,226
508,224
508,223
509,222
509,221
510,220
510,219
511,218
511,216
512,215
512,207
511,206
511,205
512,204
512,203
513,202
513,201
515,199
515,197
516,196
516,185
515,184
513,184
512,183
498,183
497,182
499,180
501,180
503,178
504,178
508,174
509,174
509,173
514,168
514,167
516,165
516,164
517,163
517,161
518,160
518,153
517,152
517,151
516,151
515,150
513,150
512,149
508,149
507,148
512,143
513,143
516,140
516,139
519,136
519,135
520,134
520,133
521,132
521,123
520,122
518,122
517,121
510,121
509,122
506,122
505,123
502,123
501,124
499,124
498,125
497,125
496,126
495,125
495,124
497,122
498,122
509,111
509,110
511,108
511,106
513,104
513,102
514,101
514,92
512,92
511,91
510,91
509,92
506,92
505,93
504,93
503,94
501,94
500,95
499,95
498,96
496,96
495,97
494,97
493,98
491,98
490,99
488,99
487,100
485,100
484,101
483,101
482,102
481,102
480,103
478,103
477,104
475,104
474,105
473,105
472,106
471,106
469,108
467,106
468,105
469,105
475,99
476,99
495,80
495,79
497,77
497,75
498,74
498,72
499,71
499,60
498,59
492,59
491,60
490,60
489,61
488,61
486,63
485,63
484,64
483,64
482,65
481,65
480,66
479,66
477,68
476,68
471,73
469,71
470,70
471,70
475,66
475,65
477,63
477,62
479,60
479,59
480,58
480,57
481,56
481,55
482,54
482,52
483,51
483,49
484,48
484,40
483,39
483,38
481,38
480,37
479,37
478,38
476,38
475,39
474,39
473,40
472,40
471,41
470,41
468,43
467,43
465,45
464,45
461,48
460,48
456,52
455,52
452,55
451,55
449,57
449,58
447,60
446,59
446,58
447,57
447,56
451,52
451,51
453,49
453,48
454,47
454,46
456,44
456,42
457,41
457,40
458,39
458,38
459,37
459,35
460,34
460,32
461,31
461,21
460,20
460,19
459,18
455,18
454,19
453,19
433,39
433,40
432,41
430,39
432,37
432,35
433,34
433,32
434,31
434,28
435,27
435,21
434,20
434,17
432,15
429,15
