937
283,24
282,25
282,26
281,27
281,29
280,30
280,32
279,33
279,34
278,35
278,37
277,38
277,41
276,42
276,44
275,45
275,47
274,48
274,50
273,51
273,52
272,53
272,55
271,56
271,57
270,58
270,60
269,61
269,63
268,64
268,65
267,66
267,68
266,69
266,71
265,72
265,74
264,75
264,77
263,78
263,80
262,81
262,83
261,84
261,85
260,86
260,87
259,88
259,90
258,91
258,94
257,95
257,96
256,97
256,98
255,99
255,100
254,101
254,102
253,103
253,104
251,106
251,107
250,108
250,109
248,111
248,121
247,122
247,125
246,126
246,128
245,129
245,131
244,132
244,133
243,134
243,135
242,136
242,137
241,138
241,141
240,142
240,144
239,145
239,147
238,148
238,149
237,150
237,152
236,153
236,155
235,156
235,157
234,158
234,160
233,161
233,163
232,164
232,165
231,166
231,168
230,169
230,171
229,172
229,174
228,175
228,177
227,178
227,179
226,180
226,182
225,183
225,185
224,186
224,189
223,190
223,191
224,192
224,195
225,196
225,197
227,199
227,200
228,201
228,207
229,208
229,272
230,273
230,277
231,278
231,280
230,281
229,281
228,280
228,278
227,277
227,275
226,274
226,269
225,268
225,265
224,264
224,262
223,261
223,256
222,255
222,246
219,243
219,240
218,239
218,235
217,234
217,232
216,231
216,228
215,227
215,224
214,223
214,221
213,220
213,218
212,217
212,206
208,202
208,200
207,199
207,196
206,195
206,193
205,192
205,191
204,190
204,189
203,188
203,183
201,181
201,179
200,178
200,171
196,167
196,165
195,164
195,163
193,161
193,159
192,158
192,156
190,154
190,152
189,151
189,149
188,148
188,147
185,144
185,142
183,140
183,139
182,138
182,136
181,135
181,134
180,133
180,126
179,126
178,125
177,125
175,123
175,122
174,121
174,119
173,118
173,117
169,113
169,111
166,108
166,106
165,105
165,104
161,100
161,99
160,98
160,96
159,95
159,94
158,93
158,88
156,86
155,86
154,85
153,85
151,83
151,82
147,78
147,77
144,74
143,74
139,70
138,70
135,67
135,66
134,66
131,63
131,62
126,57
126,49
122,49
121,50
121,52
120,53
120,57
119,58
119,62
118,63
118,65
117,66
117,68
116,69
116,74
115,75
115,78
114,79
114,80
113,81
113,83
112,84
112,89
111,90
111,94
110,95
110,98
109,99
109,102
108,103
108,106
107,107
107,110
106,111
106,113
105,114
105,118
104,119
104,123
103,124
103,126
102,127
102,130
101,131
101,134
100,135
100,136
99,137
99,138
97,140
97,141
96,142
96,144
95,145
95,146
94,147
94,149
93,150
93,153
92,154
92,170
91,171
91,174
90,175
90,177
89,178
89,181
88,182
88,185
87,186
87,188
86,189
86,192
85,193
85,197
84,198
84,201
83,202
83,204
82,205
82,209
81,210
81,213
80,214
80,218
79,219
79,221
78,222
78,225
77,226
77,229
75,231
75,233
74,234
74,237
75,238
75,240
79,240
80,239
81,239
83,241
83,242
84,243
84,254
83,255
83,256
82,257
82,260
81,261
81,262
82,263
82,265
85,265
87,263
88,264
88,271
89,272
89,281
90,282
90,286
91,287
91,304
92,305
92,308
93,309
93,311
94,312
94,324
95,325
95,330
96,331
96,335
97,336
97,349
98,350
98,354
99,355
99,359
100,360
100,380
101,381
101,386
102,387
102,389
103,390
103,399
104,400
104,404
105,405
105,407
106,408
106,421
107,422
107,427
108,428
108,447
107,448
107,449
104,452
100,452
99,451
97,451
96,450
94,450
93,449
92,449
91,448
90,448
89,447
86,447
85,446
80,446
79,445
72,445
71,444
69,444
68,443
63,443
62,442
49,442
49,447
51,449
51,450
52,451
52,454
53,455
53,457
55,459
55,460
56,461
56,462
59,465
59,466
60,467
60,468
61,469
61,471
60,472
60,473
59,474
59,476
58,477
59,478
59,480
62,480
62,479
64,477
65,477
68,480
68,481
71,484
71,485
72,486
72,487
73,488
73,489
74,490
74,491
76,493
76,494
78,496
78,497
79,498
79,499
81,501
81,502
82,503
82,504
83,505
83,506
85,508
85,509
86,510
86,511
88,513
88,514
90,516
90,517
92,519
92,520
94,522
94,523
99,528
99,529
104,534
105,534
108,537
109,537
112,540
113,540
116,543
118,543
119,544
120,544
121,545
122,545
123,546
125,546
126,547
128,547
129,548
131,548
132,549
145,549
146,548
152,548
153,547
158,547
159,546
165,546
166,545
172,545
173,544
181,544
182,543
189,543
190,542
196,542
197,541
204,541
205,540
211,540
212,539
216,539
217,538
220,538
221,537
224,537
225,536
228,536
229,535
232,535
233,534
236,534
237,533
240,533
241,532
244,532
245,531
248,531
249,530
252,530
253,529
256,529
257,528
259,528
260,527
262,527
263,526
265,526
266,525
268,525
269,524
271,524
272,523
274,523
275,522
277,522
278,521
280,521
281,520
283,520
284,519
286,519
287,518
289,518
290,517
291,517
292,516
294,516
295,515
297,515
298,514
299,514
300,513
301,513
302,512
304,512
305,511
306,511
307,510
308,510
309,509
310,509
311,508
313,508
314,507
315,507
316,506
318,506
319,505
320,505
322,503
324,503
325,502
327,502
328,501
329,501
330,500
331,500
332,499
333,499
334,498
336,498
337,497
338,497
339,496
341,496
344,493
345,493
346,492
347,492
348,491
349,491
350,490
351,490
353,488
354,488
356,486
358,486
359,485
364,485
365,484
366,484
367,483
368,483
369,482
370,482
371,481
373,481
374,480
381,480
382,479
383,479
384,478
386,478
387,477
388,477
388,471
389,470
389,467
390,466
390,465
391,464
391,463
393,461
394,461
395,460
397,460
398,459
398,450
397,449
397,446
398,445
398,443
399,442
399,440
402,437
402,435
403,434
403,432
404,431
404,428
405,427
405,426
406,425
406,423
407,422
407,419
409,417
409,416
411,414
411,413
412,412
412,411
414,409
414,408
417,405
417,397
416,396
416,389
415,389
411,385
411,379
412,378
412,372
413,371
413,368
414,367
414,363
412,361
412,360
411,359
409,359
408,358
394,358
393,357
394,356
395,356
396,355
402,355
403,354
409,354
410,353
413,353
414,352
419,352
419,351
421,349
421,348
422,347
422,321
421,320
421,318
420,317
420,313
421,312
421,306
420,305
420,303
419,302
419,289
418,288
418,285
417,284
417,279
418,278
418,270
417,269
417,267
416,266
416,264
415,263
415,258
414,257
414,244
413,243
413,240
412,239
412,236
411,235
411,232
410,231
410,224
409,223
409,222
408,221
408,218
407,217
407,214
406,213
406,210
405,209
405,205
404,204
404,200
401,197
401,195
400,194
400,193
399,192
399,189
398,188
398,186
396,184
396,181
395,180
395,176
392,173
392,171
389,168
389,167
387,165
387,164
384,161
384,160
383,159
383,158
382,157
380,157
379,158
379,159
378,160
378,163
377,164
377,167
376,168
376,173
375,174
375,175
374,176
374,177
373,178
373,179
372,180
372,182
371,183
371,184
370,185
370,186
369,187
369,188
368,189
368,191
367,192
367,194
366,195
366,197
365,198
365,199
364,200
364,201
363,202
363,204
362,205
362,206
361,207
361,210
360,211
360,214
357,217
357,219
356,220
356,223
355,224
355,230
353,232
352,232
350,230
350,226
349,225
349,218
348,217
348,209
347,208
347,196
346,195
346,192
345,191
345,188
344,187
344,184
343,183
343,179
342,178
342,174
341,173
341,169
340,168
340,157
339,156
339,155
338,154
338,153
337,152
337,151
336,150
336,147
335,146
335,144
334,143
334,141
333,140
333,137
332,136
332,134
331,133
331,130
330,129
330,126
329,125
329,124
328,123
328,120
327,119
327,117
326,116
326,113
325,112
325,110
324,109
324,107
323,106
323,104
322,103
322,102
321,101
321,99
320,98
320,96
319,95
319,94
318,93
318,92
317,91
317,90
316,89
316,87
315,86
315,84
314,83
314,82
313,81
313,79
312,78
312,76
311,75
311,68
310,67
310,65
309,65
305,61
305,59
304,58
304,57
301,54
301,53
299,51
299,50
296,47
296,46
294,44
294,43
290,39
290,38
289,37
289,36
287,34
287,32
286,31
286,29
287,28
287,24
283,24
