976
406,49
405,50
403,50
402,51
401,51
396,56
396,57
395,58
395,59
392,62
392,63
388,67
388,68
383,73
382,73
376,79
375,79
374,80
373,80
371,82
370,82
368,84
367,84
364,87
363,87
362,88
361,88
360,89
358,89
357,90
355,90
354,91
353,91
351,93
349,93
348,94
347,94
346,95
345,95
344,96
343,96
342,97
341,97
337,101
336,101
336,102
332,106
331,106
331,107
328,110
326,108
326,107
323,104
323,103
322,102
322,101
320,99
320,98
317,95
317,94
310,87
309,87
307,85
306,85
305,84
304,84
303,83
302,83
301,82
300,82
299,81
298,81
297,80
295,80
294,79
289,79
288,78
287,78
286,77
285,77
284,76
282,76
281,75
280,75
279,74
277,74
276,73
266,73
265,72
264,72
263,71
261,71
260,70
256,70
255,69
248,69
247,68
243,68
242,67
238,67
237,66
235,66
234,65
230,65
229,64
226,64
225,63
222,63
221,62
218,62
217,61
216,62
210,62
209,61
208,62
205,62
204,63
203,63
201,65
200,65
200,66
198,68
197,68
196,69
194,69
193,70
193,71
190,74
190,75
189,76
189,77
188,78
188,79
187,80
187,81
186,82
186,83
185,84
185,86
184,87
184,89
182,91
182,93
181,94
181,97
180,98
180,100
179,101
179,102
178,103
178,104
177,105
177,107
176,108
176,110
174,112
174,113
173,114
173,116
171,118
171,119
170,120
170,123
169,124
169,126
168,127
168,128
167,129
167,130
166,131
166,133
165,134
165,136
163,138
163,139
162,140
162,141
161,142
161,143
159,145
159,147
158,148
158,150
157,151
157,152
156,153
156,154
153,157
153,158
152,159
152,160
151,161
151,162
149,164
149,165
148,166
148,169
147,170
147,172
145,174
145,176
144,177
144,182
143,183
143,184
142,185
142,187
141,188
141,198
140,199
140,217
141,218
141,238
142,239
142,242
143,243
143,251
144,252
144,260
145,261
145,263
146,264
146,265
147,266
147,268
148,269
148,272
149,273
149,274
151,276
151,277
152,278
152,279
157,284
158,284
161,287
162,287
163,288
164,288
165,289
166,289
167,290
168,290
169,291
170,291
172,293
172,307
173,308
173,314
174,315
174,318
175,319
175,323
176,324
176,328
177,329
177,333
178,334
178,337
177,338
175,338
174,337
172,337
171,336
169,336
168,335
167,335
166,334
165,334
164,333
162,333
161,332
160,332
159,331
157,331
156,330
154,330
153,329
152,329
151,328
150,328
149,327
147,327
146,326
144,326
143,325
141,325
140,324
138,324
137,323
136,323
135,322
133,322
132,321
130,321
129,320
126,320
125,319
121,319
120,318
117,318
116,317
111,317
110,316
107,316
106,315
95,315
94,314
84,314
83,313
74,313
73,312
72,312
69,309
68,309
67,308
66,308
60,302
60,300
59,299
59,298
58,297
57,297
56,296
55,296
54,295
52,295
51,294
44,294
43,295
42,295
42,299
43,300
43,301
45,303
45,304
50,309
51,309
52,310
57,310
58,311
58,312
57,313
52,313
51,312
50,312
49,311
46,311
44,313
42,313
41,314
40,314
39,315
39,318
40,319
42,319
43,320
45,320
46,321
52,321
53,322
57,322
58,323
61,323
62,324
67,324
68,325
69,325
71,327
71,328
68,331
68,332
67,333
67,337
71,341
71,342
73,344
74,344
75,345
76,345
77,346
84,346
85,345
86,345
87,344
88,344
89,345
93,345
94,344
96,344
97,343
99,343
102,340
102,339
105,336
107,336
108,335
110,335
111,336
114,336
115,337
116,337
117,338
118,338
119,339
121,339
122,340
124,340
125,341
126,341
127,342
128,342
129,343
131,343
132,344
134,344
135,345
136,345
137,346
138,346
139,347
141,347
143,349
145,349
146,350
148,350
149,351
151,351
153,353
154,353
155,354
157,354
158,355
160,355
161,356
162,356
163,357
164,357
165,358
167,358
169,360
171,360
172,361
174,361
175,362
177,362
178,363
179,363
180,364
181,364
182,365
184,365
185,366
186,366
188,368
190,368
191,369
192,369
193,370
194,370
196,372
194,374
193,374
192,375
191,375
189,377
182,377
181,378
158,378
157,377
156,377
146,367
145,367
144,366
143,366
142,365
141,365
140,364
138,364
137,363
130,363
129,362
128,363
120,363
119,364
116,364
115,365
114,365
113,366
112,366
111,367
109,367
108,368
106,368
104,370
102,370
101,371
100,371
99,372
98,372
92,378
91,378
85,384
84,384
84,387
86,389
88,389
90,391
92,391
94,393
95,393
96,394
98,394
99,395
101,395
102,396
103,396
104,397
106,397
107,398
110,398
111,399
114,399
115,400
134,400
135,399
137,399
138,398
140,398
141,397
142,397
145,394
147,394
148,393
148,392
153,387
156,387
157,386
158,386
159,387
163,387
165,389
165,390
162,393
162,395
161,396
161,398
162,399
162,401
165,404
165,405
166,406
166,407
171,412
172,412
173,413
174,413
176,415
177,415
178,416
180,416
181,417
202,417
203,416
206,416
210,412
211,412
211,411
217,405
230,405
231,404
237,404
238,405
240,405
241,406
244,406
245,407
246,407
247,408
256,408
257,407
258,407
261,404
261,403
262,402
262,400
263,399
263,396
264,395
264,393
266,391
267,391
268,390
276,390
277,391
284,391
285,392
290,392
291,393
296,393
297,394
301,394
302,395
305,395
306,396
307,396
308,397
308,398
309,399
309,401
310,402
310,403
311,404
311,405
312,406
312,407
316,411
317,411
319,413
320,413
322,415
323,415
324,416
325,416
326,417
327,417
329,419
331,419
332,420
333,420
334,421
335,421
336,422
338,422
339,423
341,423
342,424
345,424
346,425
347,425
348,426
350,426
351,427
356,427
357,428
361,428
362,429
365,429
366,430
369,430
370,431
371,431
374,434
375,434
378,437
378,438
383,443
383,444
387,448
387,449
388,450
388,451
389,452
389,453
391,455
391,456
392,457
392,458
393,459
393,460
395,462
395,463
396,464
396,465
397,466
397,467
398,468
398,469
399,470
399,471
400,472
400,473
401,474
401,475
402,476
402,477
405,477
406,478
428,478
429,477
429,472
428,471
428,469
426,467
426,465
424,463
424,462
423,461
423,460
422,459
422,457
421,456
421,455
419,453
419,452
418,451
418,449
417,448
417,447
416,446
416,445
414,443
414,442
412,440
412,439
411,438
411,437
410,436
410,435
409,434
409,433
410,432
411,432
412,431
415,431
416,430
420,430
421,429
422,429
423,428
426,428
427,427
429,427
430,426
431,426
433,424
434,424
435,423
436,423
437,422
438,422
440,420
440,419
443,416
444,416
447,413
447,411
448,410
448,409
450,407
450,405
451,404
451,401
452,400
452,398
453,397
453,395
454,394
454,392
455,391
455,390
459,386
460,386
462,384
463,384
465,382
466,382
468,380
469,380
469,379
472,376
472,375
474,373
474,372
475,371
475,370
476,369
476,368
479,365
479,363
480,362
480,360
481,359
481,356
483,354
483,353
484,352
484,351
485,350
485,349
486,348
486,346
487,345
487,342
488,341
488,339
489,338
489,336
490,335
490,334
491,333
491,331
492,330
492,327
493,326
493,324
494,323
494,320
495,319
495,317
496,316
496,314
497,313
497,311
498,310
498,308
499,307
499,304
500,303
500,301
501,300
501,298
502,297
502,292
503,291
503,289
504,288
504,287
505,286
505,274
506,273
506,270
507,269
507,267
508,266
508,260
509,259
509,256
510,255
510,254
512,252
512,250
514,248
514,247
515,246
515,245
516,244
516,243
519,240
519,239
520,238
520,237
524,233
524,232
525,231
525,230
526,229
526,227
527,226
527,225
528,224
528,223
529,222
529,220
530,219
530,217
531,216
531,209
530,208
530,205
529,204
529,203
528,202
528,200
527,199
527,198
526,197
526,196
525,195
525,194
524,193
524,191
523,190
523,189
520,186
520,185
516,181
516,179
515,179
512,176
512,175
511,175
508,172
508,171
507,171
504,168
503,168
499,164
498,164
497,163
496,163
495,162
494,162
492,160
491,160
490,159
489,159
487,157
485,157
484,156
482,156
481,155
480,155
479,154
479,141
478,140
478,137
477,136
477,132
476,131
476,128
475,127
475,125
474,124
474,122
473,121
473,118
472,117
472,115
471,114
471,113
470,112
470,111
469,110
469,108
468,107
468,105
465,102
465,100
462,97
462,95
459,92
459,90
458,89
458,88
454,84
454,83
451,80
451,78
450,77
450,76
447,73
447,72
446,72
438,64
438,63
437,62
436,62
435,61
434,61
430,57
429,57
427,55
426,55
425,54
423,54
422,53
421,53
420,52
419,52
418,51
416,51
415,50
412,50
411,49
406,49
