1046
375,38
375,39
374,40
374,41
373,42
373,43
367,49
366,49
365,50
360,50
359,49
355,49
354,50
352,50
347,55
347,56
346,57
346,59
345,60
345,67
346,68
346,73
347,74
347,77
348,78
348,86
347,87
342,87
341,86
340,86
339,85
338,85
337,84
336,84
335,83
332,83
331,82
328,82
327,81
317,81
316,82
314,82
313,83
312,83
305,90
305,91
303,93
303,95
302,96
302,99
301,100
301,103
302,104
302,106
303,107
303,108
304,109
304,110
305,111
305,112
307,114
308,114
309,115
310,115
311,116
312,116
313,117
314,117
315,118
316,118
317,119
318,119
320,121
320,124
319,125
319,126
318,127
318,128
317,129
317,130
316,131
316,133
314,135
314,136
313,137
313,138
312,139
312,140
309,143
309,144
306,147
306,148
303,151
303,152
301,154
301,155
294,162
293,162
292,163
291,163
290,164
289,164
288,165
287,165
279,173
278,173
275,176
275,177
269,183
268,183
265,186
264,186
263,187
262,187
261,188
261,189
258,192
257,192
254,195
253,195
251,197
250,197
248,199
248,200
243,205
242,205
241,206
240,206
239,207
238,207
235,210
234,210
232,212
231,212
230,213
229,213
228,214
218,214
216,212
215,212
213,210
212,210
211,209
210,209
209,208
207,208
206,207
205,207
204,206
203,206
202,205
201,205
200,204
199,204
198,203
195,203
194,202
188,202
187,201
186,201
183,198
182,198
181,197
178,197
177,196
170,196
169,195
156,195
155,194
152,194
151,195
142,195
141,196
138,196
137,197
134,197
133,198
129,198
128,199
125,199
124,200
122,200
121,201
119,201
118,202
116,202
115,203
113,203
112,204
111,204
110,205
109,205
108,206
107,206
106,207
105,207
104,208
103,208
102,209
101,209
100,210
99,210
99,211
96,214
95,214
93,216
92,216
86,222
86,223
80,229
80,230
78,232
78,233
77,234
77,235
76,236
76,237
75,238
75,239
71,243
71,244
70,245
70,246
69,247
69,248
68,249
68,250
67,251
67,253
66,254
66,255
65,256
65,257
64,258
64,260
63,261
63,262
62,263
62,264
61,265
61,266
60,267
60,268
59,269
59,271
58,272
58,274
57,275
57,277
56,278
56,281
55,282
55,286
54,287
54,292
53,293
53,320
54,321
54,325
55,326
55,329
56,330
56,333
57,334
57,337
58,338
58,341
59,342
59,343
60,344
60,345
61,346
61,347
62,348
62,350
63,351
63,353
64,354
64,356
65,357
65,359
66,360
66,362
67,363
67,366
68,367
68,369
69,370
69,374
70,375
70,378
71,379
71,382
72,383
72,385
73,386
73,390
74,391
74,398
75,399
75,411
76,412
76,415
77,416
77,419
78,420
78,422
79,423
79,424
80,425
80,426
81,427
81,428
83,430
83,431
85,433
85,434
86,435
86,436
88,438
88,439
89,440
89,442
90,443
90,445
91,446
91,449
92,450
92,455
93,456
93,474
96,477
96,478
97,479
97,486
96,487
96,493
97,494
97,497
98,498
98,499
99,500
99,501
101,503
102,503
103,504
105,504
106,505
109,505
110,506
125,506
126,505
128,505
129,504
130,504
131,503
133,503
134,502
142,502
143,501
144,501
145,500
146,500
146,492
145,491
145,490
144,489
144,487
140,483
140,482
133,475
133,474
131,472
131,471
128,468
128,466
127,465
127,464
126,463
126,461
124,459
124,458
123,457
123,456
122,455
122,453
121,452
121,450
120,449
120,447
119,446
119,443
120,442
120,439
121,438
121,436
122,435
122,433
123,432
123,420
124,419
124,418
126,416
129,419
129,420
130,421
130,426
129,427
129,429
130,430
130,433
131,434
131,436
132,437
132,438
134,438
135,439
138,439
139,438
141,438
143,436
143,432
144,431
144,430
145,429
148,429
149,430
151,430
152,431
155,431
156,432
157,432
158,433
160,433
161,434
162,434
164,436
164,437
165,438
165,439
166,440
166,441
167,442
176,442
178,440
178,435
179,434
180,434
181,435
181,440
180,441
180,452
181,453
181,454
182,455
182,456
183,457
183,468
184,469
184,471
185,472
185,473
186,474
187,474
188,475
189,475
190,476
192,476
193,477
195,477
196,478
199,478
200,479
202,479
203,480
217,480
218,479
219,479
222,476
224,476
225,475
228,475
229,474
230,474
231,473
231,469
230,468
230,467
229,466
229,464
228,463
228,462
226,460
226,459
224,457
223,457
214,448
214,447
212,445
212,443
211,442
211,440
210,439
210,438
207,435
207,432
206,431
206,426
205,425
205,423
206,422
206,416
207,415
207,414
208,413
209,413
210,412
245,412
246,413
247,413
249,415
249,416
250,417
250,420
251,421
251,425
252,426
252,429
253,430
253,432
254,433
254,439
255,440
255,447
256,448
256,451
257,452
257,455
258,456
258,459
259,460
259,462
260,463
260,466
261,467
261,492
260,493
260,499
259,500
259,502
260,503
260,505
261,506
261,507
263,509
263,520
264,521
264,523
265,524
265,526
266,527
266,530
267,531
267,532
270,535
271,535
272,536
273,536
274,537
276,537
277,538
279,538
280,539
290,539
291,540
301,540
302,539
306,539
310,535
311,535
312,534
316,534
316,528
315,527
315,525
313,523
313,521
306,514
306,513
304,511
304,510
302,508
301,508
300,507
299,507
296,504
296,503
295,502
295,500
294,499
294,497
293,496
293,494
292,493
292,490
291,489
291,486
290,485
290,477
291,476
291,473
292,472
292,471
293,470
293,468
294,467
294,465
295,464
295,463
296,462
296,461
297,460
297,458
298,457
298,456
299,455
299,454
300,453
300,452
301,451
301,450
302,449
302,447
303,446
303,425
304,424
304,421
305,420
305,419
306,418
306,416
307,415
307,414
308,413
308,412
309,411
309,410
310,409
310,408
311,407
311,406
312,405
312,404
314,402
316,404
316,407
317,408
317,418
316,419
316,440
317,441
317,448
318,449
318,460
317,461
317,468
316,469
316,472
315,473
315,479
314,480
314,483
313,484
314,485
314,487
315,488
315,489
317,491
317,496
316,497
316,502
317,503
317,506
318,507
318,509
319,510
319,511
320,512
320,513
322,515
323,515
324,516
325,516
326,517
328,517
329,518
332,518
333,519
357,519
358,518
359,518
360,517
363,517
364,516
367,516
369,514
369,509
367,507
367,506
366,505
366,504
362,500
362,499
358,495
357,495
350,488
350,487
348,485
348,482
347,481
347,478
346,477
346,475
345,474
345,473
344,472
344,469
343,468
343,462
344,461
344,458
345,457
345,456
346,455
346,453
347,452
347,451
348,450
348,449
349,448
349,447
350,446
350,444
351,443
351,442
352,441
352,440
353,439
353,438
354,437
354,436
355,435
355,434
356,433
356,431
357,430
357,429
358,428
358,426
359,425
359,421
360,420
360,412
361,411
361,407
362,406
362,403
363,402
363,400
364,399
364,397
365,396
365,394
366,393
366,391
367,390
367,389
369,387
369,386
370,385
370,383
371,382
371,381
372,380
372,378
373,377
373,375
375,373
376,373
377,372
382,372
383,373
384,373
386,375
395,375
400,370
401,370
402,369
408,369
409,368
412,368
413,367
415,367
417,365
417,357
416,356
416,355
410,349
410,348
409,347
409,345
408,344
408,341
407,340
407,337
406,336
406,331
405,330
405,327
404,326
404,324
403,323
403,322
401,320
400,320
398,318
397,318
396,317
394,317
393,316
392,316
391,315
391,314
390,313
390,301
391,300
391,298
392,297
392,295
393,294
393,252
394,251
394,250
395,249
395,248
399,244
400,244
403,241
404,241
405,240
406,240
408,238
409,238
413,234
417,234
421,238
422,238
423,239
424,239
425,240
426,240
427,241
428,241
429,242
430,242
431,243
433,243
434,244
437,244
438,245
462,245
463,244
465,244
466,243
468,243
469,242
470,242
472,240
473,240
474,239
474,238
475,237
475,236
477,234
477,232
478,231
478,222
479,221
479,220
480,219
481,219
482,218
487,218
488,217
490,217
491,218
497,218
498,217
500,217
501,216
502,216
504,214
505,214
507,212
507,211
509,209
509,208
510,207
510,205
511,204
511,196
512,195
512,191
513,190
513,166
512,165
512,161
511,160
511,153
510,152
510,149
509,148
509,144
508,143
508,141
505,138
504,138
503,137
502,137
499,134
498,134
497,133
496,133
494,131
493,131
492,130
490,130
489,129
486,129
485,128
481,128
480,127
476,127
475,126
462,126
461,125
460,125
457,122
456,122
454,120
454,113
455,112
455,110
461,104
461,100
459,100
458,99
456,99
453,96
453,95
452,94
452,88
451,87
451,84
447,80
446,80
443,77
442,77
439,74
440,73
441,73
442,72
450,72
451,71
454,71
455,70
457,70
458,69
460,69
461,68
462,68
464,66
464,65
465,64
465,63
466,62
466,60
467,59
467,46
462,46
462,47
461,48
461,51
460,52
460,53
456,57
455,57
454,58
446,58
445,57
435,57
434,56
430,56
429,55
420,55
419,56
416,56
415,57
408,57
407,56
404,56
403,55
400,55
399,54
394,54
393,55
390,55
389,56
386,56
385,57
384,57
383,58
382,58
381,59
380,59
379,60
378,60
375,63
374,63
373,62
373,61
375,59
375,58
376,57
376,56
377,55
377,53
378,52
378,51
379,50
379,49
380,48
380,41
379,40
379,38
375,38
