988
288,33
285,36
284,36
272,48
272,49
242,79
241,79
240,80
240,81
233,88
232,88
231,89
231,90
221,100
221,101
220,102
220,103
218,105
218,106
212,112
212,114
211,115
211,116
206,121
206,122
205,123
205,124
204,125
204,126
203,127
203,129
202,130
202,131
200,133
200,134
199,135
199,137
197,139
197,141
196,142
196,143
194,145
194,147
193,148
193,154
191,156
191,158
190,159
190,166
189,167
189,169
188,170
188,172
187,173
187,177
185,179
185,180
184,181
184,182
183,183
183,184
182,185
182,186
181,187
181,188
179,190
179,191
174,196
172,196
171,197
169,197
167,199
166,199
165,200
163,200
161,202
160,202
159,203
157,203
155,205
148,205
147,204
145,204
144,203
142,203
141,202
133,202
132,201
131,201
130,200
127,200
126,199
119,199
118,198
117,198
116,197
114,197
113,196
108,196
106,194
104,194
103,193
98,193
96,191
94,191
93,190
89,190
88,189
87,189
86,188
84,188
83,187
80,187
79,186
78,186
77,185
75,185
74,184
72,184
70,182
68,182
67,181
65,181
63,179
61,179
60,178
59,178
57,176
55,176
54,175
52,175
50,173
48,173
47,172
42,172
41,173
27,173
26,174
24,174
24,178
28,182
28,184
25,187
22,187
21,188
19,188
18,189
18,193
21,196
21,197
23,199
23,201
19,205
19,209
23,213
23,216
21,218
21,223
22,223
23,224
24,224
26,226
30,226
31,227
34,227
36,229
48,229
49,230
50,230
51,231
52,231
53,232
61,232
62,233
63,233
64,234
65,234
66,235
69,235
70,236
71,236
77,242
77,246
76,247
76,248
75,249
75,250
74,251
74,255
84,265
85,265
86,266
89,266
90,267
91,267
92,268
93,268
94,269
98,269
99,270
100,270
101,271
102,271
103,272
108,272
109,273
110,273
111,274
112,274
113,275
121,275
122,276
124,276
126,278
132,278
133,279
135,279
137,281
142,281
143,282
145,282
147,284
153,284
154,285
156,285
158,287
163,287
164,288
166,288
167,289
168,289
169,290
174,290
175,291
177,291
179,293
184,293
185,294
187,294
189,296
193,296
194,297
196,297
198,299
199,299
202,302
202,309
203,310
203,312
205,314
205,317
206,318
206,320
207,321
207,322
208,323
208,324
209,325
209,327
211,329
211,330
212,331
212,332
214,334
214,336
215,337
215,338
221,344
221,345
222,346
222,347
224,349
224,350
228,354
228,355
230,357
231,357
233,359
234,359
236,361
237,361
242,366
243,366
244,367
245,367
247,369
248,369
251,372
253,372
254,373
255,373
257,375
259,375
260,376
262,376
264,378
266,378
267,379
269,379
271,381
272,381
274,383
274,388
273,389
273,390
272,391
272,393
271,394
271,401
270,402
270,409
269,410
269,414
270,415
270,420
271,421
271,430
272,431
272,433
273,434
273,435
274,436
274,441
275,442
275,444
276,445
276,446
277,447
277,449
278,450
278,452
279,453
279,454
280,455
280,456
281,457
281,459
282,460
282,461
283,462
283,463
284,464
284,466
285,466
287,468
287,469
288,470
288,471
289,472
289,473
291,475
291,476
293,478
293,483
288,488
288,489
284,493
284,494
260,518
259,518
257,520
256,520
255,521
254,521
252,523
251,523
250,524
249,524
248,525
247,525
246,526
244,526
243,527
241,527
240,528
239,528
238,529
227,529
226,530
224,530
223,531
222,531
221,532
219,532
216,535
216,537
215,538
215,539
216,540
216,542
217,543
217,544
218,545
218,547
221,550
221,551
224,554
226,554
227,555
228,555
229,556
230,556
231,557
255,557
256,556
257,556
258,555
261,555
262,554
267,554
268,553
269,553
270,552
272,552
273,551
279,551
280,550
281,550
282,549
283,549
285,547
287,547
287,546
293,540
293,539
296,536
296,535
305,526
306,526
310,522
311,522
313,520
314,520
318,516
319,516
321,514
322,514
323,513
324,513
326,511
328,511
330,509
331,509
333,507
334,507
336,505
338,505
340,503
341,503
342,502
346,502
347,501
347,500
348,499
348,498
350,496
350,477
348,475
348,473
347,472
347,464
348,463
348,462
349,461
352,461
360,469
362,469
363,470
364,470
366,472
368,472
369,473
370,473
372,475
375,475
376,476
378,476
380,478
384,478
385,479
387,479
389,481
394,481
395,482
396,482
397,483
398,483
399,484
403,484
404,485
405,485
406,486
407,486
408,487
411,487
412,488
413,488
414,489
415,489
416,490
418,490
420,492
420,493
421,494
421,495
422,496
422,497
424,499
424,500
425,501
425,502
426,503
426,508
427,509
427,511
428,512
428,514
429,515
429,522
428,523
428,527
427,528
427,531
426,532
426,538
425,539
425,540
424,541
424,543
423,544
423,546
421,548
421,550
420,551
420,555
418,557
418,559
417,560
417,563
416,564
416,566
415,567
415,569
414,570
414,574
415,575
416,575
417,576
418,576
420,578
422,578
423,579
425,579
426,580
427,580
428,581
456,581
457,580
460,580
461,579
463,579
464,578
466,578
466,576
467,575
467,574
471,570
471,538
470,537
470,531
469,530
469,527
468,526
468,510
467,509
467,507
466,506
466,504
465,503
465,482
464,481
464,478
463,477
463,470
462,469
462,468
461,467
460,467
457,464
456,464
446,454
446,453
444,451
444,450
443,449
443,448
439,444
439,443
437,441
437,440
435,438
435,436
433,434
433,433
432,432
432,430
430,428
430,427
429,426
429,421
428,420
428,419
427,418
427,416
426,415
426,397
427,396
427,395
430,392
434,392
435,393
442,393
443,392
445,392
446,391
449,391
450,390
455,390
456,389
457,389
458,388
459,388
460,387
462,387
465,384
466,384
467,383
468,383
472,379
473,379
477,375
477,373
480,370
480,369
483,366
483,363
484,362
484,361
485,360
485,359
486,358
486,354
487,353
487,350
489,348
489,339
490,338
490,312
489,311
489,300
488,299
488,298
487,297
487,295
486,294
486,290
484,288
484,286
483,285
483,283
482,282
482,281
480,279
480,277
479,276
479,275
477,273
477,272
475,270
475,269
474,268
474,267
456,249
456,248
439,231
439,230
438,229
438,227
433,222
433,221
432,220
432,218
430,216
430,215
429,214
429,212
423,206
421,206
420,205
419,205
418,206
416,206
415,207
414,207
412,209
412,211
411,212
411,215
410,216
410,221
411,222
411,226
412,227
412,229
417,234
417,236
418,237
418,238
427,247
427,248
429,250
429,251
430,251
453,274
453,275
454,276
454,277
456,279
456,280
458,282
458,283
459,284
459,285
460,286
460,287
461,288
461,289
462,290
462,291
463,292
463,294
464,295
464,296
465,297
465,300
466,301
466,303
467,304
467,305
468,306
468,313
469,314
469,317
470,318
470,332
469,333
469,336
468,337
468,343
466,345
466,347
465,348
465,350
463,352
463,353
458,358
457,358
452,363
451,363
450,364
449,364
448,365
447,365
446,366
442,366
441,367
438,367
437,368
430,368
429,367
428,367
425,364
425,362
424,361
424,356
423,355
423,350
422,349
422,348
421,347
421,345
420,344
420,341
418,339
418,338
417,337
417,335
416,334
416,333
414,331
414,330
413,329
413,328
411,326
411,324
408,321
408,320
407,319
407,318
405,316
405,315
396,306
394,306
393,305
391,305
389,303
387,303
386,302
385,302
384,301
383,301
382,300
381,300
380,299
378,299
376,297
375,297
374,296
373,296
371,294
370,294
369,293
367,293
363,289
362,289
361,288
360,288
359,287
358,287
335,264
335,263
334,262
334,261
332,259
332,258
330,256
330,255
329,254
329,252
327,250
327,248
326,247
326,245
325,244
325,243
324,242
324,240
323,239
323,233
322,232
322,230
321,229
321,226
320,225
320,219
321,218
321,215
322,214
322,197
321,196
321,194
320,193
320,188
319,187
319,186
317,184
317,182
296,161
296,159
295,158
295,157
294,156
294,152
296,150
296,148
299,145
304,145
305,146
306,146
307,147
311,147
312,148
313,148
316,151
318,151
319,152
322,152
323,153
324,153
325,154
333,154
335,152
336,152
337,151
338,151
338,149
341,146
341,139
339,137
339,136
338,135
338,130
337,129
337,128
336,127
336,126
335,125
335,123
336,122
336,121
339,118
340,118
341,117
344,117
345,116
346,116
347,115
348,115
349,114
350,114
353,111
353,109
355,107
355,106
356,105
356,104
357,103
357,102
359,100
359,92
358,91
358,90
357,89
357,88
356,87
356,85
346,75
346,74
345,73
344,73
338,67
338,66
337,65
337,64
335,62
335,61
333,61
332,60
331,60
329,58
327,58
326,57
322,57
321,56
321,55
320,54
320,45
317,42
314,42
313,43
312,43
310,45
309,45
306,48
306,49
304,51
301,51
299,49
299,48
298,47
298,46
297,45
297,44
296,43
296,39
293,36
293,35
291,33
