713
173,41
165,49
165,50
164,51
164,53
163,54
163,55
160,58
160,59
159,60
159,61
147,73
146,73
145,74
134,74
133,73
130,73
129,72
111,72
110,73
107,73
106,74
104,74
103,75
102,75
101,76
100,76
99,77
98,77
97,78
96,78
95,79
94,79
92,81
91,81
91,83
90,84
90,86
89,87
89,88
87,90
47,90
44,87
42,87
41,86
40,86
39,87
37,87
35,89
35,91
34,92
34,95
35,96
35,107
36,108
36,110
37,111
37,112
38,113
38,114
41,114
42,115
42,116
41,117
39,117
38,118
37,118
36,119
35,119
33,121
33,122
32,123
32,127
34,127
35,128
36,128
37,129
37,130
38,131
38,132
40,134
40,135
42,137
42,138
43,138
44,139
45,139
46,140
47,140
48,141
50,141
51,142
53,142
54,143
56,143
57,144
59,144
60,145
62,145
63,146
65,146
66,147
69,147
70,148
73,148
74,149
76,149
77,150
79,150
80,151
82,151
83,152
85,152
89,156
89,157
91,159
91,160
92,161
92,183
91,184
91,197
90,198
90,202
89,203
89,205
88,206
88,207
87,208
87,211
86,212
86,215
85,216
85,220
84,221
84,234
85,235
85,239
86,240
86,258
87,259
87,266
88,267
88,273
89,274
89,280
90,281
90,291
91,292
91,295
92,296
92,300
93,301
93,304
94,305
94,308
95,309
95,312
96,313
96,316
97,317
97,319
98,320
98,321
99,322
99,323
100,324
100,325
101,326
101,328
102,329
102,330
103,331
103,332
106,335
106,336
108,338
108,339
110,341
110,342
121,353
122,353
124,355
125,355
127,357
128,357
130,359
131,359
133,361
134,361
135,362
136,362
137,363
138,363
139,364
140,364
141,365
142,365
143,366
145,366
146,367
147,367
148,368
149,368
150,369
152,369
153,370
157,370
158,371
161,371
162,372
164,372
167,375
168,375
170,377
170,382
169,383
169,386
168,387
168,390
166,392
166,393
165,394
165,395
161,399
161,401
160,402
160,410
153,417
153,418
152,419
152,420
148,424
148,425
147,426
147,431
149,433
150,433
151,434
153,434
154,435
160,435
161,434
168,434
169,435
176,435
177,434
191,434
192,433
194,433
195,432
195,430
196,429
196,428
198,426
198,425
203,420
203,415
204,414
204,412
205,411
205,409
206,408
206,407
212,401
214,401
214,398
215,397
215,384
216,383
216,382
218,380
219,380
220,379
222,379
223,378
286,378
287,377
303,377
304,376
311,376
312,375
319,375
320,374
323,374
324,373
328,373
329,372
332,372
333,371
337,371
338,370
339,370
340,369
342,369
343,368
345,368
346,367
348,367
349,366
350,366
351,365
353,365
354,364
356,364
357,363
358,363
359,362
360,362
361,361
362,361
363,360
364,360
365,359
366,359
367,358
368,358
369,357
370,357
371,356
372,356
373,355
374,355
375,354
376,354
377,353
378,353
379,352
380,352
381,351
382,351
383,350
384,350
385,349
386,349
387,348
389,348
390,347
391,347
392,346
393,346
394,345
396,345
397,344
398,344
399,343
400,343
401,342
402,342
403,341
405,341
406,340
408,340
409,339
410,339
411,340
413,340
415,342
416,342
418,344
419,344
421,346
422,346
423,347
424,347
426,349
427,349
428,350
430,350
432,352
433,352
435,354
437,354
438,355
439,355
440,356
441,356
442,357
443,357
444,358
445,358
446,359
447,359
448,360
449,360
450,361
451,361
452,362
453,362
454,363
455,363
456,364
458,364
459,365
461,365
462,366
464,366
465,367
466,367
467,368
468,368
469,369
471,369
472,370
475,370
476,371
486,371
487,370
488,370
489,371
490,371
493,374
493,375
494,376
494,381
491,384
490,384
488,386
487,386
485,388
484,388
484,389
482,391
482,392
481,393
481,395
480,396
480,399
481,400
481,402
482,403
485,403
486,404
490,404
491,405
502,405
503,406
509,406
510,405
511,405
512,404
513,404
516,401
516,399
518,397
519,397
520,396
525,396
526,397
527,397
528,398
528,399
529,400
529,406
524,411
523,411
520,414
519,414
518,415
516,415
515,416
514,416
512,418
512,419
509,422
508,422
508,424
507,425
507,426
508,427
508,429
509,430
512,430
513,431
517,431
518,432
521,432
522,433
540,433
550,423
551,423
553,421
553,420
555,418
555,416
556,415
556,393
555,392
555,389
554,388
554,381
553,380
553,378
552,377
552,376
551,375
551,374
547,370
547,369
546,368
546,357
547,356
547,353
548,352
548,350
549,349
549,347
551,345
551,343
552,342
552,340
553,339
553,336
554,335
554,328
555,327
555,324
554,323
554,321
553,320
553,315
552,314
552,311
551,310
551,303
550,302
550,300
549,299
549,297
548,296
548,293
547,292
547,289
546,288
546,284
545,283
545,281
544,280
544,277
543,276
543,274
542,273
542,271
541,270
541,268
540,267
540,266
539,265
539,263
538,262
538,261
536,259
536,258
535,257
535,256
534,255
534,254
532,252
532,251
529,248
529,247
518,236
517,236
513,232
512,232
505,225
505,224
504,223
504,221
503,220
503,219
501,217
501,216
500,215
500,214
498,212
497,212
496,211
495,211
494,210
492,210
491,209
489,209
488,208
479,208
478,207
474,207
473,206
468,206
467,205
459,205
458,204
441,204
440,203
439,203
438,204
417,204
416,203
322,203
321,202
316,202
315,201
300,201
299,200
293,200
292,199
281,199
280,198
265,198
264,197
255,197
254,196
250,196
249,195
246,195
245,194
243,194
242,193
240,193
239,192
236,192
235,191
233,191
232,190
231,190
230,189
229,189
228,188
227,188
226,187
225,187
224,186
223,186
222,185
221,185
220,184
219,184
218,183
217,183
210,176
210,174
209,173
209,170
208,169
208,168
206,166
206,165
204,163
204,162
196,154
196,153
195,152
195,151
194,150
194,149
193,148
193,146
192,145
192,144
191,143
191,142
190,141
190,140
187,137
187,136
185,134
185,132
184,131
184,130
183,129
183,128
182,127
182,125
181,124
181,122
180,121
180,118
179,117
179,114
180,113
180,110
181,109
181,108
182,107
182,106
183,105
183,103
184,102
184,100
185,99
185,97
186,96
186,94
187,93
187,91
188,90
188,87
189,86
189,80
190,79
190,64
189,63
189,61
188,60
186,60
185,59
184,59
183,60
179,60
177,58
177,44
176,43
176,41
173,41
