1120
329,13
326,16
326,17
325,18
325,19
324,20
324,21
323,22
323,24
320,27
320,28
312,36
311,36
310,37
308,37
307,38
305,38
304,39
300,39
299,40
288,40
287,39
286,39
285,38
284,38
283,37
281,37
280,36
279,36
275,32
275,30
273,28
273,27
272,26
267,26
265,28
265,30
264,31
264,34
263,35
263,40
262,41
262,42
257,47
255,47
254,48
243,48
240,45
238,45
237,44
234,44
233,45
231,45
230,46
229,46
227,48
227,49
226,50
226,53
225,54
225,55
223,57
221,57
220,58
215,58
214,59
212,59
211,60
210,60
209,61
208,61
207,62
206,62
205,63
204,63
203,64
201,64
198,67
198,68
196,70
196,71
193,74
182,74
181,75
179,75
178,76
177,76
175,78
174,78
174,79
171,82
171,83
170,84
170,87
169,88
169,92
168,93
169,94
169,102
170,103
170,108
169,109
166,109
165,108
164,109
162,109
161,110
160,110
157,113
157,114
156,115
156,116
153,119
153,120
152,121
152,122
151,123
151,131
150,132
149,132
148,133
147,133
145,135
144,135
142,137
142,138
140,140
140,141
139,142
139,143
138,144
138,147
137,148
137,149
138,150
138,152
139,153
139,154
143,158
143,162
144,163
144,166
145,167
145,168
147,170
151,170
152,169
152,168
153,167
153,166
155,164
162,164
165,161
166,161
167,162
169,162
170,163
172,163
176,167
182,167
182,165
183,164
183,161
184,160
184,159
185,158
186,159
188,159
190,161
190,165
189,166
189,168
188,169
188,171
187,172
187,175
186,176
186,179
185,180
185,184
184,185
184,189
183,190
183,199
182,200
183,201
183,208
184,209
184,211
185,212
185,213
186,214
186,215
188,217
188,218
189,219
189,220
192,223
192,224
193,225
193,228
194,229
194,230
196,232
196,233
197,233
199,235
200,235
201,236
203,236
204,237
209,237
210,238
227,238
228,237
230,237
231,236
236,236
237,235
238,235
242,231
243,231
244,230
246,230
247,229
247,225
246,224
246,222
243,219
243,217
242,216
243,215
243,214
245,212
246,212
247,211
249,211
250,210
251,210
252,209
253,209
253,202
252,201
252,198
251,197
251,193
253,191
259,191
260,192
268,192
269,191
270,191
271,190
276,190
277,189
278,189
279,190
279,197
278,198
278,199
276,201
276,202
275,203
275,205
271,209
270,209
266,213
266,214
264,216
264,217
259,222
258,222
252,228
252,229
248,233
247,233
244,236
243,236
239,240
239,241
238,242
238,243
237,244
237,245
236,246
236,247
227,256
227,257
224,260
224,261
223,262
223,264
222,265
222,266
221,267
221,268
217,272
217,273
215,275
215,276
214,277
214,278
212,280
212,282
211,283
211,287
209,289
209,290
208,291
208,292
207,293
207,294
206,295
206,297
205,298
205,299
204,300
204,302
203,303
203,322
202,323
202,328
201,329
201,330
202,331
202,334
203,335
203,336
204,337
204,338
205,339
205,344
203,346
202,346
200,348
199,348
196,351
195,351
190,356
189,356
188,357
187,357
186,358
183,358
182,357
181,357
179,355
178,355
177,354
176,354
175,353
174,353
171,350
170,350
168,348
167,348
166,347
165,347
164,346
163,346
162,345
160,345
159,344
157,344
156,343
154,343
151,340
150,340
146,336
146,334
145,333
145,323
146,322
146,319
147,318
147,317
148,316
148,315
149,314
149,312
150,311
150,309
151,308
151,307
152,306
152,305
153,304
153,303
154,302
154,300
155,299
155,284
154,283
154,282
152,282
151,281
149,281
147,279
147,277
146,276
146,274
145,273
145,271
144,270
144,269
143,268
143,267
142,266
142,265
141,264
141,263
135,257
134,257
132,255
131,255
130,254
129,254
127,252
126,252
125,251
123,251
122,250
121,250
120,249
117,249
116,248
99,248
98,249
95,249
94,250
93,250
92,251
90,251
89,252
88,252
87,253
86,253
85,254
84,254
81,257
80,257
79,258
75,258
74,259
71,259
70,260
69,260
68,261
67,261
66,262
66,263
65,264
65,265
64,266
64,269
63,270
63,274
62,275
62,278
61,279
61,281
59,283
59,285
58,286
58,289
57,290
57,291
58,292
58,297
59,298
59,301
60,302
60,304
61,305
61,307
62,308
62,309
63,310
63,311
64,312
64,313
66,315
66,316
73,323
73,325
74,326
74,327
76,329
76,330
81,335
82,335
84,337
86,337
88,339
90,339
92,341
94,341
95,342
97,342
98,343
99,343
105,349
106,349
116,359
116,360
118,362
118,363
120,365
120,366
125,371
125,372
137,384
137,385
145,393
146,393
148,395
149,395
150,396
151,396
152,397
153,397
155,399
156,399
158,401
159,401
164,406
164,408
165,409
165,410
167,412
167,413
169,415
178,415
179,414
181,414
182,413
184,413
187,410
187,409
191,405
192,405
193,404
194,404
195,403
197,403
198,402
199,402
200,401
201,401
202,400
203,400
204,399
206,399
207,398
208,398
209,397
211,397
212,396
214,396
215,395
216,395
217,394
218,394
220,392
222,392
223,391
224,391
225,390
226,390
227,389
229,389
230,388
234,388
235,389
237,389
240,392
241,392
244,395
245,395
246,396
247,396
248,397
250,397
251,398
258,398
259,399
262,399
263,400
265,400
266,401
268,401
269,402
283,402
284,401
287,401
288,402
302,402
303,401
305,401
306,400
307,400
308,399
314,399
315,398
319,398
320,397
321,397
322,396
323,396
324,395
325,395
327,393
329,393
330,392
332,392
333,391
335,391
337,389
338,389
339,388
340,388
346,382
346,381
348,379
348,378
350,376
350,375
354,371
354,370
356,368
356,366
357,365
357,364
358,363
358,361
360,359
364,359
365,360
366,360
367,361
369,361
370,362
372,362
376,366
376,369
375,370
375,371
374,372
374,374
373,375
373,376
368,381
368,382
366,384
366,385
365,386
365,387
364,388
364,390
363,391
363,392
362,393
362,394
359,397
358,397
356,399
353,399
352,400
350,400
349,401
343,401
342,402
340,402
339,403
338,403
337,404
336,404
335,405
334,405
333,406
332,406
332,407
331,408
331,410
330,411
330,415
331,416
331,418
333,420
343,420
344,421
347,421
348,422
351,422
352,423
354,423
355,424
371,424
372,423
375,423
376,422
378,422
379,421
383,421
384,422
385,422
387,424
387,425
388,426
401,426
402,425
408,425
409,424
412,424
413,423
415,423
415,422
418,419
418,418
419,417
419,382
420,381
420,380
422,378
425,378
426,377
427,377
428,378
431,378
432,379
446,379
447,378
450,378
451,377
454,377
455,378
463,378
464,377
466,377
467,376
468,376
469,375
470,375
471,374
472,374
473,373
474,373
475,372
478,372
479,371
484,371
485,372
486,372
487,373
487,374
488,375
488,378
489,379
489,381
490,382
490,383
491,384
491,385
492,386
494,386
495,387
497,387
498,388
499,388
503,392
503,397
502,398
503,399
503,401
504,402
542,402
543,401
544,402
551,402
552,401
554,401
555,400
556,400
557,399
558,399
558,392
555,389
554,389
553,388
552,388
550,386
549,386
548,385
547,385
546,384
544,384
543,383
541,383
540,382
537,382
536,381
531,381
530,380
529,380
528,379
527,379
523,375
523,374
522,373
522,370
521,369
522,368
522,367
524,365
526,365
527,364
528,364
529,363
530,363
531,362
533,362
534,361
535,361
536,360
537,360
543,354
543,353
544,352
544,350
545,349
545,348
546,347
546,344
547,343
547,337
546,336
546,328
547,327
547,326
548,325
548,324
549,323
549,322
550,321
550,319
551,318
551,316
552,315
552,313
553,312
553,311
557,307
557,306
558,305
558,303
559,302
559,287
560,286
560,284
561,283
561,282
562,281
562,260
561,259
561,240
560,239
560,237
559,236
559,233
558,232
558,229
559,228
559,223
558,222
558,220
557,219
557,217
556,216
556,215
555,214
555,213
554,212
554,211
553,210
553,209
552,208
552,207
551,206
551,205
550,204
550,202
549,201
549,197
548,196
548,195
547,194
547,193
546,192
546,191
543,188
543,187
531,175
531,174
530,173
530,172
522,164
521,164
519,162
518,162
516,160
515,160
513,158
512,158
507,153
506,153
505,152
504,152
503,151
502,151
501,150
500,150
499,149
496,149
495,148
490,148
489,147
487,147
485,145
484,145
483,144
482,144
480,142
479,142
478,141
475,141
474,140
471,140
470,139
467,139
466,138
458,138
457,137
454,137
453,136
418,136
417,137
412,137
411,138
407,138
406,139
403,139
402,140
400,140
399,141
397,141
396,142
394,142
393,143
388,143
386,141
384,141
383,140
382,140
381,141
379,141
378,142
377,142
377,143
376,144
376,145
373,148
372,148
370,146
370,145
369,144
369,142
368,142
367,141
363,141
362,142
361,142
359,144
359,145
358,146
358,147
357,148
357,151
356,152
356,154
355,155
354,155
351,152
351,151
350,150
350,149
348,147
343,147
342,148
341,148
339,150
339,151
338,152
338,155
337,156
337,158
336,159
335,159
333,157
333,156
332,155
332,154
331,153
330,153
328,151
328,150
331,147
333,147
334,146
335,146
335,141
334,141
331,138
332,137
333,137
334,136
338,136
338,131
337,130
337,129
334,126
333,126
330,123
330,122
329,121
329,119
328,118
328,116
327,115
327,111
326,110
326,109
324,107
323,107
321,105
320,105
319,104
318,104
317,103
316,103
314,101
314,100
313,99
313,97
312,96
311,96
308,93
308,90
309,89
309,87
310,86
310,83
309,82
307,82
306,81
292,81
289,78
289,75
288,74
288,71
287,70
287,68
288,67
288,66
290,64
291,64
292,63
294,63
295,62
298,62
299,61
301,61
302,60
305,60
306,59
309,59
310,58
320,58
321,59
323,59
324,60
325,60
326,61
327,61
328,62
332,62
333,61
333,55
332,54
332,53
331,52
331,49
330,48
330,47
331,46
331,43
332,42
332,41
333,40
333,39
334,38
334,37
335,36
335,33
336,32
336,19
335,18
335,16
333,14
333,13
329,13
