1116
319,29
318,30
317,30
316,31
315,31
314,32
313,32
312,33
311,33
310,34
309,34
308,35
307,35
304,38
302,38
301,39
300,39
300,40
290,50
289,50
288,51
288,52
287,53
287,54
283,58
283,59
281,61
281,62
280,63
280,64
279,65
279,66
278,67
278,68
277,69
277,70
276,71
276,73
275,74
275,76
274,77
274,78
273,79
273,80
272,81
272,83
271,84
271,113
272,114
272,116
273,117
273,118
274,119
274,120
276,122
276,124
277,125
277,126
278,127
278,128
285,135
286,135
287,136
288,136
289,137
291,137
292,138
294,138
295,139
297,139
298,140
300,140
301,141
302,141
303,142
306,142
307,143
309,143
311,145
312,145
313,146
320,146
321,147
327,147
328,148
330,148
331,149
333,149
334,150
336,150
337,151
339,151
340,152
342,152
343,153
356,153
357,154
363,154
364,155
365,155
368,158
371,158
372,159
378,159
379,160
381,160
383,162
384,162
385,163
386,163
387,164
388,164
389,165
390,165
391,166
393,166
394,167
395,167
397,169
398,169
399,170
400,170
401,171
403,171
404,172
405,172
408,175
408,176
411,179
412,179
415,182
415,183
416,184
417,184
420,187
420,188
423,191
423,192
427,196
427,198
428,199
428,200
429,201
429,202
435,208
435,209
437,211
437,212
438,213
438,214
439,215
439,230
434,235
433,235
431,237
413,237
412,236
407,236
404,233
403,233
401,231
400,231
399,230
398,230
397,229
396,229
395,228
394,228
393,227
392,227
391,226
390,226
389,225
386,225
385,224
383,224
382,223
381,223
380,222
379,222
378,221
376,221
375,220
359,220
358,219
357,219
356,218
353,218
352,217
341,217
340,218
327,218
326,219
324,219
323,220
312,220
311,219
311,218
310,217
310,216
311,215
311,213
312,212
312,210
313,209
313,206
314,205
314,203
315,202
315,183
314,182
314,181
313,180
313,179
305,171
304,171
303,170
302,170
299,167
298,167
297,166
295,166
294,165
290,165
286,161
285,161
283,159
282,159
281,158
278,158
277,157
274,157
273,158
253,158
252,159
250,159
249,160
248,160
247,161
246,161
244,163
243,163
242,164
241,164
239,166
239,167
234,172
233,172
230,175
229,175
227,177
226,177
225,178
225,179
224,180
224,182
223,183
223,188
222,189
222,190
221,191
221,193
220,194
220,199
219,200
219,201
218,202
218,203
217,204
217,206
216,207
216,217
217,218
217,220
218,221
218,226
219,227
219,229
220,230
220,231
223,234
223,255
224,256
224,258
225,259
225,262
208,279
208,280
207,281
207,282
206,283
206,284
204,286
204,287
202,289
202,290
194,298
194,299
193,300
193,301
186,308
186,309
185,310
185,311
182,314
181,314
180,315
180,316
177,319
176,319
175,320
175,321
170,326
169,326
167,328
166,328
162,332
161,332
160,333
159,333
155,337
154,337
153,338
150,338
149,339
147,339
146,340
144,340
143,341
142,341
141,342
139,342
138,343
136,343
135,344
134,344
133,345
130,345
129,346
127,346
126,347
125,347
124,348
123,348
122,349
121,349
120,350
118,350
117,351
115,351
114,352
112,352
111,353
110,353
109,354
104,354
103,355
100,355
99,356
98,356
97,357
90,357
89,358
87,358
86,359
64,359
63,358
62,358
57,353
57,352
56,351
56,349
54,347
54,346
53,345
53,344
52,343
52,342
51,341
51,340
50,339
48,339
47,338
43,338
42,337
41,338
38,338
37,339
36,339
36,340
33,343
32,343
30,345
29,345
28,346
27,346
26,347
25,347
20,352
20,353
19,354
19,357
18,358
18,359
19,360
19,373
20,374
20,376
21,377
21,378
24,381
24,385
25,386
25,388
26,389
26,390
34,398
36,398
37,399
44,399
45,400
47,400
48,401
54,401
55,402
57,402
58,403
81,403
82,402
84,402
85,401
95,401
96,400
98,400
99,399
117,399
118,398
122,398
125,395
127,395
128,394
143,394
144,393
146,393
147,392
153,392
154,391
157,391
158,390
159,390
160,389
162,389
163,388
164,388
165,387
167,387
168,386
172,386
177,381
179,381
180,380
183,380
187,376
189,376
190,375
192,375
194,373
194,372
197,369
198,369
199,368
201,368
201,367
204,364
205,364
209,360
210,360
221,349
222,349
223,348
224,348
228,344
230,344
230,343
233,340
234,340
237,337
237,336
240,333
241,333
243,331
246,331
248,333
249,333
251,335
251,336
252,337
252,340
253,341
253,343
254,344
254,345
259,350
259,351
263,355
263,356
267,360
267,361
268,362
268,363
271,366
271,367
272,368
272,369
273,369
276,372
276,377
272,381
272,382
271,383
271,385
270,386
270,387
268,389
268,390
267,391
267,392
266,393
266,395
265,396
265,398
264,399
264,401
263,402
257,402
256,403
253,403
252,404
251,404
244,411
243,411
242,412
241,412
239,414
238,414
237,415
233,415
232,416
230,416
229,417
228,417
224,421
222,421
221,422
218,422
217,423
216,423
216,424
213,427
211,427
210,428
209,428
208,429
204,429
203,430
201,430
200,431
199,431
198,432
197,432
196,433
195,433
194,434
193,434
192,435
192,436
190,438
188,438
187,439
184,439
183,440
182,440
180,442
179,442
178,443
171,443
170,444
168,444
167,445
161,445
160,444
158,444
157,443
155,443
153,441
152,441
151,440
150,440
149,439
146,439
145,438
132,438
131,439
128,439
127,440
126,440
125,441
123,441
122,442
120,442
119,443
118,443
117,444
116,444
115,445
111,445
110,446
106,446
105,447
103,447
102,448
101,448
98,451
97,451
97,452
96,453
96,460
97,461
97,463
98,464
98,469
99,470
99,472
100,473
100,474
101,475
102,475
103,476
105,476
107,478
107,479
108,480
108,482
109,483
109,484
110,484
113,487
121,487
122,486
125,489
126,489
127,490
136,490
137,489
139,489
140,488
150,488
151,487
152,487
155,484
156,484
157,483
163,483
165,481
167,481
168,480
176,480
177,479
179,479
180,478
194,478
195,477
197,477
198,476
201,476
203,474
204,474
205,473
218,473
219,472
220,472
221,471
222,471
223,470
224,470
225,469
227,469
228,468
232,468
233,467
234,467
235,466
237,466
238,465
239,465
240,464
241,464
242,463
244,463
245,462
246,462
247,461
248,461
249,460
251,460
252,459
256,459
257,458
258,458
259,457
260,457
262,455
263,455
264,454
265,454
266,453
268,453
269,452
271,452
277,446
278,446
283,441
284,441
285,440
286,440
300,426
301,426
302,425
304,425
305,424
306,424
307,423
308,423
309,422
311,422
312,421
313,421
314,420
316,420
319,417
320,417
321,416
323,416
324,415
325,415
332,408
332,392
333,391
333,389
334,388
334,386
335,385
335,384
336,383
336,382
337,381
337,377
338,376
338,374
339,373
339,367
340,366
340,364
341,363
341,350
340,349
340,347
339,346
340,345
340,343
341,342
341,334
342,333
342,331
346,327
348,327
349,326
352,326
353,325
354,325
355,324
357,324
360,321
361,321
363,319
364,319
365,318
366,318
367,317
369,317
370,316
371,316
373,314
374,314
375,313
376,313
377,312
379,312
380,311
381,312
382,312
383,313
383,323
384,324
384,337
385,338
385,340
386,341
386,347
387,348
387,350
388,351
388,353
389,354
389,355
390,356
390,357
391,358
391,382
392,383
392,385
393,386
393,388
394,389
394,391
395,392
395,393
396,394
396,397
397,398
397,400
398,401
398,402
406,410
408,410
409,411
427,411
428,410
431,410
432,409
433,409
434,408
436,408
437,407
439,407
440,406
443,406
444,405
446,405
447,404
450,404
451,405
452,405
455,408
455,421
446,430
445,430
441,434
440,434
439,435
439,436
435,440
435,441
434,442
434,443
433,444
433,446
432,447
432,448
433,449
433,451
435,453
436,453
437,454
439,454
440,455
441,455
442,456
457,456
458,457
460,457
461,458
477,458
478,457
480,457
481,456
488,456
492,452
493,452
493,432
494,431
494,429
495,428
495,399
494,398
494,396
493,395
493,391
492,390
492,384
491,383
491,382
490,381
490,380
488,378
488,377
487,376
487,375
486,374
485,374
482,371
482,370
480,368
479,368
478,367
475,367
474,366
472,366
470,364
469,364
468,363
466,363
465,362
460,362
459,361
443,361
441,359
441,357
440,356
441,355
441,353
442,352
442,348
443,347
443,345
444,344
444,339
445,338
445,299
444,298
444,296
443,295
443,293
442,292
442,291
443,290
443,288
447,284
449,284
450,283
452,283
453,282
454,282
456,280
457,280
458,279
459,279
460,278
462,278
469,271
469,270
470,269
470,268
471,267
471,266
472,265
472,264
475,261
476,261
476,255
477,254
477,252
479,250
479,249
480,248
480,213
479,212
479,210
478,209
478,207
477,206
477,205
475,203
475,195
474,194
474,192
473,191
473,189
470,186
470,184
469,183
469,181
462,174
462,173
461,172
461,170
458,167
458,166
457,165
456,165
453,162
453,161
450,158
449,158
446,155
446,154
445,153
444,153
441,150
441,149
440,148
439,148
438,147
436,147
435,146
434,146
433,145
432,145
428,141
427,141
426,140
425,140
421,136
420,136
419,135
418,135
417,134
415,134
412,131
411,131
409,129
408,129
407,128
406,128
405,127
403,127
402,126
400,126
399,125
398,125
397,124
396,124
395,123
393,123
392,122
388,122
387,121
384,121
383,120
381,120
380,119
375,119
374,118
372,118
371,117
369,117
368,116
367,116
366,115
364,115
363,114
360,114
359,113
357,113
356,112
349,112
348,111
346,111
345,110
336,110
335,109
319,109
318,108
316,108
315,107
313,107
306,100
306,98
305,97
305,94
306,93
306,91
307,90
307,84
308,83
308,81
309,80
309,79
311,77
311,76
320,67
320,66
321,65
321,64
322,63
322,62
325,59
325,57
326,56
326,55
328,53
328,52
332,48
332,47
333,46
333,45
334,44
334,34
332,32
331,32
330,31
328,31
327,30
325,30
324,29
319,29
