978
44,85
43,86
41,86
41,88
40,89
40,92
41,93
41,95
42,96
42,97
43,98
43,99
44,100
44,101
45,102
45,103
46,104
46,105
47,106
47,107
49,109
49,110
50,111
50,112
59,121
59,122
60,123
60,124
61,125
61,126
62,127
62,131
63,132
63,134
68,139
68,140
70,142
70,143
82,155
83,155
85,157
86,157
87,158
88,158
90,160
91,160
101,170
102,170
105,173
106,173
109,176
110,176
112,178
113,178
114,179
115,179
120,184
121,184
124,187
125,187
126,188
127,188
129,190
130,190
133,193
137,193
138,194
140,194
141,195
142,195
143,196
144,196
145,197
146,197
148,199
149,199
152,202
153,202
157,206
159,206
160,207
162,207
163,208
164,208
165,209
166,209
167,210
169,210
170,211
172,211
173,212
175,212
176,213
187,213
188,214
190,214
191,215
192,215
193,216
194,216
199,221
199,222
200,223
200,224
201,225
201,227
202,228
202,230
203,231
203,233
204,234
204,236
205,237
205,239
206,240
206,241
207,242
207,243
208,244
208,248
209,249
209,251
210,252
210,253
211,254
211,255
212,256
212,257
213,258
213,259
214,260
214,261
215,262
215,263
216,264
216,265
218,267
218,268
219,269
219,270
220,271
220,279
219,280
219,281
218,282
218,284
217,285
217,286
216,287
216,288
215,289
215,290
214,291
214,292
212,294
212,295
211,296
211,297
210,298
210,299
209,300
209,301
208,302
208,304
207,305
207,309
208,310
208,312
209,313
209,314
210,315
210,316
211,317
211,319
212,320
212,322
213,323
213,324
214,325
214,326
215,327
215,328
216,329
216,330
217,331
217,333
218,334
218,335
220,337
220,338
221,339
221,340
222,341
222,342
223,343
223,344
224,345
224,346
227,349
227,350
229,352
229,353
232,356
232,357
233,358
233,359
234,360
234,361
244,371
262,371
263,370
264,370
265,369
267,369
268,368
269,368
270,367
270,359
267,356
266,356
265,355
263,355
262,354
261,354
260,353
259,353
258,352
257,352
252,347
252,346
249,343
249,342
248,341
248,340
247,339
247,338
245,336
245,335
240,330
240,329
239,328
239,327
238,326
238,322
241,319
242,319
243,318
244,318
245,317
248,317
249,318
250,318
251,319
252,319
254,321
255,321
256,322
257,322
258,323
259,323
262,326
262,327
266,331
267,331
268,332
269,332
277,340
278,340
281,343
284,343
285,344
287,344
288,345
289,345
290,346
291,346
292,347
293,347
295,349
310,349
311,348
313,348
313,336
311,334
311,333
309,333
308,332
296,332
295,331
294,331
290,327
290,326
287,323
286,323
284,321
283,321
276,314
276,313
275,312
275,308
278,305
279,305
281,303
282,303
283,302
284,302
285,301
286,301
287,300
289,300
290,299
292,299
296,295
297,295
299,293
300,293
301,292
302,292
303,291
304,291
305,290
306,290
307,289
308,289
318,279
319,279
320,278
321,278
322,277
323,277
324,276
326,276
327,275
329,275
330,274
333,274
334,273
354,273
355,272
369,272
370,273
372,273
373,274
374,274
375,275
376,275
382,281
382,282
385,285
385,286
386,287
386,288
387,289
387,290
388,291
388,292
389,293
389,294
390,295
390,296
391,297
391,298
392,299
392,302
393,303
393,306
394,307
394,309
395,310
395,311
397,313
397,314
398,315
398,316
399,317
399,319
400,320
400,324
401,325
401,327
402,328
402,329
403,330
403,331
404,332
404,333
405,334
405,341
406,342
406,345
407,346
407,348
408,349
408,351
409,352
409,355
410,356
410,359
411,360
411,362
412,363
412,364
413,365
413,366
414,367
414,368
415,369
415,370
416,371
416,372
417,373
417,375
418,376
418,379
419,380
419,382
420,383
420,384
421,385
421,386
427,392
452,392
452,381
448,377
447,377
446,376
445,376
440,371
440,370
439,369
439,368
438,367
438,366
437,365
437,363
436,362
436,360
435,359
435,358
434,357
434,356
433,355
433,354
432,353
432,350
431,349
431,343
430,342
430,341
429,340
429,339
428,338
428,335
427,334
427,331
426,330
426,327
425,326
425,321
424,320
424,317
423,316
423,309
422,308
422,297
423,296
423,294
426,291
430,291
436,297
436,298
438,300
438,301
440,303
440,304
441,305
441,306
442,307
442,308
443,309
443,310
444,311
444,312
445,313
445,314
446,315
446,316
449,319
449,320
451,322
451,323
453,325
453,326
454,327
454,328
455,329
455,330
456,331
456,332
457,333
457,334
458,335
458,336
459,337
459,338
460,339
460,340
461,341
461,342
462,343
462,344
463,345
463,346
464,347
464,348
465,349
465,350
467,352
467,353
469,355
469,356
470,357
470,358
472,360
472,361
475,364
475,365
476,366
476,367
477,368
477,369
478,370
478,371
483,376
483,377
485,379
485,380
486,381
486,382
487,383
487,384
488,385
488,386
492,390
495,390
496,391
499,391
500,392
517,392
519,390
519,379
518,378
517,378
516,377
515,377
514,376
513,376
512,375
511,375
510,374
509,374
508,373
507,373
506,372
505,372
501,368
501,367
500,367
499,366
498,366
494,362
494,361
493,360
493,359
492,358
492,357
491,356
491,354
490,353
490,351
489,350
489,348
488,347
488,346
487,345
487,344
486,343
486,340
485,339
485,334
484,333
484,331
483,330
483,328
482,327
482,325
481,324
481,321
480,320
480,318
479,317
479,316
478,315
478,314
477,313
477,311
476,310
476,304
475,303
475,301
474,300
474,299
473,298
473,296
472,295
472,287
473,286
473,283
474,282
474,280
475,279
475,278
476,277
476,275
477,274
477,272
478,271
478,270
479,269
479,267
480,266
480,263
481,262
481,261
482,260
482,259
483,258
483,253
484,252
484,249
485,248
485,243
486,242
486,239
487,238
487,231
488,230
488,227
489,226
489,225
490,224
490,223
491,222
491,221
492,220
492,219
497,214
498,214
499,213
500,213
501,212
504,212
505,213
507,213
508,214
511,214
512,215
530,215
531,214
532,214
534,212
535,212
540,207
540,206
541,205
541,194
540,193
540,188
541,187
541,185
542,184
542,182
543,181
543,161
542,160
542,159
541,158
541,157
540,156
540,155
539,154
539,152
538,151
538,147
537,146
537,145
536,144
536,142
535,141
536,140
536,138
537,137
537,136
538,135
538,134
550,122
550,119
549,119
548,118
545,118
544,119
542,119
541,120
539,120
538,121
535,121
534,122
532,122
531,123
530,123
528,125
527,125
526,126
525,126
524,127
521,127
520,126
519,126
518,125
516,125
515,124
505,124
504,125
502,125
501,126
500,126
498,128
497,128
496,129
495,129
494,130
493,130
492,131
490,131
489,132
487,132
486,133
483,133
482,134
480,134
479,135
478,135
477,136
476,136
475,137
474,137
470,141
469,141
466,144
465,144
462,147
461,147
459,149
458,149
456,151
455,151
454,152
453,152
452,153
451,153
450,154
448,154
447,155
445,155
444,156
441,156
440,157
439,157
438,158
437,158
436,159
434,159
433,160
413,160
412,159
410,159
409,158
408,158
407,157
406,157
405,156
404,156
403,155
402,155
401,154
400,154
399,153
397,153
396,152
393,152
392,151
389,151
388,150
384,150
383,149
382,149
381,148
380,148
379,147
377,147
376,146
372,146
371,145
365,145
364,144
361,144
360,143
358,143
357,142
355,142
354,141
340,141
339,142
336,142
335,143
326,143
325,142
323,142
322,141
309,141
308,140
306,140
305,139
290,139
289,140
286,140
285,141
280,141
279,142
277,142
276,143
275,143
274,144
273,144
272,145
262,145
261,146
258,146
257,147
255,147
254,148
252,148
251,149
249,149
248,150
247,150
246,151
245,151
245,152
242,155
241,155
240,156
238,156
237,157
236,157
235,158
234,158
233,159
232,159
225,166
224,166
222,168
221,168
220,169
219,169
218,170
217,170
216,171
215,171
214,172
213,172
205,180
204,180
201,183
200,183
199,184
198,184
197,185
196,185
195,186
187,186
186,185
184,185
183,184
174,184
173,183
171,183
170,182
166,182
165,181
164,181
163,180
161,180
160,179
159,179
158,178
157,178
155,176
154,176
153,175
151,175
150,174
149,174
148,173
147,173
146,172
145,172
144,171
143,171
142,170
141,170
138,167
138,166
135,163
134,163
132,161
131,161
130,160
128,160
127,159
126,159
125,158
124,158
123,157
122,157
120,155
119,155
118,154
117,154
115,152
114,152
112,150
111,150
106,145
105,145
102,142
101,142
100,141
99,141
93,135
92,135
91,134
90,134
83,127
82,127
78,123
78,122
70,114
70,113
68,111
68,110
67,109
67,108
66,107
66,106
64,104
64,103
58,97
58,96
57,95
57,94
55,92
55,91
51,87
50,87
49,86
46,86
45,85
