945
96,107
95,108
93,108
91,110
88,110
87,109
86,109
85,110
83,110
83,111
82,112
82,113
81,114
81,117
80,118
80,124
78,126
77,126
76,127
75,127
72,130
72,131
71,132
71,134
70,135
70,141
67,144
66,144
65,145
64,145
64,146
61,149
61,150
60,151
60,153
59,154
59,155
57,157
57,158
56,159
56,160
55,161
55,162
54,163
54,165
53,166
53,167
52,168
52,170
51,171
51,174
50,175
50,178
49,179
49,180
46,183
46,184
45,185
45,186
44,187
44,188
43,189
43,192
42,193
42,198
41,199
41,200
40,201
40,203
39,204
39,206
38,207
38,208
37,209
37,211
36,212
36,213
35,214
35,217
34,218
34,219
35,220
35,223
36,224
36,226
37,227
37,229
38,230
38,231
39,232
39,233
41,235
51,235
52,236
55,236
56,237
58,237
59,238
68,238
70,236
71,236
72,235
74,235
75,234
75,233
76,232
76,231
77,230
77,229
78,228
78,227
81,224
83,224
84,223
86,223
87,222
89,222
90,221
91,221
93,219
94,219
98,215
100,215
101,214
104,214
105,213
107,213
108,212
110,212
111,211
112,211
113,210
115,210
116,209
118,209
119,208
122,208
123,207
124,207
125,208
126,208
127,209
127,213
128,214
128,217
129,218
129,221
130,222
130,225
131,226
131,229
132,230
132,232
133,233
133,235
134,236
134,237
135,238
135,239
136,240
136,241
137,242
137,243
138,244
138,245
139,246
139,247
142,250
142,251
143,252
143,253
144,254
144,255
145,256
145,258
144,259
144,260
143,261
143,263
140,266
140,267
139,268
139,275
140,276
140,277
142,279
142,290
143,291
143,294
144,295
144,298
145,299
145,300
146,301
146,302
148,304
148,305
149,306
149,307
150,308
150,310
151,311
151,316
152,317
152,320
153,321
153,323
154,324
154,325
155,326
155,329
156,330
156,333
157,334
157,335
160,338
160,339
161,340
161,341
166,346
166,349
167,350
167,353
168,354
168,357
169,358
169,361
170,362
170,365
171,366
171,372
172,373
172,376
173,377
173,379
174,380
174,383
175,384
175,392
176,393
176,409
177,410
177,413
178,414
178,416
179,417
179,418
180,419
180,421
181,422
181,424
182,425
182,428
183,429
183,431
184,432
184,434
185,435
185,437
186,438
186,448
187,449
187,452
188,453
188,466
187,467
187,470
186,471
186,477
185,478
185,486
184,487
184,488
183,489
183,490
173,500
173,501
172,502
172,503
170,505
170,506
168,508
168,509
167,510
167,511
166,512
166,515
165,516
166,517
166,519
167,520
167,521
174,521
175,522
178,522
179,523
185,523
186,522
189,522
190,521
203,521
204,520
206,520
207,519
210,519
211,518
216,518
217,517
220,517
221,516
226,516
227,515
227,503
226,502
226,499
225,498
225,496
226,495
226,493
237,482
237,472
236,471
236,468
235,467
235,462
234,461
234,460
233,459
233,458
232,457
232,455
231,454
231,451
230,450
230,416
231,415
231,412
232,411
232,368
233,367
233,364
234,363
234,357
235,356
235,350
236,349
236,347
238,345
239,345
240,344
257,344
258,345
261,345
262,346
283,346
284,347
297,347
298,346
304,346
305,345
308,345
309,344
319,344
320,343
324,343
325,342
326,342
328,340
331,340
332,339
335,339
336,338
344,338
345,337
348,337
349,336
355,336
356,337
357,337
361,341
361,342
366,347
366,348
369,351
369,352
370,353
370,354
371,355
371,356
373,358
373,359
375,361
375,362
386,373
387,373
389,375
390,375
396,381
396,382
398,384
398,385
401,388
401,389
403,391
403,392
406,395
406,396
407,397
407,400
408,401
408,433
407,434
407,435
406,436
406,438
405,439
405,441
404,442
404,444
403,445
403,447
400,450
400,451
399,452
399,453
398,454
398,455
397,456
397,458
396,459
396,460
394,462
394,463
393,464
393,465
389,469
389,470
388,471
388,472
387,473
387,474
386,475
386,476
372,490
372,491
371,492
371,499
372,500
372,501
373,502
373,503
375,505
377,505
378,506
401,506
402,505
403,505
404,504
404,499
405,498
405,495
407,493
407,492
409,490
409,489
418,480
419,480
420,479
421,479
422,478
423,478
428,473
428,449
429,448
429,445
430,444
430,442
431,441
431,439
432,438
432,436
433,435
433,433
434,432
434,430
435,429
435,427
436,426
436,424
437,423
437,422
438,421
438,419
439,418
439,416
440,415
440,412
442,410
442,409
444,407
444,395
443,394
443,392
442,391
442,390
441,389
441,388
442,387
446,391
446,392
447,393
447,395
448,396
448,397
451,400
451,401
452,402
452,404
453,405
453,406
455,408
455,409
457,411
457,412
458,413
458,414
459,415
459,416
460,417
460,418
461,419
461,420
463,422
463,425
464,426
464,429
465,430
465,443
466,444
466,469
465,470
465,472
464,473
464,474
462,476
462,477
461,478
461,480
460,481
460,482
459,483
459,484
458,485
458,486
457,487
457,489
456,490
456,491
455,492
455,493
453,495
453,496
450,499
450,500
448,502
448,503
447,504
447,505
446,506
446,513
447,514
447,515
452,520
482,520
482,519
484,517
484,516
486,514
486,510
487,509
487,502
488,501
488,500
490,498
491,498
492,497
494,497
497,494
497,492
498,491
498,490
499,489
499,482
498,481
498,478
497,477
497,464
496,463
496,462
495,461
495,458
494,457
494,455
493,454
493,451
492,450
492,446
491,445
491,387
487,383
487,382
486,381
485,381
482,378
482,376
479,373
479,372
478,371
478,369
477,368
477,366
474,363
474,361
473,360
473,359
472,358
472,356
469,353
469,352
468,351
468,350
467,349
467,344
468,343
468,341
469,340
469,339
471,337
471,336
472,335
472,332
473,331
474,331
475,332
475,334
474,335
474,337
473,338
473,339
474,340
474,343
475,344
475,349
476,350
476,353
477,354
477,355
479,357
479,358
480,359
480,360
481,361
481,362
482,363
482,365
483,366
483,367
484,368
484,369
485,370
485,371
486,372
486,373
487,374
487,375
488,375
492,379
492,381
493,382
493,384
494,385
494,386
495,387
495,388
497,390
497,391
498,392
498,393
499,394
499,395
500,396
500,398
501,399
501,402
502,403
502,404
510,404
510,394
509,393
509,392
511,390
512,391
512,392
514,394
522,394
522,384
521,383
521,380
520,379
520,376
519,375
519,371
518,370
518,367
517,366
517,362
516,361
516,358
515,357
515,336
514,335
514,333
515,332
515,265
514,264
514,260
513,259
513,258
512,257
512,256
511,255
511,253
510,252
510,250
509,249
509,248
508,247
508,246
506,244
506,243
504,241
504,240
503,239
503,238
499,234
499,233
495,229
494,229
493,228
492,228
491,227
490,227
487,224
486,224
485,223
484,223
483,222
481,222
480,221
479,221
478,220
477,220
476,219
474,219
473,218
470,218
469,217
466,217
465,216
455,216
453,214
452,214
451,213
450,213
448,211
447,211
445,209
444,209
443,208
442,208
441,207
440,207
439,206
438,206
437,205
436,205
435,204
433,204
432,203
429,203
428,202
425,202
424,201
414,201
413,200
410,200
409,199
408,200
405,200
404,201
399,201
398,202
381,202
380,203
377,203
376,204
371,204
370,205
367,205
366,206
363,206
362,207
359,207
358,208
357,208
356,209
341,209
340,210
337,210
336,211
333,211
332,212
318,212
317,213
314,213
313,214
292,214
291,213
288,213
287,212
270,212
269,211
263,211
262,210
261,210
260,209
259,209
258,208
257,208
256,207
254,207
252,205
251,205
250,204
249,204
248,203
247,203
246,202
245,202
241,198
240,198
239,197
238,197
233,192
232,192
230,190
229,190
228,189
227,189
225,187
224,187
222,185
221,185
220,184
219,184
217,182
216,182
215,181
214,181
213,180
212,180
208,176
207,176
190,159
190,158
189,157
188,157
187,156
186,156
185,155
184,155
182,153
181,153
178,150
177,150
176,149
174,149
173,148
172,148
170,146
169,146
168,145
167,145
166,144
165,144
164,143
163,143
162,142
161,142
159,140
158,140
157,139
154,139
153,138
151,138
150,137
149,137
148,136
147,136
146,135
143,135
142,134
140,134
139,133
138,133
137,132
134,132
133,131
129,131
128,130
126,130
125,129
122,129
121,128
119,128
118,127
117,127
116,126
115,126
114,125
113,125
112,124
110,124
109,123
108,123
105,120
105,118
104,117
104,115
103,114
103,112
99,108
98,108
97,107
96,107
