961
167,121
166,122
163,122
162,123
161,123
157,127
156,127
155,128
154,128
150,132
150,133
149,134
149,137
148,138
148,149
144,153
143,153
142,154
141,154
139,156
138,156
136,158
135,158
134,159
132,159
131,160
129,160
128,161
127,161
126,162
125,162
124,163
123,163
122,164
121,164
119,166
118,166
117,167
116,167
112,171
111,171
110,172
109,172
104,177
103,177
103,178
102,179
102,181
101,182
101,183
100,184
100,185
99,186
99,187
98,188
98,190
97,191
97,194
96,195
96,207
95,208
95,210
96,211
96,214
97,215
97,216
103,222
104,222
107,225
109,225
110,226
112,226
113,227
118,227
119,228
121,228
123,230
123,235
122,236
122,239
121,240
121,243
117,247
117,248
116,249
116,250
115,251
115,253
114,254
114,255
107,262
107,263
106,264
106,265
105,266
105,269
104,270
104,286
105,287
105,290
106,291
106,309
105,310
105,313
104,314
104,317
105,318
105,321
106,322
106,324
107,325
107,340
106,341
106,350
107,351
107,354
108,355
108,358
109,359
109,361
110,362
110,365
111,366
111,367
112,368
112,370
113,371
113,372
114,373
114,374
115,375
115,380
116,381
116,384
117,385
117,388
118,389
118,390
119,391
119,392
120,393
120,394
121,395
121,397
122,398
122,399
123,400
123,401
125,403
129,403
130,404
133,404
134,405
135,405
139,409
139,410
140,411
140,412
141,413
141,414
142,415
142,416
143,416
144,417
146,417
147,418
149,418
153,422
154,422
155,423
157,423
158,424
159,424
160,425
161,425
162,426
163,426
164,427
165,427
166,428
168,428
169,429
172,429
173,430
176,430
177,431
178,431
179,432
181,432
182,433
185,433
187,435
188,435
189,436
190,436
192,438
193,438
194,439
196,439
197,440
199,440
202,443
202,454
201,455
201,457
200,458
200,460
199,461
199,463
198,464
198,465
197,466
197,469
196,470
196,472
195,473
195,474
194,475
194,476
190,480
185,480
184,481
181,481
180,482
179,482
178,483
175,483
174,484
169,484
168,485
165,485
164,486
163,486
162,487
161,487
160,488
160,489
159,490
159,491
158,492
158,498
159,499
159,500
160,501
160,502
161,502
162,503
163,503
165,505
166,505
167,506
168,506
170,508
171,508
172,509
182,509
183,510
198,510
199,511
202,511
203,512
215,512
216,511
219,511
220,510
224,510
225,509
228,509
229,508
230,508
231,507
232,507
233,506
235,506
237,504
238,504
239,503
241,503
242,502
250,502
251,501
252,501
253,500
254,500
255,499
255,498
257,496
257,495
258,494
258,492
259,491
259,480
258,479
258,478
257,477
257,476
256,475
256,473
255,472
255,467
254,466
254,465
255,464
255,461
256,460
256,454
257,453
257,450
258,449
258,437
259,436
259,434
261,432
261,431
274,418
275,418
280,413
281,413
286,408
288,408
289,407
294,407
295,406
296,406
297,405
302,405
303,406
304,406
305,407
314,407
315,406
316,406
317,405
320,405
321,404
323,404
324,403
326,403
327,402
330,402
331,401
337,401
338,400
341,400
342,399
345,399
346,398
356,398
357,397
359,397
360,396
363,396
364,395
365,395
368,392
369,392
370,391
371,391
375,387
377,387
380,384
383,384
387,388
387,389
391,393
391,394
392,395
392,396
394,398
394,399
395,400
395,401
396,402
397,402
406,411
406,412
407,412
408,413
409,413
415,419
415,420
417,422
417,478
415,480
411,480
410,481
407,481
406,482
405,482
404,483
400,483
399,482
394,482
393,483
391,483
390,484
379,484
378,485
377,485
376,486
374,486
373,487
372,487
371,488
370,488
365,493
365,494
364,495
364,497
363,498
364,499
364,502
365,503
365,504
367,506
367,507
368,507
369,508
370,508
371,509
373,509
374,510
375,510
376,511
377,511
378,512
385,512
386,511
389,511
390,510
405,510
406,511
409,511
410,512
415,512
416,511
419,511
420,510
422,510
423,511
425,511
426,512
435,512
436,511
437,511
438,510
439,510
442,507
444,507
445,506
447,506
448,505
449,505
452,502
452,501
453,500
453,492
452,491
452,490
451,489
451,488
450,487
450,484
449,483
449,482
450,481
450,478
452,476
452,475
453,474
453,473
454,472
454,470
455,469
455,467
456,466
456,464
457,463
457,461
458,460
458,458
459,457
459,456
460,455
460,452
461,451
461,448
462,447
462,444
463,443
463,438
464,437
464,435
467,432
467,431
469,429
469,428
470,427
470,426
471,425
471,423
472,422
472,420
473,419
473,417
474,416
474,412
475,411
475,408
476,407
476,396
475,395
475,392
474,391
474,388
475,387
475,384
476,383
476,382
479,379
479,377
480,376
480,375
481,374
481,372
482,371
482,369
483,368
483,366
484,365
484,364
485,363
485,359
486,358
486,355
487,354
487,350
488,349
488,346
492,342
494,344
494,347
495,348
495,356
496,357
496,360
497,361
497,362
498,363
498,364
499,365
499,366
500,367
500,368
502,370
502,371
503,372
503,373
504,374
504,375
505,376
505,377
506,377
507,378
514,378
515,377
516,377
516,361
515,360
515,339
514,338
514,335
513,334
513,326
512,325
512,315
511,314
511,311
510,310
510,303
509,302
509,295
508,294
508,291
507,290
507,287
506,286
506,285
505,284
505,282
503,280
503,279
502,278
502,277
501,276
501,275
500,274
500,272
499,271
499,269
498,268
498,267
497,266
497,265
496,264
496,263
494,261
494,260
492,258
492,256
491,255
491,253
490,252
490,250
489,249
489,248
488,247
488,246
487,245
487,244
486,243
486,242
485,241
485,240
483,238
483,237
482,236
482,235
481,234
481,233
479,231
479,230
477,228
477,227
474,224
474,223
473,222
473,220
457,204
457,203
456,202
456,200
455,199
455,196
454,195
454,188
453,187
453,174
452,173
452,170
451,169
451,167
450,166
450,163
449,162
449,158
448,157
448,155
447,154
447,152
446,151
446,149
445,148
445,146
444,145
444,143
443,142
443,140
442,139
442,138
433,129
433,128
432,128
431,127
430,127
429,126
428,126
427,125
426,125
425,124
423,124
422,123
421,123
420,122
417,122
416,121
410,121
409,122
406,122
405,123
403,123
402,124
399,124
398,125
395,125
394,126
393,126
392,127
391,127
390,128
389,128
388,129
387,129
386,130
385,130
383,132
382,132
381,133
380,133
377,136
377,137
372,142
372,143
371,144
371,145
370,146
370,147
365,152
365,153
364,154
364,157
363,158
363,167
362,168
362,171
361,172
361,175
360,176
360,178
359,179
359,181
358,182
358,184
357,185
357,188
356,189
356,192
354,194
351,194
349,192
349,190
348,189
348,186
347,185
347,183
346,182
346,180
345,179
345,177
344,176
344,173
343,172
343,169
342,168
342,164
341,163
341,160
340,159
340,154
339,153
339,152
338,151
338,150
337,149
337,148
336,147
336,146
335,145
335,144
334,143
334,141
333,140
333,139
327,133
326,133
325,132
324,132
323,131
322,131
321,130
320,130
319,129
317,129
316,128
313,128
312,127
301,127
300,126
297,126
296,127
292,127
291,128
288,128
287,129
286,129
284,131
283,131
281,133
280,133
279,134
278,134
277,135
276,135
275,136
274,136
266,144
266,145
264,147
264,148
263,149
263,150
262,151
262,152
261,153
261,154
260,155
260,156
259,157
259,159
258,160
258,162
257,163
257,164
256,165
256,166
255,167
255,169
254,170
254,172
253,173
253,175
252,176
252,178
251,179
251,182
250,183
250,187
249,188
249,189
248,190
248,191
247,192
247,195
246,196
246,198
245,199
245,202
244,203
244,210
243,211
243,214
242,215
242,217
241,218
241,220
237,224
237,225
236,226
236,227
235,228
235,229
234,230
234,231
233,232
233,233
231,235
231,236
230,237
230,238
225,243
225,244
223,246
223,247
222,248
222,250
221,251
221,253
218,256
218,257
215,260
213,260
210,257
210,256
209,255
209,252
208,251
208,222
209,221
209,218
210,217
210,215
211,214
211,211
212,210
212,207
213,206
213,204
214,203
214,197
215,196
215,193
216,192
216,185
215,184
215,181
214,180
214,177
215,176
215,173
217,171
217,170
218,169
218,168
222,164
222,163
223,162
223,161
224,160
224,159
225,158
225,157
227,155
227,149
226,148
226,147
225,146
225,144
224,143
224,142
223,141
223,140
222,139
222,138
221,137
221,136
220,135
220,134
219,133
218,133
217,132
216,132
215,131
213,131
212,130
211,130
210,129
208,129
207,128
200,128
199,129
192,129
191,128
188,128
187,127
182,127
178,123
177,123
176,122
173,122
172,121
167,121
