947
183,108
182,109
182,110
181,111
181,112
179,114
179,115
178,116
178,117
176,119
176,120
175,121
175,122
162,135
161,135
160,136
159,136
149,146
148,146
144,150
143,150
142,151
142,152
140,154
140,155
136,159
135,159
134,160
134,161
131,164
131,165
130,166
130,167
129,168
129,169
128,170
128,171
127,172
127,173
126,174
126,175
125,176
125,179
124,180
124,189
125,190
125,209
126,210
126,212
127,213
127,215
128,216
128,218
129,219
129,229
125,233
125,234
124,235
124,236
123,237
123,239
122,240
122,245
123,246
123,248
124,249
124,250
125,251
125,252
126,253
126,254
129,257
129,258
133,262
133,263
134,264
134,265
137,268
137,269
138,270
138,271
139,272
139,273
141,275
141,281
138,284
138,285
137,286
137,288
136,289
136,293
135,294
135,312
134,313
134,315
133,316
133,319
132,320
133,321
133,327
134,328
134,330
135,331
135,333
136,334
136,341
137,342
137,344
138,345
138,350
139,351
139,354
140,355
140,356
141,357
141,359
142,360
142,373
143,374
143,376
144,377
144,379
145,380
145,382
146,383
146,393
147,394
147,398
148,399
148,401
149,402
149,403
150,404
150,406
151,407
151,408
152,409
152,411
153,412
153,416
154,417
154,419
155,420
155,422
156,423
156,429
157,430
157,432
158,433
158,439
159,440
159,466
158,467
158,471
152,477
152,478
149,481
148,481
147,482
145,482
144,483
142,483
141,484
136,484
135,485
133,485
132,486
128,486
127,487
121,487
120,488
118,488
117,489
116,489
115,490
114,490
114,495
115,495
116,496
117,496
118,497
141,497
142,498
144,498
145,499
169,499
170,498
172,498
173,497
184,497
185,498
187,498
188,499
190,499
191,500
192,500
193,501
194,501
196,503
197,503
198,504
208,504
208,499
207,498
207,497
198,488
198,487
195,484
195,483
194,482
194,481
193,480
193,479
192,478
192,477
191,476
191,473
190,472
190,470
189,469
189,467
188,466
188,433
189,432
189,430
190,429
190,424
191,423
191,414
192,413
192,411
193,410
193,408
194,407
194,402
195,401
195,399
196,398
196,396
197,395
197,394
198,393
198,391
199,390
199,384
200,383
200,381
201,380
201,365
200,364
200,362
199,361
199,333
200,332
200,330
201,329
201,328
202,327
202,326
207,321
209,321
210,320
212,320
213,321
216,321
217,322
218,322
219,323
220,323
221,324
222,324
223,325
224,325
226,327
227,327
229,329
230,329
231,330
232,330
233,331
234,331
235,332
248,332
249,333
251,333
252,334
253,334
254,335
257,335
258,336
260,336
265,341
265,347
264,348
264,349
263,350
263,351
260,354
259,354
255,358
255,359
254,360
254,361
252,363
252,364
251,365
251,366
246,371
245,371
242,374
242,375
241,376
241,377
238,380
238,381
237,382
237,383
233,387
233,388
228,393
228,394
227,395
227,397
226,398
226,400
225,401
225,402
224,403
224,405
223,406
223,407
222,408
222,410
221,411
221,417
220,418
220,423
219,424
219,426
218,427
218,443
217,444
217,446
218,447
218,456
219,457
219,459
220,460
220,461
221,462
221,463
223,465
223,466
224,467
224,468
226,470
226,471
233,478
234,478
235,479
243,479
243,478
244,477
244,475
245,474
245,472
249,468
249,456
250,455
250,444
251,443
251,441
252,440
252,436
253,435
253,425
254,424
254,422
255,421
255,419
256,418
256,415
257,414
257,413
259,411
259,410
263,406
265,406
269,402
270,402
280,392
282,392
283,391
284,391
290,385
291,385
292,384
293,384
295,382
296,382
297,381
299,381
300,380
304,380
305,379
307,379
308,378
310,378
311,377
313,377
314,376
316,376
317,375
318,376
319,376
322,379
322,380
323,381
323,382
324,383
324,384
325,385
325,386
326,387
326,393
327,394
327,396
328,397
328,399
329,400
329,402
330,403
330,405
331,406
331,412
332,413
332,415
333,416
333,421
334,422
334,433
333,434
333,435
329,439
328,439
327,440
326,440
325,441
324,441
323,442
319,442
318,443
316,443
315,444
311,444
310,445
308,445
307,446
305,446
304,447
301,447
300,448
299,448
298,449
297,449
296,450
294,450
293,451
292,451
291,452
290,452
289,453
288,453
287,454
286,454
285,455
284,455
282,457
282,458
281,459
281,461
280,462
280,464
281,465
281,467
282,468
282,469
283,469
284,470
286,470
287,471
308,471
309,470
310,470
311,469
313,469
314,468
318,468
319,467
342,467
343,468
346,468
347,469
348,469
353,474
365,474
365,472
366,471
366,467
367,466
367,464
368,463
368,462
370,460
370,459
371,458
371,457
372,456
372,454
373,453
373,452
374,451
374,445
375,444
375,397
374,396
374,382
373,381
373,377
374,376
374,356
375,355
375,352
376,351
376,350
377,349
377,348
379,346
379,345
382,342
383,342
383,341
384,340
384,339
385,338
385,337
386,336
386,334
387,333
387,331
388,330
388,329
392,325
393,325
394,324
395,324
396,325
398,325
405,332
405,334
406,335
406,337
407,338
407,339
408,340
408,342
409,343
409,344
410,345
410,346
411,347
411,348
413,350
413,351
414,352
414,353
415,354
415,355
416,356
416,357
417,358
417,359
418,360
418,362
419,363
419,368
420,369
420,371
421,372
421,374
422,375
422,377
423,378
423,379
424,380
424,381
425,382
425,387
426,388
426,390
427,391
427,392
428,393
428,394
429,395
429,396
430,397
430,399
431,400
431,402
432,403
432,404
433,405
433,406
434,407
434,408
435,409
435,410
436,411
436,413
437,414
437,415
440,418
440,419
444,423
444,424
445,425
445,426
447,428
447,430
448,431
448,432
449,433
449,434
450,435
450,438
451,439
451,441
452,442
452,443
453,444
453,445
454,446
454,447
455,448
455,449
456,450
456,455
457,456
457,458
458,459
458,464
459,465
459,479
455,483
454,483
453,484
452,484
451,485
450,485
449,486
448,486
447,487
446,487
445,488
444,488
442,490
441,490
440,491
439,491
437,493
437,494
436,495
436,499
437,500
437,501
469,501
470,502
472,502
474,504
548,504
548,502
547,501
547,500
538,491
537,491
536,490
535,490
534,489
533,489
532,488
530,488
529,487
524,487
523,486
521,486
520,485
518,485
517,484
513,484
512,483
511,483
506,478
506,477
503,474
503,473
502,472
502,469
501,468
501,467
500,466
500,464
499,463
499,454
498,453
498,448
497,447
497,445
496,444
496,437
495,436
495,434
494,433
494,419
493,418
493,414
492,413
492,411
491,410
491,397
490,396
490,394
489,393
489,391
488,390
488,385
487,384
487,379
486,378
486,376
485,375
485,359
484,358
484,352
483,351
483,349
482,348
482,345
481,344
481,340
480,339
480,337
479,336
479,317
478,316
478,314
477,313
477,306
478,305
478,304
479,303
479,301
480,300
480,299
479,298
479,292
478,291
478,289
477,288
477,285
476,284
476,283
475,282
475,280
474,279
474,271
473,270
473,258
472,257
472,256
471,255
471,254
468,251
468,250
467,249
467,247
466,246
466,245
465,244
465,243
464,242
464,241
460,237
460,235
459,234
459,233
455,229
455,228
454,227
454,226
453,225
453,224
452,223
452,222
451,221
451,220
446,215
446,214
435,203
434,203
431,200
430,200
429,199
428,199
427,198
425,198
424,197
423,197
417,191
417,189
416,188
416,187
417,186
417,177
418,176
418,174
419,173
419,151
418,150
418,149
417,148
417,146
416,145
416,144
415,143
415,142
414,142
413,141
411,141
410,140
409,140
408,139
406,139
405,140
404,140
402,142
402,143
401,144
401,145
400,146
400,148
399,149
399,152
400,153
400,155
401,156
401,161
402,162
402,174
401,175
401,177
397,181
396,181
395,182
394,182
393,183
388,183
387,182
385,182
384,181
371,181
370,180
365,180
364,179
362,179
361,178
352,178
351,177
331,177
330,176
328,176
327,175
311,175
305,169
305,168
303,166
303,165
300,162
300,161
299,160
299,159
294,154
294,153
289,148
289,147
288,146
288,145
281,138
280,138
279,137
278,137
273,132
272,132
271,131
270,131
269,130
268,130
267,129
266,129
265,128
264,128
263,127
261,127
260,126
259,126
258,125
257,125
256,124
254,124
253,123
252,123
251,122
249,122
248,121
242,121
241,120
236,120
235,119
233,119
232,118
223,118
222,119
220,119
219,120
204,120
203,119
202,119
201,118
200,118
199,117
198,117
192,111
191,111
190,110
189,110
187,108
183,108
