607
291,51
290,52
288,52
286,54
286,56
285,57
285,60
286,61
286,63
287,64
287,65
288,66
288,67
289,68
289,76
290,77
290,79
291,80
291,81
292,82
292,83
293,84
293,86
294,87
294,90
295,91
295,93
296,94
296,102
295,103
295,104
294,105
294,107
293,108
293,109
291,111
291,112
290,113
290,115
289,116
289,118
287,120
287,121
286,122
286,124
285,125
285,139
286,140
286,142
287,143
287,145
288,146
288,147
289,148
289,151
290,152
290,155
291,156
291,158
292,159
292,161
293,162
293,163
294,164
294,170
295,171
295,173
296,174
296,179
291,184
290,184
290,185
288,187
287,187
286,188
285,188
284,189
283,189
281,191
281,192
278,195
277,195
276,196
275,196
274,197
273,197
272,198
271,198
268,201
266,201
265,202
264,202
263,203
262,203
258,207
257,207
256,208
255,208
253,210
252,210
251,211
250,211
249,212
248,212
248,213
245,216
244,216
242,218
241,218
240,219
239,219
216,242
216,243
215,244
215,245
213,247
213,248
210,251
209,251
209,252
208,253
208,254
207,255
207,257
206,258
206,260
205,261
205,263
203,265
202,265
202,266
201,267
201,268
200,269
200,270
198,272
198,273
197,274
197,276
196,277
196,278
194,280
194,281
193,282
193,283
189,287
189,288
188,289
188,290
187,291
187,293
186,294
186,296
184,298
183,298
181,300
181,301
180,302
180,304
179,305
179,313
178,314
178,316
177,317
177,318
173,322
173,323
170,326
169,326
169,327
168,328
168,329
167,330
167,332
166,333
166,334
165,335
165,337
161,341
161,342
160,343
160,344
159,345
159,347
158,348
158,379
157,380
157,382
156,383
156,393
153,396
152,396
151,397
150,397
147,400
127,400
126,401
124,401
123,402
122,402
121,403
84,403
83,404
81,404
78,407
70,407
69,406
67,406
66,405
61,405
60,406
58,406
57,407
56,407
48,415
48,416
47,417
47,419
46,420
46,425
47,426
47,428
48,429
48,430
49,431
49,432
51,434
54,434
55,435
57,435
61,439
62,439
63,440
64,440
66,442
67,442
68,443
69,443
72,446
90,446
92,444
93,444
94,443
104,443
105,442
107,442
108,441
125,441
126,442
128,442
129,443
158,443
159,442
161,442
162,441
163,442
165,442
167,444
167,445
168,446
168,447
169,448
169,449
170,449
173,452
173,453
175,455
183,455
184,456
186,456
187,457
193,457
194,458
195,458
197,460
207,460
208,461
210,461
211,462
212,462
213,463
214,463
215,464
230,464
231,465
232,465
234,467
263,467
264,468
266,468
267,469
275,469
276,468
278,468
279,467
280,468
282,468
283,469
296,469
300,465
300,462
301,461
301,459
302,458
302,457
303,456
303,455
304,454
304,452
307,449
308,449
311,452
311,453
313,455
313,460
314,461
314,463
315,464
315,472
316,473
316,475
317,476
317,477
318,478
318,479
326,479
327,480
329,480
330,481
354,481
355,480
356,480
357,479
359,479
363,475
363,462
362,461
362,460
361,459
361,457
360,457
354,451
354,450
353,449
353,446
352,445
352,444
350,442
350,440
349,439
349,434
347,432
347,431
346,430
346,420
345,419
345,417
344,416
344,411
345,410
345,408
346,407
346,399
347,398
347,397
351,393
351,380
352,379
352,377
355,374
356,374
356,372
357,371
357,370
358,369
358,366
359,365
359,364
368,355
373,360
374,360
377,363
377,364
378,365
378,369
377,370
377,372
376,373
376,374
377,375
377,377
378,378
378,379
380,381
381,381
383,383
383,384
384,385
384,386
385,387
385,395
386,396
386,398
387,399
387,400
388,400
390,402
390,407
391,408
391,410
392,411
392,416
393,417
393,419
394,420
394,421
395,422
395,425
396,426
396,428
397,429
397,432
398,433
398,435
399,436
399,437
400,438
400,439
402,441
402,446
403,447
403,449
407,453
407,454
408,455
408,456
409,456
412,459
412,460
446,460
446,459
449,456
450,456
451,455
453,455
454,454
454,448
453,447
453,446
452,445
452,443
450,441
449,441
446,438
446,437
445,437
444,436
443,436
442,435
440,435
439,434
437,434
436,433
432,433
428,429
428,427
425,424
425,422
424,421
424,418
422,416
422,415
421,414
421,397
422,396
422,395
424,393
424,368
422,366
422,365
421,364
421,347
420,346
420,344
419,343
419,310
420,309
420,307
421,306
421,298
422,297
422,296
424,294
424,291
425,290
425,288
426,287
426,284
427,283
427,281
428,280
428,237
427,236
427,234
426,233
426,207
425,206
425,205
422,202
422,201
421,200
421,193
420,192
420,191
418,189
418,187
417,186
417,179
415,177
415,176
414,175
414,162
413,161
413,159
412,158
412,143
411,142
411,140
410,139
410,132
408,130
408,129
407,128
407,120
408,119
408,118
410,116
410,92
411,91
411,89
412,88
412,68
411,67
411,66
410,65
410,64
407,61
407,59
404,56
404,55
403,54
402,54
401,53
400,53
399,52
397,52
396,51
391,51
390,52
388,52
387,53
386,53
384,55
384,56
381,59
380,59
377,62
377,63
374,66
373,66
373,67
372,68
372,69
371,70
371,71
367,75
366,75
364,77
330,77
329,76
328,76
327,75
326,75
325,74
324,74
322,72
321,72
320,71
318,71
317,70
316,70
314,68
313,68
308,63
308,62
307,61
306,61
301,56
301,55
300,54
299,54
298,53
297,53
296,52
294,52
293,51
291,51
