682
452,174
451,175
448,175
447,176
446,176
445,177
443,177
442,178
439,178
438,179
436,179
435,180
434,180
433,181
432,181
430,183
429,183
428,184
417,184
416,185
413,185
412,186
411,186
405,192
403,192
402,193
401,193
400,194
396,194
395,195
392,195
391,196
390,196
386,200
386,201
385,202
385,203
384,204
384,205
383,206
383,207
382,208
382,215
380,217
379,217
378,218
377,218
376,219
375,219
373,221
372,221
371,222
370,222
369,223
367,223
366,224
364,224
363,225
362,225
361,226
360,226
359,227
357,227
356,228
355,228
354,229
353,229
351,231
350,231
349,232
348,232
347,233
345,233
344,234
339,234
338,235
335,235
334,236
328,236
325,233
325,232
324,232
323,231
322,231
321,232
320,232
319,233
319,234
316,237
315,237
313,239
312,239
311,240
309,240
308,241
301,241
300,242
297,242
296,243
293,243
292,242
291,242
290,241
287,241
286,240
283,240
282,241
279,241
278,242
274,242
273,243
269,243
268,244
265,244
264,245
249,245
248,244
245,244
244,243
240,243
239,244
236,244
235,245
231,245
230,246
227,246
226,247
222,247
220,245
213,245
212,246
209,246
208,247
207,247
206,248
205,248
204,249
202,249
201,250
200,250
199,251
197,251
196,252
193,252
192,253
191,253
188,256
183,256
181,254
180,254
179,253
178,253
177,252
176,252
175,251
174,251
173,250
172,250
171,249
169,249
168,248
165,248
164,247
163,248
156,248
155,249
152,249
151,250
150,250
149,251
148,251
146,253
145,253
144,254
144,255
143,256
143,258
142,259
143,260
143,262
144,263
144,266
145,267
145,269
146,270
146,271
147,271
148,272
150,272
151,273
152,273
155,276
155,278
154,279
154,281
153,282
153,284
152,285
152,286
151,287
151,289
149,291
149,292
146,295
146,296
145,297
145,298
139,304
139,305
138,306
138,307
137,308
137,309
136,310
136,311
135,312
135,313
131,317
130,317
126,321
126,322
123,325
123,326
119,330
119,331
118,332
118,333
115,336
115,337
113,339
113,340
112,341
112,342
111,343
111,344
102,353
101,353
91,363
90,363
89,364
88,364
87,365
86,365
82,369
80,369
79,370
77,370
76,371
75,371
74,372
72,372
71,373
69,373
68,374
67,374
63,378
63,379
60,382
60,383
51,392
51,393
47,397
46,397
45,398
44,398
43,399
42,399
42,400
41,401
41,402
40,403
40,404
39,405
39,406
38,407
38,408
37,409
37,410
33,414
32,414
31,415
31,416
30,417
30,419
29,420
29,421
30,422
30,425
31,426
31,427
33,427
34,428
46,428
47,427
47,426
48,425
48,424
51,421
51,419
53,417
54,417
55,416
56,417
61,417
66,412
67,412
68,411
69,411
69,404
73,400
75,400
78,397
78,396
82,392
84,392
85,391
88,391
89,390
91,390
96,385
97,385
98,384
99,384
101,382
102,382
103,381
106,381
107,380
110,380
111,379
118,379
119,380
121,380
123,382
128,382
129,381
131,381
132,380
134,380
136,378
137,378
139,376
140,376
145,371
145,370
155,360
164,360
164,359
167,356
168,356
169,355
175,355
176,356
177,356
179,358
180,358
181,359
190,359
191,358
193,358
195,356
197,356
198,355
200,355
202,357
202,358
200,360
196,360
195,361
194,361
193,362
193,363
191,365
188,365
187,366
184,366
183,367
181,367
180,368
179,368
178,369
177,369
173,373
172,373
172,375
171,376
171,377
172,378
172,379
173,379
174,380
175,380
177,382
177,397
178,398
178,399
179,400
179,401
180,402
180,403
182,403
185,406
186,406
187,407
189,407
190,408
192,408
198,414
204,414
204,406
201,403
201,400
200,399
200,397
196,393
196,392
195,391
195,387
196,386
196,385
198,383
199,383
200,382
201,382
202,381
205,381
206,380
218,380
219,379
220,379
220,378
221,377
221,376
224,373
225,373
226,372
227,372
231,368
232,368
233,367
235,367
236,366
238,366
240,364
243,364
244,363
247,363
250,360
250,359
252,357
252,356
253,355
253,354
254,353
254,352
255,351
255,350
259,346
260,346
261,345
263,345
264,346
266,346
270,350
270,351
271,352
271,353
272,354
277,354
278,353
283,353
285,355
291,355
292,356
295,356
296,357
303,357
304,358
306,358
310,362
310,363
312,365
312,368
311,369
311,370
308,373
308,374
307,375
307,380
308,381
308,384
309,385
309,387
310,388
310,396
309,397
309,398
308,399
308,400
307,401
307,402
306,403
306,404
305,405
305,406
304,407
304,408
303,409
303,414
307,418
308,418
310,420
310,422
311,423
311,425
312,426
312,427
317,427
318,428
321,428
322,429
331,429
332,428
334,428
335,427
336,427
338,425
339,425
340,424
347,424
347,423
348,422
348,420
349,419
349,413
350,412
350,407
351,406
351,400
352,399
352,388
351,387
351,381
355,377
357,377
358,376
360,376
364,372
366,372
367,371
373,371
375,369
377,369
378,368
379,368
381,366
381,365
390,356
391,356
392,355
395,355
396,354
398,354
399,355
401,355
402,356
407,356
408,355
409,355
416,348
416,347
417,346
417,344
418,343
418,342
421,339
421,334
419,332
419,327
426,320
426,319
427,318
427,310
428,309
428,306
429,305
429,304
430,303
430,302
431,301
431,296
432,295
432,292
433,291
433,290
439,284
440,284
441,283
442,283
443,282
444,282
445,281
447,281
449,279
449,274
446,271
446,269
445,268
445,262
446,261
446,259
449,256
454,256
455,257
456,257
459,260
460,260
463,263
471,263
475,259
475,258
477,256
477,254
478,253
478,248
479,247
479,244
480,243
480,241
483,238
485,238
486,237
494,237
495,236
496,236
500,232
501,232
502,231
503,231
504,230
506,230
507,229
508,229
511,226
511,225
512,224
512,215
513,214
513,203
512,203
511,202
509,202
508,201
507,201
504,198
503,198
502,197
501,197
500,196
497,196
496,195
489,195
488,194
483,194
480,191
480,188
479,187
479,184
476,181
475,181
473,179
472,179
471,178
470,178
469,177
468,177
467,176
466,176
465,175
462,175
461,174
452,174
