838
186,130
185,131
183,131
182,132
178,132
177,133
173,133
172,134
170,134
169,135
168,135
167,136
166,136
165,137
164,137
163,138
161,138
160,139
159,139
158,140
157,140
154,143
153,143
152,144
151,144
142,153
142,154
140,156
140,157
135,162
135,163
132,166
132,167
131,168
131,169
127,173
127,174
126,175
126,178
125,179
125,182
126,183
126,240
125,241
125,245
124,246
124,248
123,249
123,253
122,254
122,255
121,256
121,258
120,259
120,299
119,300
119,302
118,303
118,304
117,305
117,307
116,308
116,309
115,310
115,312
113,314
113,315
112,316
112,317
111,318
111,319
110,320
110,321
109,322
109,324
108,325
108,327
107,328
107,329
106,330
106,332
105,333
105,335
104,336
104,338
103,339
103,341
102,342
102,343
101,344
101,347
100,348
100,363
99,364
99,367
100,368
100,369
101,370
101,371
112,382
135,382
136,381
138,381
139,380
140,380
141,379
142,379
143,378
144,378
145,377
146,377
147,376
148,376
151,373
151,372
155,368
155,367
156,366
156,365
159,362
159,361
160,360
160,359
163,356
163,355
164,354
164,353
165,352
165,350
166,349
166,348
167,347
167,346
168,345
168,342
169,341
169,339
170,338
170,336
171,335
171,333
172,332
172,330
173,329
173,327
174,326
174,322
175,321
175,319
176,318
176,316
177,315
177,314
178,313
178,309
179,308
179,304
180,303
180,301
181,300
181,298
182,297
182,292
183,291
183,289
184,288
184,286
185,285
185,282
186,281
186,280
191,275
192,275
193,274
195,274
196,273
197,273
198,272
199,272
200,271
201,271
202,270
203,270
204,269
205,269
206,268
207,268
209,266
212,266
214,268
214,284
213,285
213,286
212,287
212,289
211,290
211,299
210,300
210,308
209,309
209,311
208,312
208,314
207,315
207,319
208,320
208,321
213,326
213,327
214,328
214,329
219,334
219,335
222,338
222,339
223,340
223,341
226,344
226,345
257,376
257,377
258,378
258,379
263,384
263,385
266,388
266,389
267,390
267,391
271,395
271,396
272,397
272,398
274,400
274,401
275,402
275,403
277,405
277,406
278,407
278,408
279,409
279,411
280,412
280,416
281,417
281,419
282,420
282,430
283,431
283,456
282,457
282,459
281,460
281,462
280,463
280,470
279,471
279,473
278,474
278,475
277,476
277,478
276,479
276,480
275,481
275,482
274,483
274,484
273,485
273,486
272,487
272,489
271,490
271,492
270,493
270,495
269,496
269,500
268,501
268,503
267,504
267,506
266,507
266,512
265,513
265,518
264,519
264,521
282,521
283,520
285,520
286,519
291,519
292,518
293,518
294,517
296,517
297,518
306,518
307,519
315,519
316,520
318,520
319,521
328,521
328,520
329,519
329,518
331,516
331,515
332,514
332,513
334,511
334,510
335,509
335,508
337,506
337,505
338,504
338,503
339,502
339,501
340,500
340,499
342,497
342,496
344,494
344,493
347,490
347,489
348,488
348,487
350,485
350,484
352,482
352,481
353,480
353,478
351,476
350,476
349,475
348,475
347,474
346,474
344,472
343,472
339,468
338,468
333,463
332,463
329,460
328,460
327,459
326,459
325,458
324,458
323,457
322,457
321,456
319,456
318,455
316,455
315,454
314,454
313,453
312,453
311,452
310,452
308,450
307,450
303,446
303,445
302,444
302,442
301,441
301,440
300,439
300,438
298,436
298,435
293,430
293,429
292,428
292,416
293,415
293,413
294,412
294,406
295,405
295,402
296,401
296,400
298,398
299,398
300,397
309,397
310,398
315,398
316,399
318,399
319,400
321,400
322,401
328,401
329,402
331,402
332,403
335,403
336,404
345,404
346,405
348,405
349,406
355,406
356,405
358,405
359,404
365,404
366,403
369,403
370,402
372,402
373,401
379,401
380,400
381,400
382,399
384,399
385,398
392,398
393,397
400,397
401,398
402,398
403,399
403,400
404,401
404,412
403,413
403,414
395,422
395,424
396,425
397,425
398,426
399,426
400,427
401,427
403,429
403,430
401,432
401,433
397,437
397,438
394,441
394,442
393,443
393,444
391,446
391,447
390,448
390,449
389,450
389,451
388,452
388,453
387,454
387,455
385,457
385,458
384,459
384,460
383,461
383,463
382,464
382,468
381,469
381,472
380,473
380,475
381,476
381,477
383,477
384,478
389,478
390,479
391,479
394,482
395,482
398,485
399,485
400,486
405,486
406,487
408,487
409,488
412,488
413,489
419,489
420,490
422,490
423,491
430,491
431,492
440,492
440,490
447,483
449,483
450,482
452,482
453,481
461,481
462,480
465,480
466,479
468,479
469,478
472,478
473,477
475,477
476,476
477,476
478,475
480,475
481,474
482,474
483,473
484,473
485,472
485,470
484,469
483,469
479,465
478,465
477,464
476,464
474,462
473,462
472,461
471,461
470,460
468,460
467,459
466,459
465,458
464,458
463,457
462,457
460,455
459,455
458,454
457,454
452,449
451,449
447,445
446,445
445,444
444,444
427,427
427,426
426,425
426,423
425,422
425,420
424,419
424,416
423,415
423,412
422,411
422,409
421,408
421,387
422,386
422,385
428,379
430,379
431,378
432,378
435,375
436,375
437,374
438,374
439,373
440,373
441,372
443,372
444,371
445,371
446,370
447,370
448,369
449,369
450,368
452,368
453,367
454,367
478,343
478,342
480,340
480,339
482,337
482,325
483,324
483,322
484,321
484,319
485,318
485,316
486,315
486,314
488,312
488,311
490,309
490,303
489,302
489,301
488,300
488,299
486,297
486,295
485,294
485,290
484,289
484,287
483,286
483,285
482,284
482,283
480,281
480,280
479,279
479,278
478,277
477,277
476,276
474,276
473,275
471,275
470,274
469,274
465,270
465,268
464,267
464,265
463,264
463,263
461,261
461,260
459,258
459,257
458,256
458,255
457,254
457,253
455,251
455,250
454,249
454,248
453,247
453,246
452,245
452,244
450,242
450,241
449,240
449,238
448,237
448,236
447,235
447,234
446,233
446,231
445,230
445,229
444,228
444,226
443,225
443,219
442,218
442,216
441,215
441,213
440,212
440,210
439,209
439,208
438,207
438,206
437,206
436,205
433,205
432,204
430,204
429,203
428,203
425,200
424,200
423,199
422,199
421,198
420,198
419,197
418,197
417,196
416,196
414,194
413,194
412,193
411,193
407,189
406,189
403,186
402,186
401,185
400,185
399,184
398,184
397,183
395,183
394,182
390,182
389,181
388,181
387,180
386,180
384,178
383,178
382,177
381,177
380,176
379,176
378,175
377,175
376,174
374,174
373,173
372,173
371,172
369,172
368,171
359,171
358,172
356,172
355,173
351,173
350,174
340,174
339,175
337,175
336,176
329,176
328,177
324,177
323,178
321,178
320,179
319,179
313,185
312,185
311,186
310,186
308,188
307,188
306,189
305,189
304,190
303,190
300,193
299,193
298,194
296,194
295,195
294,195
293,196
292,196
290,198
288,198
287,199
285,199
284,200
282,200
281,201
277,201
276,200
275,200
274,199
272,199
267,194
267,193
264,190
264,189
263,188
263,187
262,186
262,185
259,182
259,181
257,179
257,178
256,177
256,176
254,174
254,173
251,170
251,169
250,168
250,167
243,160
243,159
241,157
241,156
234,149
234,148
229,143
228,143
226,141
225,141
224,140
223,140
221,138
220,138
219,137
218,137
217,136
215,136
214,135
212,135
211,134
209,134
208,133
201,133
200,132
198,132
197,131
195,131
194,130
186,130
