868
184,40
183,41
180,41
179,42
179,50
180,51
180,52
187,52
188,53
190,53
191,54
201,54
202,55
205,55
206,56
208,56
209,57
216,57
219,60
220,60
233,73
233,74
235,76
235,77
237,79
237,80
239,82
239,83
240,84
240,85
241,86
241,87
242,88
242,98
241,99
241,101
240,102
240,105
239,106
239,109
238,110
238,112
237,113
237,116
236,117
236,119
235,120
235,122
234,123
234,126
233,127
233,129
232,130
232,135
231,136
231,138
230,139
230,141
228,143
228,145
227,146
227,147
226,148
226,149
225,150
225,151
224,152
224,153
223,154
223,155
222,156
222,157
221,158
221,159
220,160
220,162
218,164
218,166
216,168
216,170
215,171
215,172
214,173
214,175
212,177
212,179
211,180
211,181
210,182
210,183
209,184
209,185
207,187
207,188
205,190
205,191
204,192
204,193
202,195
202,196
201,197
201,198
200,199
200,200
199,201
199,203
197,205
197,207
195,209
195,211
194,212
194,214
193,215
193,216
192,217
192,218
191,219
191,221
190,222
190,224
189,225
189,226
187,228
187,229
186,230
186,231
184,233
184,234
182,236
182,237
180,239
180,240
178,242
178,243
176,245
176,246
174,248
174,249
173,250
173,252
172,253
172,254
169,257
168,257
167,258
161,258
160,257
158,257
156,255
154,255
153,254
152,254
150,252
149,252
147,250
146,250
145,249
144,249
142,247
141,247
140,246
139,246
138,245
137,245
136,244
135,244
133,242
131,242
130,241
129,241
126,238
125,238
121,234
120,234
119,233
118,233
117,232
116,232
115,231
114,231
113,230
112,230
111,229
110,229
109,228
108,228
107,227
106,227
104,225
103,225
102,224
101,224
100,223
99,223
98,222
96,222
94,220
92,220
91,219
90,219
89,218
88,218
86,216
84,216
82,214
81,214
78,211
58,211
58,213
57,214
57,228
58,229
58,230
59,231
59,232
60,233
60,234
62,236
62,238
63,239
63,240
64,241
64,243
65,244
65,245
66,246
66,247
67,248
67,249
68,250
68,253
69,254
69,257
70,258
70,261
71,262
71,269
72,270
72,277
73,278
73,304
72,305
72,308
71,309
71,314
70,315
70,318
69,319
69,322
68,323
68,326
67,327
67,330
66,331
66,334
65,335
65,338
64,339
64,341
62,343
62,347
61,348
61,353
60,354
60,359
59,360
59,361
60,362
60,366
61,367
61,368
62,369
62,370
68,376
69,376
70,377
73,377
74,376
77,376
78,375
80,375
81,374
84,374
85,373
87,373
88,372
89,372
90,371
91,371
92,370
93,370
94,369
95,369
100,364
101,364
107,358
108,358
110,356
111,356
113,354
114,354
120,348
121,348
124,345
125,345
128,342
129,342
131,340
133,340
135,338
136,338
138,336
139,336
141,334
142,334
143,333
144,333
145,332
146,332
151,327
152,327
154,325
156,325
158,323
161,323
163,325
163,326
165,328
165,337
166,338
166,342
167,343
167,344
171,348
172,348
173,349
173,350
179,356
179,357
181,359
181,360
187,366
187,367
189,369
189,370
190,371
190,372
193,375
193,376
196,379
196,380
198,382
198,383
201,386
201,387
209,395
209,396
210,397
210,399
211,400
211,401
212,402
212,403
213,404
213,405
214,406
214,409
215,410
215,411
216,412
216,413
217,414
217,415
218,416
218,418
220,420
220,422
221,423
221,424
222,425
222,427
224,429
224,431
225,432
225,433
226,434
226,436
227,437
227,438
228,439
228,440
229,441
229,444
230,445
230,450
231,451
231,452
232,453
232,455
233,456
233,458
234,459
234,461
235,462
235,463
236,464
236,466
237,467
237,468
238,469
238,471
239,472
239,473
240,474
240,475
241,476
241,477
242,478
242,479
244,481
244,482
245,483
245,484
246,485
246,486
247,487
247,488
251,492
251,493
255,497
255,498
259,502
259,503
266,510
279,510
280,509
281,509
282,508
284,508
285,507
286,507
287,506
289,506
291,504
292,504
294,502
295,502
297,500
298,500
299,499
300,499
302,497
303,497
306,494
307,494
309,492
310,492
314,488
315,488
321,482
322,482
325,479
326,479
327,478
327,477
334,470
334,469
345,458
345,457
361,441
362,441
366,437
367,437
368,436
369,436
370,435
371,435
372,434
373,434
375,432
377,432
379,430
381,430
382,429
384,429
385,428
387,428
388,427
389,427
390,426
393,426
394,425
396,425
397,424
400,424
401,423
405,423
406,422
407,422
408,423
410,423
411,424
412,424
413,425
413,427
411,429
411,433
410,434
410,444
409,445
409,474
410,475
410,480
411,481
411,486
412,487
412,490
413,491
413,494
414,495
414,497
415,498
415,499
418,502
426,502
428,500
429,500
430,499
431,499
435,495
435,494
436,493
436,492
437,491
437,490
439,488
439,487
440,486
440,485
441,484
441,482
442,481
442,480
443,479
443,478
444,477
444,476
445,475
445,473
447,471
447,469
448,468
448,467
451,464
451,462
452,461
452,458
453,457
453,452
454,451
454,447
455,446
455,438
456,437
456,430
457,429
457,422
458,421
457,420
457,407
456,406
456,402
457,401
458,401
459,400
460,400
460,399
476,383
476,382
484,374
484,373
488,369
488,368
493,363
493,362
496,359
496,358
497,357
497,356
499,354
499,353
500,352
500,351
502,349
502,348
503,347
503,346
505,344
505,343
507,341
507,340
508,339
508,338
510,336
510,335
511,334
511,332
512,331
512,330
513,329
513,327
514,326
514,325
515,324
515,323
516,322
516,321
517,320
517,318
519,316
519,312
520,311
520,310
521,309
521,306
522,305
522,304
523,303
523,301
525,299
525,298
530,293
530,292
533,289
536,289
537,288
539,288
540,287
541,287
542,286
544,286
545,285
549,285
550,284
560,284
561,283
562,283
563,282
566,282
567,281
568,281
569,280
570,280
571,279
572,279
572,270
571,269
570,269
568,267
567,267
564,264
564,263
567,260
567,259
568,258
568,256
569,255
569,254
570,253
570,246
569,245
569,244
564,239
563,239
562,238
558,238
557,237
539,237
538,236
534,236
533,235
531,235
530,234
527,234
526,233
525,233
524,232
523,232
522,231
521,231
520,230
519,230
518,229
517,229
513,225
512,225
508,221
507,221
502,216
502,215
500,213
500,212
499,211
499,210
497,208
497,207
494,204
494,203
491,200
491,199
488,196
488,195
486,193
486,192
480,186
480,185
478,183
478,182
454,158
453,158
451,156
450,156
441,147
440,147
437,144
436,144
433,141
432,141
430,139
429,139
428,138
427,138
422,133
421,133
418,130
417,130
414,127
413,127
410,124
409,124
407,122
406,122
403,119
402,119
400,117
399,117
398,116
397,116
396,115
395,115
394,114
393,114
391,112
390,112
388,110
387,110
386,109
385,109
383,107
382,107
380,105
379,105
378,104
377,104
375,102
374,102
373,101
372,101
371,100
370,100
368,98
367,98
364,95
363,95
361,93
360,93
359,92
357,92
356,91
355,91
354,90
353,90
351,88
350,88
349,87
348,87
347,86
345,86
343,84
341,84
339,82
337,82
336,81
335,81
334,80
332,80
330,78
328,78
327,77
326,77
325,76
324,76
323,75
322,75
321,74
317,74
316,73
315,73
314,72
312,72
311,71
310,71
309,70
307,70
306,69
305,69
304,68
302,68
301,67
300,67
299,66
297,66
296,65
294,65
293,64
291,64
290,63
289,63
288,62
286,62
284,60
281,60
280,59
276,59
273,56
272,56
271,55
270,55
269,54
267,54
266,53
263,53
262,52
260,52
259,51
256,51
255,50
252,50
251,49
248,49
247,48
245,48
244,47
240,47
239,46
236,46
235,45
231,45
230,44
222,44
221,43
216,43
215,42
208,42
207,41
196,41
195,40
184,40
