536
290,173
289,174
287,174
285,176
285,177
282,180
280,180
274,186
273,186
272,187
271,187
270,188
269,188
266,191
265,191
264,192
263,192
262,193
261,193
256,198
255,198
254,199
247,199
246,200
244,200
242,202
242,204
240,206
185,206
184,207
182,207
181,208
180,208
179,209
178,209
177,210
175,210
174,211
173,211
172,212
159,212
158,213
156,213
155,214
154,214
152,216
152,217
150,219
142,219
141,220
139,220
138,221
137,221
136,222
135,222
134,223
133,223
132,224
131,224
130,225
123,225
122,226
120,226
119,227
118,227
113,232
110,232
109,233
107,233
105,235
105,236
102,239
100,239
94,245
93,245
92,246
90,246
89,247
88,247
83,252
83,253
82,254
82,256
81,257
81,258
78,261
78,263
77,264
77,268
78,269
78,271
86,279
86,280
88,282
89,282
92,285
94,285
95,286
96,286
97,287
97,288
98,289
98,291
99,292
101,292
102,293
103,293
104,294
104,295
105,296
105,297
106,298
107,298
108,299
109,299
110,300
110,301
111,302
111,304
112,305
114,305
115,306
116,306
117,307
117,308
118,309
118,310
119,311
124,311
125,312
126,312
129,315
129,316
131,318
133,318
134,319
135,319
137,321
138,321
141,324
143,324
144,325
145,325
146,326
146,327
147,328
147,330
150,333
150,337
151,338
151,340
152,341
152,342
156,346
156,347
157,348
157,350
158,351
160,351
161,352
162,352
163,353
163,354
164,355
164,356
165,357
181,357
183,355
184,355
185,354
192,354
193,355
194,355
196,357
199,357
200,358
201,358
207,364
209,364
210,365
211,365
212,366
212,367
213,368
213,369
214,370
214,371
215,372
215,373
216,374
216,376
217,377
217,378
218,379
218,386
219,387
219,389
222,392
222,393
223,394
223,395
224,396
224,397
227,400
227,401
229,403
230,403
233,406
249,406
249,405
250,404
250,403
252,401
253,401
254,400
255,400
257,398
258,398
260,400
265,400
266,401
267,401
269,403
271,403
272,404
273,404
275,406
285,406
285,393
283,391
282,391
281,390
279,390
278,389
277,389
272,384
272,383
270,381
270,380
269,379
269,378
266,375
266,373
268,371
269,371
270,370
282,370
283,369
286,369
287,368
301,368
303,370
337,370
338,371
339,371
340,372
340,379
341,380
341,382
342,383
342,384
343,385
343,386
344,387
344,389
345,390
345,391
346,392
346,393
347,394
347,395
348,396
350,396
351,397
352,397
355,400
356,400
357,401
358,401
359,402
359,403
360,404
360,405
361,406
380,406
380,395
381,394
381,393
383,391
383,385
384,384
384,383
387,380
387,365
388,364
388,363
390,361
390,359
391,358
391,357
393,355
394,355
395,354
396,354
397,355
398,355
400,357
402,357
403,358
404,358
406,360
407,360
411,364
412,364
413,365
414,365
415,366
415,367
416,368
416,369
417,370
419,370
420,371
421,371
422,372
422,373
423,374
423,376
424,377
425,377
426,378
427,378
428,379
428,380
429,381
429,382
430,383
432,383
433,384
434,384
435,385
435,386
436,387
436,389
437,390
438,390
439,391
440,391
441,392
441,393
442,394
442,395
443,396
445,396
446,397
447,397
448,398
448,399
449,400
449,402
450,403
451,403
452,404
453,404
454,405
454,409
455,410
455,412
456,413
458,413
459,414
460,414
462,416
465,416
466,417
467,417
468,418
468,419
469,420
469,422
470,423
474,423
475,424
476,424
478,426
505,426
505,397
502,394
502,393
501,392
501,390
496,385
496,384
495,383
495,380
493,378
493,377
492,376
492,374
489,371
489,370
488,369
488,367
486,365
486,364
485,363
485,360
483,358
483,357
482,356
482,352
483,351
483,350
491,342
492,342
493,341
495,341
495,339
496,338
496,337
498,335
499,335
500,334
502,334
505,331
506,331
508,329
508,328
514,322
514,316
515,315
515,314
518,311
519,311
524,306
524,285
519,280
518,280
517,279
515,279
514,278
507,278
504,275
502,275
501,274
500,274
499,275
497,275
494,278
483,278
482,279
479,279
478,280
476,280
476,281
475,282
475,283
474,284
464,284
463,285
461,285
460,286
459,286
454,291
428,291
425,288
423,288
422,287
408,287
407,286
406,286
404,284
403,284
402,283
403,282
403,280
404,279
404,278
406,276
406,269
404,267
404,266
403,265
403,263
402,262
400,262
399,261
398,261
397,260
397,259
396,258
396,256
393,253
393,252
388,247
387,247
384,244
384,243
383,242
383,239
381,237
380,237
379,236
377,236
376,235
375,235
374,234
373,234
372,233
370,233
369,232
366,232
342,208
341,208
337,204
337,203
332,198
332,197
331,196
331,194
330,193
328,193
327,192
326,192
322,188
322,187
321,186
321,184
315,178
315,177
314,176
314,175
313,174
311,174
310,173
290,173
