701
183,112
182,113
180,113
178,115
178,118
179,119
179,120
180,121
180,122
181,123
181,124
182,125
182,126
184,128
186,128
187,129
188,129
191,132
191,133
192,134
192,135
193,136
193,137
194,138
195,138
196,139
197,139
202,144
203,144
214,155
214,156
215,157
215,158
216,159
216,160
220,164
220,176
219,177
219,178
218,179
218,181
217,182
217,189
216,190
216,191
215,192
215,193
214,194
214,195
213,196
213,197
212,198
212,200
211,201
211,210
212,211
212,213
213,214
213,215
214,216
214,219
215,220
215,222
216,223
216,224
225,233
225,234
235,244
235,245
236,246
236,247
237,248
237,249
244,256
244,262
241,265
226,265
225,264
224,264
223,263
222,263
221,262
220,262
219,261
218,261
217,260
216,260
215,259
214,259
210,255
209,255
208,254
206,254
205,253
204,253
197,246
196,246
195,245
194,245
193,244
192,244
191,243
190,243
189,242
188,242
187,241
186,241
185,240
184,240
183,239
182,239
181,238
180,238
179,237
178,237
177,236
176,236
175,235
174,235
173,234
172,234
171,233
170,233
169,232
168,232
165,229
164,229
163,228
162,228
161,227
160,227
159,226
157,226
156,225
134,225
133,226
131,226
129,228
129,230
128,231
128,238
129,239
129,241
130,242
130,243
131,244
131,256
130,257
130,258
129,259
129,261
128,262
129,263
129,265
130,266
130,267
131,268
131,311
132,312
132,314
133,315
133,316
137,320
137,357
138,358
138,360
139,361
139,362
140,363
140,366
138,368
137,368
138,369
137,370
173,370
175,368
176,368
177,367
182,367
184,365
185,365
186,364
188,364
190,362
191,362
192,361
194,361
206,349
207,349
215,341
216,341
217,340
219,340
224,335
224,334
233,325
234,325
235,324
240,324
242,322
243,322
244,323
244,329
243,330
243,331
242,332
242,334
241,335
241,363
240,364
240,365
239,366
239,368
238,369
238,382
237,383
237,384
236,385
236,387
235,388
235,394
234,395
234,396
233,397
233,398
232,399
232,400
231,401
231,402
230,403
230,405
229,406
229,446
228,447
228,448
227,449
227,451
226,452
226,455
225,456
225,457
224,458
224,460
223,461
223,467
216,474
216,475
215,476
215,478
214,479
214,483
210,487
210,488
209,489
209,490
208,491
208,492
203,497
201,497
201,499
216,499
218,497
219,497
220,496
222,496
224,494
225,494
226,493
228,493
230,491
231,491
232,490
234,490
239,485
240,485
241,484
242,484
254,472
255,472
256,471
259,471
264,466
265,466
266,465
268,465
270,463
271,463
272,462
273,462
273,461
274,460
274,459
285,448
286,448
287,447
289,447
303,433
303,432
310,425
311,425
316,420
316,418
317,417
317,416
322,411
322,409
323,408
323,407
328,402
329,402
330,401
332,401
337,396
338,396
339,395
341,395
346,390
347,390
348,389
353,389
355,387
356,387
357,386
358,387
359,387
360,388
360,389
359,390
359,391
356,394
356,395
355,396
355,397
354,398
354,399
347,406
347,407
346,408
346,410
345,411
345,412
329,428
327,428
326,429
325,429
325,430
324,431
324,432
322,434
322,435
321,436
322,437
322,438
326,438
328,436
329,436
330,435
332,435
333,434
334,434
335,433
337,433
338,432
340,432
343,429
344,429
345,430
345,431
344,432
344,433
343,434
343,435
340,438
339,438
338,439
337,439
314,462
314,463
313,464
313,466
307,472
306,472
298,480
298,482
297,483
297,485
295,487
295,490
301,490
306,485
307,485
308,484
310,484
313,481
314,481
315,480
317,480
343,454
344,454
345,453
347,453
349,451
350,451
351,450
352,450
352,449
353,448
353,447
355,445
356,445
357,444
358,444
358,443
359,442
359,441
361,439
362,439
363,438
366,438
371,433
371,430
372,429
372,428
377,423
378,423
379,422
381,422
389,414
389,412
390,411
390,410
392,408
392,406
393,405
393,404
401,396
401,394
402,393
402,392
404,390
404,389
405,388
405,385
408,382
408,381
409,380
409,379
410,378
410,377
411,376
411,375
415,371
416,371
417,370
418,370
423,365
424,365
425,364
427,364
429,362
429,360
430,359
430,358
441,347
441,345
442,344
442,343
447,338
447,332
448,331
448,330
463,315
464,315
475,304
475,302
476,301
476,300
487,289
487,287
488,286
488,285
490,283
490,282
493,279
493,277
494,276
494,275
496,273
496,266
488,258
487,258
486,257
485,257
484,256
483,256
482,255
481,255
480,254
479,254
478,253
477,253
473,249
472,249
471,248
469,248
468,247
465,247
464,246
463,246
460,243
459,243
458,242
457,242
456,241
455,241
451,237
450,237
449,236
448,236
447,235
446,235
440,229
439,229
438,228
437,228
433,224
432,224
431,223
430,223
429,222
428,222
424,218
423,218
422,217
421,217
420,216
419,216
418,215
417,215
416,214
414,214
413,213
412,213
411,212
410,212
409,211
408,211
407,210
406,210
405,209
404,209
403,208
401,208
400,207
394,207
393,206
392,206
391,205
389,205
388,204
385,204
381,200
380,200
379,199
377,199
376,198
373,198
372,197
371,197
370,196
368,196
367,195
364,195
363,194
362,194
361,193
359,193
358,192
354,192
353,191
352,191
351,190
350,190
349,189
348,189
347,188
346,188
345,187
343,187
342,186
336,186
335,185
334,185
333,184
332,184
331,183
330,183
327,180
326,180
325,179
324,179
320,175
319,175
318,174
317,174
316,173
315,173
311,169
310,169
309,168
307,168
306,167
305,167
304,166
303,166
302,165
301,165
300,164
299,164
292,157
291,157
290,156
288,156
287,155
284,155
283,154
282,154
281,153
280,153
279,152
278,152
277,151
276,151
275,150
273,150
272,149
269,149
268,148
267,148
266,147
265,147
264,146
263,146
262,145
261,145
260,144
258,144
257,143
253,143
249,139
248,139
247,138
246,138
245,137
244,137
243,136
242,136
241,135
240,135
239,134
238,134
237,133
236,133
235,132
234,132
233,131
232,131
229,128
228,128
227,127
226,127
225,126
224,126
223,125
221,125
220,124
217,124
216,123
215,123
214,122
212,122
211,121
204,121
203,120
202,120
201,119
200,119
199,118
198,118
197,117
196,117
195,116
194,116
193,115
192,115
191,114
190,114
189,113
187,113
186,112
183,112
