674
251,155
250,156
247,156
246,157
235,157
234,158
223,158
222,159
219,159
218,160
206,160
205,161
202,161
201,162
194,162
193,163
189,163
188,164
185,164
184,165
176,165
175,166
172,166
171,167
165,167
164,168
161,168
160,169
156,169
155,170
152,170
151,171
149,171
148,172
144,172
143,173
139,173
138,174
135,174
134,175
132,175
131,176
130,176
129,177
126,177
125,178
122,178
121,179
118,179
117,180
115,180
114,181
112,181
111,182
110,182
109,183
108,183
107,184
105,184
104,185
102,185
101,186
100,186
99,187
98,187
97,188
96,188
95,189
94,189
93,190
92,190
91,191
89,191
88,192
87,192
86,193
85,193
84,194
83,194
81,196
80,196
79,197
78,197
76,199
75,199
73,201
72,201
69,204
68,204
66,206
65,206
61,210
61,212
60,213
60,217
61,218
61,220
64,223
66,223
68,225
70,225
73,228
74,228
75,229
76,229
77,230
78,230
80,232
81,232
83,234
84,234
85,235
86,235
87,236
88,236
89,237
90,237
91,238
92,238
93,239
94,239
95,240
96,240
98,242
99,242
101,244
102,244
103,245
104,245
105,246
106,246
107,247
108,247
112,251
113,251
115,253
116,253
124,261
124,262
125,262
131,268
131,269
132,269
142,279
142,280
144,282
144,283
146,285
146,286
148,288
148,289
150,291
150,296
147,299
141,299
140,298
137,298
136,297
132,297
131,296
129,296
128,295
125,295
124,294
121,294
120,293
119,293
118,292
116,292
115,291
112,291
111,290
110,290
109,289
107,289
106,288
103,288
102,287
98,287
97,286
96,286
95,285
93,285
92,284
85,284
84,283
80,283
79,282
72,282
71,281
70,282
69,282
69,283
68,284
68,290
69,291
69,293
70,294
70,295
71,296
71,297
72,298
72,300
73,301
73,304
74,305
74,308
75,309
75,316
76,317
76,320
77,321
77,324
78,325
78,327
79,328
79,331
80,332
80,334
81,335
81,337
82,338
82,339
83,340
83,342
84,343
84,344
85,345
85,346
86,347
86,349
87,350
87,352
88,353
88,354
89,355
89,356
91,358
91,359
92,360
92,361
93,362
93,363
94,364
94,365
96,367
96,368
97,369
97,371
98,372
98,375
99,376
99,383
100,384
100,388
101,389
101,392
102,393
102,395
109,395
110,394
112,394
113,393
115,393
116,392
118,392
119,391
120,391
123,388
124,388
126,386
127,386
129,384
130,384
134,380
136,380
137,379
138,379
143,374
144,374
145,373
147,373
148,372
149,372
150,371
152,371
154,369
157,369
159,371
159,378
158,379
158,381
157,382
157,383
156,384
156,386
155,387
155,389
154,390
154,393
153,394
153,398
150,401
150,402
149,403
149,405
148,406
148,408
147,409
147,410
146,411
146,413
145,414
145,415
143,417
143,418
142,419
142,421
141,422
141,423
140,424
140,425
138,427
138,432
140,434
141,434
142,435
143,435
144,436
145,436
146,437
148,437
149,438
152,438
153,439
156,439
157,440
160,440
161,441
165,441
166,442
170,442
171,443
199,443
200,442
203,442
204,441
212,441
213,440
216,440
217,439
221,439
222,438
225,438
226,437
229,437
230,436
233,436
234,435
237,435
238,434
243,434
244,433
247,433
248,432
253,432
254,431
257,431
258,430
261,430
262,429
266,429
267,428
270,428
271,427
276,427
277,426
281,426
282,425
285,425
286,424
291,424
292,423
295,423
296,422
301,422
302,421
305,421
306,420
312,420
313,419
316,419
317,418
327,418
328,417
332,417
333,416
336,416
337,415
341,415
342,416
343,416
345,418
345,422
344,423
344,424
342,426
342,427
319,450
319,451
318,452
318,457
319,458
319,462
318,463
318,464
317,465
317,466
315,468
315,470
314,471
315,472
315,473
330,473
331,472
336,472
337,471
340,471
341,470
344,470
345,469
348,469
349,468
352,468
353,467
355,467
356,466
357,466
358,465
359,465
360,464
362,464
363,463
365,463
366,462
367,462
368,461
369,461
370,460
371,460
372,459
373,459
374,458
375,458
376,457
377,457
378,456
379,456
380,455
381,455
382,454
383,454
384,453
385,453
386,452
387,452
388,451
389,451
392,448
393,448
394,447
395,447
397,445
398,445
400,443
401,443
403,441
404,441
408,437
409,437
412,434
412,433
415,430
416,430
418,428
419,428
420,427
421,427
422,426
423,426
433,416
433,415
441,407
442,407
443,406
444,406
445,405
447,405
448,404
449,404
450,403
452,403
453,402
455,402
457,400
459,400
460,399
461,399
462,398
463,398
464,397
465,397
467,395
469,395
471,393
472,393
474,391
475,391
478,388
479,388
481,386
482,386
487,381
488,381
489,380
490,380
491,379
492,379
493,378
494,378
496,376
497,376
499,374
502,374
503,373
505,373
507,371
508,371
509,370
510,370
513,367
514,367
519,362
520,362
557,325
557,324
558,323
558,322
559,321
559,317
558,316
558,315
557,314
556,314
555,313
554,313
553,312
553,311
555,309
555,302
554,301
554,300
552,298
551,298
549,296
548,296
547,295
546,295
545,294
543,294
542,293
540,293
532,285
532,284
530,282
530,281
523,274
523,273
516,266
516,265
514,263
514,262
506,254
506,253
504,251
504,250
498,244
498,243
494,239
494,238
491,235
491,234
477,220
476,220
473,217
472,217
455,200
454,200
453,199
452,199
451,198
450,198
449,197
448,197
445,194
444,194
442,192
441,192
439,190
438,190
435,187
434,187
433,186
432,186
430,184
429,184
427,182
426,182
425,181
424,181
423,180
422,180
421,179
420,179
419,178
418,178
417,177
416,177
415,176
414,176
413,175
412,175
411,174
409,174
408,173
406,173
405,172
404,172
403,171
401,171
400,170
398,170
397,169
394,169
393,168
390,168
389,167
387,167
386,166
383,166
382,165
379,165
378,164
375,164
374,163
371,163
370,162
366,162
365,161
361,161
360,160
348,160
347,159
344,159
343,158
340,158
339,157
311,157
310,158
306,158
304,156
303,156
302,155
251,155
