683
331,97
330,98
329,98
329,99
328,100
328,101
327,102
327,103
325,105
325,106
324,107
324,108
323,109
323,112
322,113
322,115
318,119
318,120
317,121
317,123
314,126
313,126
312,127
311,127
310,128
310,129
309,130
309,131
308,132
308,133
307,134
307,139
308,140
308,142
309,143
309,146
310,147
310,150
311,151
311,154
312,155
312,174
311,175
311,182
312,183
312,196
311,197
311,199
310,200
310,201
309,202
309,203
308,204
308,205
307,206
307,207
303,211
302,211
302,212
301,213
301,214
300,215
300,217
296,221
295,221
291,225
290,225
287,228
286,228
284,230
282,230
281,231
280,231
279,232
278,232
276,234
275,234
274,235
272,235
271,236
270,236
269,237
268,237
267,238
266,238
265,239
264,239
263,240
261,240
260,241
258,241
257,242
249,242
248,241
243,241
242,242
235,242
233,240
233,237
232,236
232,221
231,221
230,220
228,220
227,219
224,219
221,216
221,215
220,214
220,213
219,212
219,211
218,210
218,209
215,206
215,204
214,203
214,201
213,200
213,198
212,197
212,196
211,195
211,194
208,191
207,191
206,190
205,190
204,189
201,189
200,188
196,188
192,184
192,182
191,181
191,177
190,176
190,175
189,174
189,172
188,171
188,170
187,169
184,169
183,170
183,171
182,172
182,175
181,176
181,179
180,180
180,182
179,183
179,184
178,185
178,186
177,187
177,189
174,192
173,192
172,193
171,193
170,194
169,194
167,196
167,197
162,202
162,203
161,204
161,205
160,206
160,209
159,210
159,224
160,225
160,233
157,236
156,236
156,237
151,242
151,243
150,244
150,246
149,247
149,249
148,250
148,251
147,252
147,253
146,254
146,255
145,256
145,257
144,258
144,260
143,261
143,262
142,263
142,264
141,265
141,268
140,269
140,272
139,273
139,284
138,285
138,327
139,328
139,335
140,336
140,341
141,342
141,345
142,346
142,348
143,349
143,352
144,353
144,356
145,357
145,359
146,360
146,361
147,362
147,363
148,364
148,365
149,366
149,367
150,368
150,369
151,370
151,371
153,373
153,374
154,375
154,376
155,377
155,378
156,379
156,380
161,385
161,386
162,387
162,388
165,391
165,392
168,395
168,396
179,407
180,407
184,411
185,411
186,412
187,412
188,413
189,413
190,414
191,414
192,415
193,415
194,416
195,416
196,417
198,417
199,418
201,418
202,419
204,419
205,420
207,420
208,421
210,421
211,422
219,422
220,423
235,423
236,422
266,422
267,423
274,423
275,424
284,424
285,423
287,423
288,424
291,424
292,425
293,425
296,428
296,429
297,430
297,440
298,441
298,444
299,445
299,446
300,447
300,454
299,455
299,456
298,457
298,458
296,460
296,461
295,462
295,464
294,465
294,466
290,470
289,470
288,471
265,471
264,470
263,471
261,471
260,472
259,472
259,473
258,474
259,475
259,477
262,480
265,480
266,481
273,481
274,482
278,482
279,483
281,483
284,486
286,486
288,488
288,489
285,492
284,492
279,497
278,497
276,499
275,499
274,500
273,500
270,503
269,503
268,504
268,505
265,508
265,509
260,514
259,514
258,515
258,519
264,519
266,517
267,517
269,515
271,515
272,514
274,514
277,511
278,511
279,510
281,510
282,509
284,509
286,507
287,507
288,506
289,506
291,504
292,504
298,498
302,498
306,502
307,502
309,504
310,504
311,505
312,505
313,506
314,506
316,508
318,508
319,509
325,509
325,505
324,504
324,503
322,501
322,499
321,498
321,496
320,495
320,493
319,492
319,491
318,490
318,487
317,486
317,485
320,482
321,482
322,481
324,481
325,480
327,480
328,479
329,479
330,478
332,478
333,477
334,477
334,473
333,473
332,472
331,472
330,471
329,471
328,470
327,470
323,466
322,466
319,463
319,462
318,461
318,459
317,458
317,455
316,454
317,453
317,450
318,449
318,444
319,443
319,440
320,439
320,437
321,436
321,434
322,433
322,432
324,430
324,429
325,428
325,419
327,417
328,417
329,416
330,416
331,417
343,417
345,415
348,415
349,414
350,414
351,415
354,415
355,416
360,416
361,415
362,415
363,414
365,414
366,413
368,413
369,414
377,414
378,413
379,413
380,412
381,412
384,409
385,409
387,407
388,407
389,406
399,406
401,404
402,404
403,403
406,403
407,402
410,402
411,403
411,419
409,421
409,422
397,434
397,436
396,437
397,438
397,439
404,439
405,438
406,438
419,425
420,425
420,423
421,422
421,420
424,417
426,417
428,419
428,430
429,431
429,433
430,434
430,435
431,436
436,436
436,434
437,433
437,431
438,430
438,405
437,404
437,403
436,402
435,402
433,400
433,397
434,396
434,384
433,383
433,369
434,368
434,346
435,345
435,327
434,327
430,323
430,322
429,321
428,321
424,317
424,316
423,316
419,312
419,310
416,307
416,306
415,305
415,301
416,300
416,297
417,296
417,294
418,293
418,291
419,290
419,287
420,286
420,284
421,283
421,282
423,280
423,278
424,277
424,275
425,274
425,273
426,272
426,271
428,269
428,267
429,266
429,265
431,263
431,262
432,261
432,260
434,258
434,256
435,255
435,254
438,251
438,250
439,249
439,248
441,246
441,232
442,231
442,221
440,219
439,219
436,216
435,216
434,215
433,215
430,212
430,211
429,210
429,204
430,203
430,199
431,198
431,196
432,195
432,194
433,193
433,178
432,177
431,177
430,176
427,176
426,175
424,175
423,174
422,174
419,171
418,171
414,167
414,166
411,163
411,160
410,159
410,155
408,153
408,152
407,151
407,149
404,146
404,145
398,139
398,138
395,135
395,134
391,130
391,129
387,125
387,124
386,123
386,122
381,117
380,117
379,116
378,116
376,114
375,114
374,113
373,113
372,112
371,112
370,111
369,111
368,110
367,110
366,109
365,109
364,108
362,108
361,107
358,107
357,108
356,108
355,109
355,110
354,111
354,112
353,113
353,116
352,117
352,118
351,119
349,119
348,118
347,118
343,114
343,113
342,112
342,111
340,109
340,108
338,106
338,105
337,104
337,102
335,100
335,99
334,98
333,98
332,97
331,97
