893
414,104
413,105
413,106
412,107
412,108
411,109
411,111
410,112
410,113
409,114
409,115
408,116
408,118
407,119
407,120
405,122
397,114
397,113
391,107
387,107
387,111
388,112
388,114
389,115
389,117
390,118
390,120
391,121
391,125
390,126
388,126
387,125
386,125
385,124
384,124
383,123
382,123
380,121
379,121
378,120
377,120
374,117
373,117
372,116
368,116
368,120
370,122
370,123
371,124
371,125
372,126
372,127
373,128
373,131
372,132
368,132
367,131
364,131
363,130
361,130
360,131
359,131
359,132
358,133
358,135
357,136
357,139
356,140
356,147
357,148
357,150
358,151
358,152
359,153
359,154
360,155
360,156
364,160
366,160
367,161
369,161
370,162
381,162
383,164
383,166
382,167
382,168
381,169
381,171
380,172
380,174
379,175
379,176
378,177
374,177
373,178
371,178
371,179
366,184
366,185
360,191
360,192
359,193
359,195
358,196
358,199
357,200
357,205
353,209
352,209
351,210
351,212
350,213
350,218
346,222
345,222
344,223
344,224
343,225
343,227
342,228
342,230
341,231
341,232
340,233
340,234
339,235
339,238
338,239
338,243
337,244
337,245
336,246
336,248
335,249
335,251
334,252
334,253
333,254
333,257
332,258
332,272
331,273
331,276
330,277
330,279
329,280
329,283
328,284
328,287
327,288
327,290
326,291
326,293
325,294
325,295
324,296
324,298
323,299
323,300
322,301
322,303
321,304
321,305
320,306
320,307
319,308
319,309
315,313
315,314
310,319
310,320
309,321
309,322
308,323
308,324
306,326
305,326
302,323
302,321
301,320
301,317
300,316
300,314
299,313
299,311
298,310
298,308
297,307
297,305
296,304
296,303
295,302
295,300
294,299
294,285
293,284
293,282
292,281
292,278
291,277
291,274
290,273
290,269
289,268
289,266
288,265
288,264
285,261
285,260
284,259
284,249
283,248
283,246
282,245
282,243
281,242
281,241
280,240
280,238
279,237
279,235
278,234
278,233
276,231
276,230
273,227
273,225
272,224
272,223
271,222
271,221
268,218
268,217
267,217
264,214
263,214
236,187
235,187
232,184
231,184
230,183
229,183
227,181
226,181
225,180
224,180
223,179
222,179
221,178
220,178
219,177
218,177
217,176
215,176
214,175
212,175
211,174
209,174
208,173
206,173
205,172
202,172
201,171
198,171
197,170
193,170
192,169
183,169
182,168
167,168
166,169
161,169
160,170
157,170
156,171
152,171
151,172
145,172
144,173
140,173
139,174
136,174
135,175
133,175
132,176
131,176
128,179
126,179
125,180
123,180
122,181
121,181
120,182
119,182
118,183
117,183
115,185
114,185
113,186
112,186
105,193
104,193
103,194
102,194
101,195
100,195
99,196
98,196
97,197
96,197
94,199
93,199
88,204
87,204
83,208
82,208
81,209
81,210
80,211
80,212
79,213
79,214
78,215
78,217
77,218
77,219
76,220
76,222
75,223
75,225
74,226
74,229
73,230
73,233
72,234
72,237
71,238
71,244
70,245
70,249
71,250
75,250
76,249
76,248
78,246
78,245
79,244
79,243
81,241
81,240
82,239
82,238
83,237
83,236
85,234
85,233
86,232
86,231
89,228
89,227
92,224
92,223
96,219
96,218
110,204
111,204
115,200
118,200
119,199
134,199
135,200
138,200
139,201
142,201
144,203
145,203
146,204
147,204
151,208
152,208
154,210
154,211
152,213
152,214
151,215
151,218
150,219
150,225
151,226
151,230
150,231
150,232
146,236
146,237
145,238
145,239
144,240
144,241
143,242
143,243
137,249
137,250
133,254
133,255
132,256
132,257
130,259
130,260
128,262
124,262
123,261
120,261
119,260
118,261
117,261
116,262
116,264
115,265
115,266
116,267
116,269
119,272
119,279
118,280
118,285
117,286
117,303
118,304
118,308
119,309
119,314
120,315
120,319
121,320
121,323
122,324
122,327
123,328
123,330
124,331
124,333
125,334
125,335
126,336
126,337
127,338
127,340
128,341
128,342
129,343
129,344
133,344
133,341
134,340
134,329
133,328
133,323
136,320
139,320
140,319
149,319
150,320
151,320
153,322
153,339
152,340
152,347
153,348
153,350
154,351
154,352
155,353
156,353
159,356
171,356
174,359
175,359
176,360
178,360
180,362
180,372
179,373
179,380
180,381
180,382
187,382
188,381
191,381
192,380
192,379
193,378
193,377
198,372
203,372
204,373
207,373
208,374
211,374
212,375
214,375
217,378
217,380
218,381
218,386
217,387
217,394
218,395
218,398
219,399
219,400
225,400
226,399
226,398
227,397
227,396
228,395
228,394
229,393
229,392
230,391
230,390
232,388
232,387
236,383
237,383
239,385
239,389
238,390
238,391
237,392
237,395
236,396
236,407
237,408
237,412
238,413
238,417
239,418
239,422
240,423
240,426
241,427
241,430
242,431
242,432
243,433
243,434
244,435
244,436
245,437
245,438
246,439
246,440
251,440
251,439
252,438
252,437
255,434
256,434
257,433
258,433
258,430
259,429
259,426
262,423
262,421
264,419
265,419
266,418
267,418
268,419
269,419
272,422
272,423
274,425
277,425
277,424
278,423
278,421
280,419
283,419
286,422
286,424
287,425
287,426
288,427
288,429
289,430
289,431
290,432
290,434
291,435
291,436
292,437
292,438
293,439
293,440
294,441
294,442
295,443
295,444
296,445
296,446
297,447
297,448
298,449
298,450
299,451
303,451
303,443
302,442
302,431
303,430
303,429
305,427
306,427
307,428
307,430
308,431
308,434
309,435
309,438
310,439
310,442
311,443
311,446
312,447
312,448
313,449
313,450
314,451
314,452
315,453
315,454
316,455
316,456
317,457
317,459
318,460
318,462
319,463
319,464
320,465
320,466
322,468
322,469
323,470
331,470
334,473
334,474
335,475
335,476
336,477
336,478
337,479
337,481
338,482
338,483
339,484
339,485
347,485
348,486
351,486
352,487
353,487
354,488
355,488
356,489
357,489
358,490
359,490
360,491
361,491
362,492
364,492
365,493
370,493
373,490
375,490
376,489
409,489
409,486
407,484
407,483
409,481
411,481
412,480
416,480
416,477
415,477
414,476
412,476
411,475
407,475
406,474
392,474
389,471
387,471
386,470
375,470
373,468
373,467
372,466
373,465
373,464
375,462
375,461
378,458
378,457
382,453
382,452
384,450
384,449
386,447
386,446
388,444
388,443
398,433
399,433
402,430
403,430
405,428
406,428
414,420
414,419
416,417
416,416
418,414
418,413
419,412
419,411
420,410
420,409
421,408
421,407
422,406
422,405
423,404
423,403
424,402
424,400
425,399
425,398
426,397
426,395
427,394
427,392
428,391
428,389
429,388
429,384
430,383
430,380
431,379
431,377
432,376
432,374
433,373
433,371
434,370
434,368
436,366
436,365
438,363
438,362
440,360
440,359
441,358
441,357
442,356
442,345
443,344
443,341
444,340
444,326
445,325
445,315
446,314
446,304
445,303
445,296
444,295
444,292
443,291
443,288
442,287
442,284
441,283
441,272
440,271
440,265
439,264
439,263
438,262
438,259
437,258
437,256
436,255
436,253
435,252
435,250
434,249
434,247
432,245
432,243
431,242
431,239
430,238
430,235
429,234
429,233
430,232
430,231
435,226
435,225
437,223
437,222
438,221
438,220
439,219
439,217
440,216
440,214
441,213
441,211
442,210
442,194
441,193
441,192
440,191
440,189
439,188
439,187
438,186
438,185
436,183
436,182
435,181
435,180
434,179
434,178
437,175
439,175
440,174
442,174
443,173
445,173
446,172
447,172
447,168
445,166
445,164
447,162
448,162
449,161
449,160
451,158
451,156
452,155
452,143
451,142
451,140
450,139
450,137
449,136
449,135
448,134
448,132
447,131
447,126
439,126
437,124
437,123
436,122
436,116
432,116
428,120
427,120
426,121
424,121
422,119
422,117
421,116
421,115
420,114
420,111
419,110
419,108
418,107
418,105
417,104
414,104
