834
257,130
256,131
254,131
251,134
251,135
250,136
250,137
248,139
243,139
242,140
239,140
238,141
234,141
233,142
230,142
229,143
226,143
224,141
222,141
221,140
218,140
217,139
216,139
215,138
213,138
212,137
211,137
210,136
209,136
208,135
204,135
204,136
203,137
203,146
204,147
204,150
205,151
205,153
206,154
206,155
208,157
208,158
209,159
209,167
210,168
210,171
206,175
206,176
205,177
205,188
204,189
204,193
203,194
203,196
202,197
202,198
199,201
199,202
198,203
198,204
197,205
197,206
196,207
196,210
195,211
195,214
194,215
194,218
193,219
193,220
192,221
192,224
191,225
191,228
190,229
190,237
189,238
189,241
188,242
188,246
187,247
187,250
186,251
186,254
185,255
186,256
186,264
185,265
185,266
186,267
186,271
187,272
187,274
188,275
188,277
189,278
189,283
190,284
190,287
191,288
191,300
192,301
192,303
193,304
193,306
194,307
194,310
195,311
195,312
197,314
197,316
198,317
198,318
199,319
199,320
200,321
200,322
201,323
201,324
202,325
202,326
203,327
203,328
205,330
205,332
206,333
206,334
208,336
208,337
209,338
209,341
210,342
210,344
211,345
211,346
212,347
212,358
213,359
213,362
214,363
214,370
215,371
215,382
216,383
216,387
217,388
217,394
216,395
216,399
215,400
215,403
216,404
216,407
217,408
217,410
218,411
218,416
217,417
217,418
218,419
218,429
217,430
217,433
216,434
216,440
217,441
217,443
218,444
218,446
219,447
219,449
220,450
220,466
221,467
221,470
222,471
222,473
223,474
223,479
224,480
224,485
225,486
225,489
226,490
226,493
227,494
227,497
228,498
228,500
229,501
229,510
230,511
230,513
231,514
231,515
234,518
236,518
238,520
240,520
241,521
243,521
244,522
249,522
249,520
250,519
250,517
251,516
251,515
252,514
252,513
253,512
253,511
254,510
254,499
255,498
255,491
254,490
254,489
253,488
253,484
252,483
252,482
251,481
252,480
252,478
253,477
253,476
255,474
255,468
254,468
253,467
252,467
251,466
250,466
249,465
249,464
248,463
248,458
247,457
247,456
246,455
246,454
244,452
244,449
243,448
243,440
242,439
242,436
241,435
241,432
240,431
240,428
239,427
239,426
240,425
240,423
241,422
241,411
240,410
240,407
239,406
239,402
240,401
240,399
241,398
241,397
242,396
242,394
243,393
243,391
244,390
244,376
245,375
245,356
244,355
244,354
243,353
243,348
242,347
242,345
241,344
243,342
245,342
246,343
250,343
251,344
253,344
254,345
255,345
256,346
257,346
261,350
265,350
266,351
269,351
270,352
275,352
276,353
277,353
279,355
279,356
280,357
280,358
281,359
281,360
282,361
282,363
283,364
283,365
284,366
284,367
285,368
285,370
286,371
286,373
287,374
287,375
288,376
288,377
290,379
290,380
291,381
291,382
292,383
292,384
294,386
294,387
295,388
295,389
296,390
296,391
298,393
298,394
304,400
304,401
305,402
305,403
311,409
311,410
312,411
312,412
314,414
314,415
319,420
319,421
320,422
320,424
321,425
321,430
322,431
322,434
323,435
323,444
324,445
324,460
323,461
323,464
322,465
322,468
321,469
321,478
320,479
320,484
319,485
319,487
318,488
318,490
310,498
310,499
309,500
309,501
308,502
308,505
307,506
307,508
306,509
306,513
309,516
309,520
310,521
310,522
322,522
323,521
325,521
326,520
328,520
334,514
334,513
336,511
336,510
341,505
342,505
345,502
346,502
349,499
350,499
351,498
352,498
353,497
355,497
357,495
358,495
361,492
361,490
362,489
362,481
361,480
361,476
360,475
360,473
359,472
359,471
355,467
355,466
352,463
352,461
351,460
351,458
350,457
350,454
351,453
351,452
352,451
352,450
353,449
353,447
354,446
354,425
353,424
353,423
352,422
352,421
351,420
351,419
350,418
350,417
348,415
348,414
346,412
346,411
345,410
345,409
344,408
344,406
343,405
343,403
342,402
342,401
337,396
337,395
336,394
336,392
335,391
335,382
334,381
334,376
333,375
333,367
332,366
332,364
331,363
331,349
330,348
330,344
329,343
329,341
328,340
328,338
327,337
327,327
326,326
326,324
327,323
327,320
329,318
329,317
331,315
331,314
332,313
332,311
333,310
333,309
339,303
340,303
340,301
342,299
346,303
346,304
347,305
347,306
351,310
351,311
352,312
352,314
353,315
353,318
354,319
354,320
355,321
355,322
357,324
357,325
358,326
358,327
360,329
360,331
361,332
361,333
362,334
362,335
363,336
363,337
364,338
364,339
365,340
365,341
367,343
367,344
369,346
369,347
370,348
370,349
373,352
373,353
374,354
374,356
375,357
375,358
376,359
376,360
377,361
377,362
379,364
379,366
380,367
380,369
377,372
377,374
376,375
376,377
377,378
377,391
376,392
376,405
375,406
375,413
374,414
374,420
373,421
373,425
372,426
372,428
371,429
371,431
370,432
370,435
369,436
369,443
370,444
370,448
371,449
371,455
372,456
372,458
373,459
373,461
374,462
374,464
375,465
375,467
376,468
377,468
382,473
382,474
383,474
384,475
389,475
392,472
392,470
393,469
393,468
394,467
394,466
395,465
395,463
396,462
396,458
397,457
397,456
399,454
399,453
400,452
400,450
401,449
401,436
400,435
400,426
399,425
399,419
398,418
398,396
399,395
399,389
400,388
400,383
399,382
399,377
398,376
398,374
399,373
399,372
400,371
400,369
401,368
401,360
400,359
400,357
397,354
397,353
396,352
396,349
395,348
395,344
394,343
394,338
393,337
393,326
392,325
392,316
393,315
393,312
394,311
394,304
396,302
397,302
400,305
400,306
401,307
401,309
402,310
402,311
403,312
403,313
404,314
404,315
407,318
407,319
408,320
408,321
410,323
410,333
411,334
411,343
412,344
412,347
413,348
413,349
414,350
414,352
415,353
415,355
416,356
416,357
419,360
419,361
420,362
420,363
421,364
421,365
423,367
424,367
425,368
426,368
427,369
435,369
436,368
437,368
438,367
443,367
443,366
444,365
444,363
450,357
450,356
451,355
451,353
452,352
452,350
453,349
453,336
452,335
452,333
450,333
449,332
446,332
445,331
444,332
442,332
441,333
440,333
439,334
435,334
433,332
433,329
432,328
432,323
431,322
431,320
430,319
430,317
429,316
429,310
428,309
428,307
426,305
426,304
425,303
425,301
424,300
424,299
423,298
423,296
422,295
422,293
418,289
418,287
417,286
417,280
416,279
416,278
415,277
415,276
412,273
412,272
410,270
410,269
408,267
408,265
407,264
407,262
404,259
403,259
400,256
400,255
399,254
399,252
398,251
398,248
397,247
397,244
396,243
396,241
395,240
395,236
394,235
394,229
393,228
393,226
392,225
392,224
390,222
390,220
389,220
383,214
383,213
382,212
382,211
381,210
381,209
380,208
380,207
379,206
379,205
378,205
374,201
374,198
369,193
369,192
368,191
367,191
364,188
363,188
362,187
361,187
360,186
359,186
357,184
356,184
351,179
350,179
348,177
347,177
345,175
344,175
342,173
341,173
339,171
338,171
337,170
335,170
334,169
324,169
323,170
320,170
319,171
312,171
311,172
308,172
307,173
304,173
303,172
303,168
304,167
304,158
297,151
296,151
295,150
294,150
291,147
290,147
289,146
287,146
286,145
283,145
277,139
277,138
272,133
271,133
270,132
269,132
268,131
265,131
264,130
257,130
