1036
118,38
118,40
120,42
121,42
122,43
123,43
124,44
125,44
129,48
130,48
131,49
132,49
135,52
135,53
136,54
137,54
138,55
139,55
143,59
143,60
144,60
150,66
150,67
151,68
152,68
157,73
157,74
164,81
164,82
171,89
171,90
172,90
176,94
176,95
177,96
177,97
182,102
182,103
184,105
184,106
185,107
185,108
186,109
186,110
188,112
188,113
190,115
190,116
191,117
191,118
192,119
192,120
193,121
193,122
197,126
197,127
198,128
198,129
199,130
199,131
200,132
200,133
201,134
201,135
204,138
204,139
205,140
205,141
206,142
206,143
208,145
208,146
210,148
210,149
211,150
211,151
212,152
212,153
213,154
213,155
214,156
214,157
217,160
217,161
218,162
218,164
219,165
219,166
220,167
220,168
221,169
221,170
222,171
222,172
223,173
223,176
222,177
222,178
218,182
215,182
214,183
208,183
207,184
198,184
197,185
188,185
187,186
179,186
178,187
164,187
163,188
160,188
159,189
158,189
157,190
156,190
155,191
152,191
151,192
146,192
145,193
142,193
141,194
138,194
137,195
135,195
134,196
132,196
131,197
129,197
128,198
126,198
125,199
121,199
120,200
116,200
115,201
112,201
111,202
110,202
109,203
107,203
106,204
105,204
104,205
102,205
101,206
99,206
98,207
95,207
94,208
91,208
90,209
89,209
88,210
87,210
86,211
85,211
84,212
83,212
82,213
80,213
79,214
76,214
75,215
73,215
72,216
71,216
69,218
68,218
67,219
66,219
65,220
63,220
62,221
60,221
59,222
58,222
57,223
56,223
55,224
54,224
53,225
52,225
50,227
48,227
47,228
45,228
44,229
43,229
42,230
41,230
39,232
39,234
40,234
41,235
56,235
57,236
72,236
73,237
83,237
84,238
90,238
91,239
96,239
97,240
108,240
109,241
125,241
126,242
143,242
144,243
162,243
163,244
186,244
187,245
190,245
191,246
192,246
193,247
205,247
206,248
207,248
210,251
210,253
211,254
211,256
212,257
212,258
214,260
214,261
215,262
216,262
219,265
219,267
220,268
220,269
221,270
221,271
225,275
225,276
226,277
226,278
234,286
234,287
235,288
235,289
236,290
237,290
242,295
242,296
243,297
244,297
245,298
246,298
252,304
253,304
254,305
255,305
256,306
257,306
263,312
265,312
266,313
267,313
270,316
271,316
274,319
275,319
276,320
277,320
278,321
280,321
283,324
284,324
285,325
287,325
288,326
291,326
292,327
294,327
295,328
297,328
299,330
301,330
303,332
304,332
308,336
308,337
309,338
309,339
310,340
310,341
311,342
311,344
312,345
312,346
317,351
317,352
318,353
318,354
319,355
320,355
324,359
324,360
326,362
327,362
332,367
333,367
334,368
335,368
336,369
337,369
338,370
339,370
340,371
341,371
343,373
344,373
345,374
346,374
347,375
349,375
350,376
353,376
354,377
356,377
357,378
360,378
361,379
363,379
364,380
367,380
368,381
374,381
375,382
410,382
411,381
419,381
420,380
425,380
426,379
431,379
432,378
436,378
437,377
442,377
443,376
449,376
450,375
457,375
458,374
461,374
462,373
464,373
465,372
468,372
469,371
471,371
471,369
470,369
469,368
456,368
455,367
437,367
436,366
429,366
428,365
422,365
421,364
416,364
415,363
410,363
409,362
404,362
403,361
400,361
399,360
397,360
394,357
393,357
392,356
391,356
387,352
387,351
386,350
386,348
385,347
385,346
384,345
384,341
385,340
385,339
386,338
386,337
387,336
387,335
390,332
390,331
394,327
394,326
395,325
395,324
399,320
400,320
401,319
401,318
402,317
402,316
406,312
407,312
408,311
408,310
409,309
409,308
412,305
413,305
420,298
421,298
422,297
422,296
427,291
428,291
429,290
430,290
430,289
434,285
435,285
436,284
437,284
441,280
442,280
445,277
446,277
447,276
448,276
452,272
453,272
455,270
457,270
459,268
460,268
463,265
464,265
465,264
466,264
467,263
469,263
470,262
471,262
474,259
475,259
476,258
477,258
478,257
479,257
480,256
482,256
483,255
485,255
487,253
488,253
490,251
491,251
492,250
495,250
496,249
498,249
499,248
501,248
502,247
503,247
504,246
505,246
506,245
507,245
508,244
509,244
510,243
513,243
514,242
517,242
518,241
521,241
522,240
524,240
525,239
526,239
527,238
528,238
529,237
532,237
533,236
537,236
538,235
544,235
545,234
550,234
551,233
555,233
556,232
560,232
560,229
555,229
554,228
525,228
524,229
515,229
514,230
510,230
509,231
505,231
504,232
501,232
500,233
496,233
495,234
490,234
489,235
484,235
483,236
480,236
479,237
476,237
475,238
474,238
473,239
472,239
471,240
469,240
468,241
466,241
465,242
463,242
462,243
459,243
458,244
456,244
455,245
454,245
453,246
452,246
450,248
448,248
447,249
446,249
445,250
444,250
443,251
442,251
441,252
440,252
438,254
437,254
435,256
433,256
432,257
431,257
430,258
429,258
426,261
425,261
424,262
423,262
422,263
421,263
419,265
418,265
417,266
416,266
413,269
412,269
411,270
409,270
408,271
406,271
405,272
403,272
402,273
401,273
396,278
395,278
394,279
393,279
392,280
391,280
387,284
386,284
384,286
383,286
382,287
381,287
381,288
378,291
377,291
374,294
374,295
371,298
370,298
369,299
368,299
362,305
361,305
359,307
358,307
358,308
355,311
354,311
353,312
353,313
350,316
345,316
344,315
343,315
342,314
340,314
337,311
336,311
335,310
334,310
331,307
330,307
329,306
328,306
327,305
326,305
323,302
322,302
321,301
320,301
318,299
317,299
316,298
315,298
314,297
313,297
309,293
308,293
307,292
306,292
301,287
301,286
297,282
297,280
296,279
296,275
295,274
295,272
296,271
296,266
297,265
297,263
299,261
300,261
301,260
302,260
303,261
313,261
314,262
331,262
332,263
383,263
384,262
385,262
385,259
383,257
382,257
380,255
379,255
374,250
373,250
372,249
370,249
369,248
368,248
364,244
363,244
362,243
360,243
359,242
358,242
357,241
356,241
355,240
354,240
351,237
350,237
349,236
347,236
346,235
345,235
344,234
342,234
341,233
340,233
338,231
337,231
336,230
335,230
333,228
333,227
336,224
337,224
340,221
341,221
342,220
344,220
348,216
349,216
350,215
351,215
352,214
353,214
354,213
355,213
356,212
357,212
358,211
359,211
362,208
363,208
364,207
366,207
367,206
368,206
369,205
370,205
371,204
372,204
373,203
374,203
376,201
378,201
379,200
381,200
382,199
384,199
385,198
387,198
389,196
390,196
392,194
393,194
394,193
394,192
396,190
396,189
399,186
400,186
401,185
401,184
402,183
402,182
405,179
406,179
408,177
408,176
409,175
409,174
412,171
413,171
415,169
415,168
416,167
416,166
420,162
420,161
421,160
421,159
425,155
426,155
428,153
428,152
429,151
429,150
433,146
434,146
434,145
436,143
436,142
442,136
442,134
443,133
443,131
450,124
450,123
451,122
451,121
456,116
456,115
457,114
457,113
458,112
458,111
459,110
459,109
463,105
463,104
464,103
464,101
465,100
465,99
469,95
469,94
470,93
470,92
471,91
471,90
472,89
472,87
476,83
476,82
477,81
477,80
478,79
478,78
479,77
479,76
480,75
480,74
481,73
481,72
482,71
482,70
483,69
483,66
482,65
482,64
481,63
480,63
479,62
478,62
477,61
474,61
473,60
469,60
468,59
451,59
450,60
435,60
434,61
420,61
419,62
396,62
395,63
392,63
391,64
389,64
388,65
384,65
383,66
379,66
378,67
376,67
375,68
373,68
372,69
369,69
368,70
366,70
365,71
363,71
362,72
359,72
358,73
356,73
355,74
353,74
352,75
350,75
349,76
346,76
345,77
343,77
342,78
340,78
339,79
338,79
337,80
335,80
334,81
333,81
332,82
331,82
330,83
328,83
327,84
325,84
324,85
323,85
322,86
321,86
320,87
319,87
318,88
317,88
316,89
315,89
314,90
313,90
312,91
311,91
310,92
309,92
308,93
307,93
306,94
305,94
302,97
301,97
300,98
299,98
298,99
297,99
293,103
292,103
291,104
290,104
286,108
285,108
283,110
278,110
274,106
273,106
272,105
271,105
267,101
266,101
265,100
264,100
261,97
260,97
259,96
258,96
256,94
255,94
253,92
252,92
251,91
250,91
249,90
248,90
246,88
245,88
244,87
243,87
241,85
240,85
239,84
238,84
237,83
235,83
233,81
232,81
231,80
230,80
229,79
228,79
227,78
226,78
225,77
224,77
223,76
221,76
220,75
219,75
218,74
217,74
215,72
214,72
212,70
210,70
209,69
207,69
206,68
205,68
204,67
203,67
202,66
201,66
200,65
198,65
197,64
195,64
194,63
192,63
191,62
188,62
187,61
185,61
184,60
182,60
181,59
179,59
178,58
177,58
176,57
175,57
174,56
171,56
170,55
167,55
166,54
164,54
163,53
161,53
160,52
159,52
158,51
157,51
156,50
155,50
154,49
151,49
150,48
147,48
146,47
144,47
143,46
141,46
140,45
139,45
138,44
136,44
135,43
134,43
133,42
130,42
129,41
126,41
125,40
123,40
122,39
121,39
120,38
118,38
