1122
201,6
200,7
198,7
194,11
194,12
186,20
185,20
184,21
183,21
182,22
180,22
179,23
172,23
171,22
169,22
168,21
167,21
166,20
165,20
164,19
162,19
160,17
159,17
158,16
154,16
153,17
153,19
152,20
152,30
151,31
151,38
150,39
150,41
146,45
144,45
143,46
141,46
140,47
129,47
128,46
124,46
123,47
121,47
120,48
120,50
119,51
119,52
120,53
120,55
121,56
121,57
122,58
122,60
123,61
123,73
116,80
115,80
112,83
111,83
109,85
109,86
108,87
108,89
120,101
120,107
109,118
109,119
104,124
104,125
101,128
101,129
100,130
100,131
99,132
99,133
98,134
98,135
97,136
97,137
96,138
96,139
95,140
95,141
94,142
94,143
93,144
93,145
92,146
92,148
91,149
91,150
90,151
90,152
89,153
89,154
88,155
88,158
87,159
87,161
86,162
86,165
85,166
85,175
84,176
84,178
85,179
85,186
86,187
86,190
87,191
87,194
88,195
88,197
89,198
89,200
90,201
90,202
91,203
91,204
92,205
92,206
93,207
93,208
94,209
94,210
96,212
96,213
98,215
98,216
99,217
99,218
100,219
100,220
103,223
103,224
104,225
104,226
107,229
107,230
109,232
109,233
110,234
110,235
114,239
114,240
119,245
119,246
123,250
123,251
125,253
125,254
129,258
129,259
131,261
131,262
135,266
135,267
139,271
139,272
140,273
140,281
139,282
139,283
132,290
131,290
130,291
127,291
126,292
115,292
114,291
111,291
106,286
106,285
105,284
105,275
104,274
104,266
103,265
103,263
100,260
96,260
94,262
93,262
93,263
90,266
90,267
89,268
89,269
84,274
84,275
81,278
80,278
79,279
78,279
77,280
61,280
60,279
57,279
56,278
54,278
53,277
51,277
50,276
49,276
48,275
47,275
46,274
44,274
43,273
40,273
39,272
38,273
37,273
37,275
38,276
38,277
42,281
42,282
43,282
52,291
52,292
53,293
53,294
54,295
54,296
56,298
56,309
55,310
55,311
49,317
48,317
47,318
41,318
40,319
34,319
33,320
30,320
29,321
26,321
25,322
24,322
23,323
22,323
21,324
20,324
20,327
21,328
23,328
24,329
25,329
26,330
28,330
29,331
31,331
32,332
34,332
35,333
38,333
39,334
41,334
42,335
44,335
46,337
47,337
48,338
49,338
54,343
54,344
55,345
55,350
51,354
50,354
49,355
48,355
47,356
46,356
45,357
44,357
43,358
42,358
41,359
39,359
38,360
37,360
36,361
34,361
33,362
32,362
31,363
30,363
29,364
28,364
27,365
26,365
23,368
23,373
25,373
26,374
37,374
38,375
43,375
44,376
47,376
48,377
50,377
56,383
56,386
55,387
55,388
54,389
54,390
53,391
53,392
52,393
52,394
51,395
51,397
50,398
50,403
57,403
58,402
59,402
60,401
62,401
63,400
64,400
65,399
66,399
67,398
68,398
69,397
70,397
71,396
72,396
74,394
75,394
76,393
78,393
79,392
82,392
83,391
90,391
91,392
93,392
95,394
95,398
94,399
94,400
93,401
93,402
92,403
92,404
91,405
91,406
90,407
90,408
89,409
89,410
88,411
88,412
87,413
87,415
86,416
86,417
85,418
85,419
84,420
84,421
83,422
83,424
82,425
82,427
81,428
81,429
80,430
80,432
79,433
79,435
78,436
78,439
77,440
77,445
76,446
76,455
75,456
75,463
76,464
76,471
77,472
77,477
78,478
78,481
79,482
79,485
80,486
80,487
81,488
81,489
82,490
82,491
83,492
83,493
84,494
84,495
85,496
85,497
86,498
86,499
87,500
87,501
88,502
88,503
89,504
89,505
90,506
90,507
91,508
91,509
93,511
93,512
94,513
94,514
95,515
95,516
98,519
98,520
99,521
99,522
100,523
100,524
104,528
104,529
109,534
109,535
113,539
113,540
115,542
116,542
126,552
127,552
132,557
133,557
135,559
136,559
137,560
138,560
140,562
142,562
145,565
146,565
147,566
148,566
150,568
151,568
152,569
153,569
154,570
155,570
156,571
157,571
158,572
159,572
160,573
162,573
163,574
164,574
166,576
168,576
169,577
170,577
171,578
173,578
174,579
177,579
178,580
179,580
180,581
182,581
183,582
185,582
186,583
189,583
190,584
193,584
194,585
197,585
198,586
203,586
204,587
215,587
216,588
235,588
236,587
249,587
250,586
254,586
255,585
258,585
259,584
261,584
262,583
264,583
265,582
267,582
268,581
269,581
270,580
271,580
272,579
274,579
275,578
276,578
277,577
278,577
279,576
280,576
283,573
284,573
285,572
286,572
291,567
291,566
295,562
295,561
296,560
296,559
298,557
298,556
299,555
299,554
300,553
300,552
301,551
301,550
302,549
302,547
303,546
303,545
304,544
304,543
305,542
305,541
306,540
306,538
307,537
307,533
308,532
308,529
309,528
309,525
310,524
310,521
311,520
311,511
312,510
312,503
311,502
311,493
310,492
310,490
309,489
309,488
308,487
308,485
307,484
307,481
306,480
306,478
305,477
305,476
303,474
303,473
302,472
302,471
295,464
294,464
291,461
290,461
289,460
288,460
287,459
286,459
285,458
284,458
283,457
282,457
281,456
280,456
279,455
277,455
276,454
273,454
272,453
261,453
260,454
257,454
256,455
253,455
252,456
251,456
250,457
249,457
248,458
247,458
246,459
245,459
243,461
242,461
239,464
238,464
235,467
234,467
231,470
230,470
230,471
224,477
224,478
223,479
223,480
221,482
221,483
219,485
219,487
218,488
218,491
217,492
217,496
216,497
216,498
217,499
217,505
218,506
218,509
219,510
219,511
223,511
225,509
225,508
228,505
228,504
229,503
229,502
231,500
231,499
233,497
233,496
234,495
234,494
239,489
239,488
242,485
243,485
247,481
248,481
250,479
251,479
252,478
254,478
255,477
258,477
259,476
261,476
262,477
264,477
265,478
266,478
270,482
271,482
277,488
277,489
280,492
280,493
281,494
281,495
282,496
282,498
283,499
283,500
284,501
284,510
283,511
283,514
282,515
282,517
281,518
281,520
280,521
280,522
279,523
279,524
277,526
277,527
276,528
276,529
272,533
271,533
271,534
268,537
267,537
262,542
261,542
258,545
257,545
255,547
254,547
253,548
251,548
250,549
248,549
247,550
242,550
241,551
233,551
232,550
226,550
225,549
223,549
222,548
220,548
219,547
217,547
216,546
215,546
214,545
213,545
212,544
211,544
210,543
209,543
208,542
207,542
206,541
205,541
203,539
202,539
200,537
199,537
197,535
196,535
186,525
186,524
182,520
182,519
181,518
181,517
180,516
180,515
178,513
178,512
177,511
177,509
176,508
176,506
175,505
175,502
174,501
174,499
173,498
173,496
172,495
172,492
171,491
171,487
170,486
170,481
169,480
169,472
168,471
168,455
167,454
167,445
168,444
168,439
169,438
169,434
170,433
170,430
171,429
171,426
172,425
172,424
174,422
174,421
175,420
175,418
176,417
176,416
177,415
177,414
179,412
179,411
191,399
192,399
195,396
197,396
199,394
200,394
201,393
202,393
203,392
205,392
206,391
208,391
209,390
210,390
211,389
213,389
214,388
215,388
216,387
217,387
218,386
219,386
220,385
222,385
225,382
226,382
227,381
228,381
229,380
231,380
232,379
233,379
235,377
236,377
237,376
238,376
239,375
240,375
241,374
242,374
244,372
245,372
247,370
248,370
251,367
252,367
253,366
254,366
256,364
257,364
260,361
261,361
263,359
264,359
268,355
269,355
292,332
292,331
295,328
295,327
296,326
296,325
298,323
298,322
299,321
299,320
300,319
300,317
301,316
301,314
302,313
302,311
303,310
303,309
304,308
304,306
305,305
305,301
306,300
306,288
307,287
307,272
306,271
306,264
305,263
305,260
304,259
304,257
303,256
303,254
302,253
302,250
301,249
301,247
300,246
300,245
299,244
299,242
297,240
297,239
296,238
296,237
295,236
295,235
293,233
293,232
280,219
279,219
276,216
275,216
274,215
273,215
269,211
268,211
264,207
263,207
260,204
259,204
257,202
256,202
254,200
253,200
250,197
249,197
247,195
246,195
245,194
244,194
243,193
242,193
240,191
239,191
238,190
237,190
234,187
233,187
232,186
231,186
230,185
229,185
228,184
227,184
226,183
225,183
222,180
221,180
220,179
219,179
215,175
214,175
212,173
211,173
204,166
204,165
202,163
202,162
201,161
201,160
199,158
199,157
198,156
198,152
199,151
199,149
200,148
200,147
201,146
201,145
202,144
202,143
203,142
203,141
207,137
211,137
214,140
214,141
215,142
215,143
218,146
218,147
225,154
226,154
229,157
231,157
232,158
248,158
249,157
253,157
254,156
257,156
258,155
268,155
269,156
273,156
274,157
277,157
278,158
281,158
282,159
285,159
286,160
289,160
290,161
293,161
294,162
295,162
296,163
298,163
299,164
300,164
302,166
303,166
305,168
306,168
310,172
311,172
312,173
314,173
315,174
319,174
320,175
330,175
331,174
333,174
335,172
336,172
337,171
337,170
338,169
338,167
339,166
339,160
338,159
338,158
337,157
337,155
336,154
335,154
325,144
324,144
321,141
320,141
316,137
315,137
302,124
302,123
296,117
296,116
291,111
291,110
289,108
289,107
286,104
286,103
283,100
283,99
282,98
282,97
281,96
281,94
280,93
280,91
279,90
279,89
278,88
278,87
277,86
277,83
276,82
276,79
275,78
275,75
274,74
274,72
273,71
273,69
272,68
272,66
271,65
271,62
270,61
270,57
269,56
269,53
268,52
268,50
267,49
267,48
266,47
266,45
265,44
265,43
264,42
264,41
263,40
263,39
261,37
261,36
259,34
258,34
256,32
255,32
254,31
253,31
252,30
250,30
249,29
245,29
244,28
233,28
232,29
222,29
220,27
220,23
221,22
221,18
222,17
222,13
221,13
220,12
218,12
217,11
213,11
212,10
210,10
208,8
207,8
206,7
204,7
203,6
201,6
