1060
275,29
274,30
270,30
269,31
266,31
265,32
262,32
261,33
259,33
258,34
256,34
255,35
253,35
252,36
251,36
250,37
249,37
248,38
246,38
245,39
244,39
243,40
242,40
241,41
240,41
239,42
238,42
237,43
236,43
235,44
234,44
233,45
232,45
231,46
230,46
228,48
227,48
226,49
225,49
224,50
223,50
221,52
220,52
219,53
218,53
217,54
216,54
214,56
213,56
211,58
210,58
208,60
207,60
205,62
204,62
202,64
201,64
199,66
198,66
195,69
194,69
192,71
191,71
188,74
187,74
184,77
183,77
180,80
179,80
175,84
174,84
170,88
169,88
166,91
165,91
162,94
161,94
158,97
157,97
155,99
154,99
153,100
152,100
151,101
150,101
149,102
148,102
147,103
146,103
145,104
144,104
143,105
141,105
140,106
136,106
135,107
124,107
123,108
116,108
115,109
111,109
110,110
108,110
107,111
104,111
103,112
102,112
101,113
99,113
98,114
96,114
95,115
94,115
93,116
92,116
91,117
89,117
88,118
87,118
86,119
85,119
84,120
83,120
82,121
81,121
80,122
79,122
78,123
77,123
75,125
74,125
73,126
72,126
70,128
69,128
68,129
67,129
64,132
63,132
60,135
59,135
54,140
53,140
45,148
45,149
39,155
39,156
37,158
37,159
35,161
35,162
34,163
34,164
33,165
33,166
32,167
32,168
31,169
31,170
30,171
30,173
29,174
29,176
28,177
28,180
27,181
27,186
26,187
26,206
27,207
27,216
28,217
28,223
29,224
29,229
30,230
30,234
31,235
31,239
32,240
32,243
33,244
33,247
34,248
34,251
35,252
35,255
36,256
36,259
37,260
37,262
38,263
38,265
39,266
39,268
40,269
40,270
41,271
41,273
42,274
42,275
43,276
43,278
44,279
44,280
45,281
45,282
46,283
46,284
47,285
47,286
48,287
48,288
49,289
49,290
50,291
50,292
52,294
52,295
54,297
54,298
63,307
64,307
65,308
67,308
68,309
70,309
71,310
79,310
80,309
82,309
86,305
86,304
87,303
87,297
86,296
86,293
85,292
85,290
84,289
84,288
83,287
83,285
82,284
82,282
81,281
81,280
80,279
80,278
79,277
79,276
78,275
78,273
77,272
77,270
76,269
76,267
75,266
75,264
74,263
74,260
73,259
73,256
72,255
72,248
71,247
71,225
72,224
72,216
73,215
73,209
74,208
74,204
75,203
75,200
76,199
76,197
77,196
77,194
78,193
78,192
79,191
79,190
80,189
80,187
81,186
81,185
82,184
82,183
84,181
84,180
85,179
85,178
88,175
88,174
92,170
93,170
97,166
98,166
99,165
100,165
101,164
102,164
103,163
104,163
105,162
106,162
107,161
110,161
111,160
116,160
117,161
119,161
120,162
121,162
128,169
128,170
129,171
129,172
130,173
130,174
131,175
131,176
132,177
132,179
133,180
133,181
134,182
134,183
135,184
135,185
137,187
137,188
141,192
141,193
145,197
145,198
163,216
164,216
168,220
169,220
171,222
172,222
174,224
175,224
176,225
177,225
178,226
179,226
181,228
182,228
184,230
184,232
182,234
182,235
181,236
181,237
179,239
179,240
175,244
175,245
173,247
173,248
172,249
172,251
171,252
171,255
170,256
170,260
171,261
171,264
172,265
172,266
173,267
173,268
174,269
174,270
178,274
179,274
181,276
182,276
183,277
184,277
185,278
187,278
188,279
189,279
191,281
192,281
193,282
194,282
195,283
196,283
197,284
198,284
199,285
200,285
201,286
202,286
203,287
204,287
205,288
206,288
207,289
208,289
209,290
210,290
211,291
212,291
213,292
214,292
215,293
217,293
218,294
220,294
221,295
224,295
225,296
231,296
232,297
235,297
236,298
237,298
238,299
239,299
241,301
242,301
245,304
246,304
250,308
251,308
255,312
256,312
260,316
261,316
262,317
264,317
265,318
269,318
270,317
271,317
273,315
274,315
275,316
280,316
281,317
282,317
283,316
285,316
286,315
286,314
287,313
287,309
286,308
286,305
285,304
285,303
284,302
284,301
270,287
269,287
265,283
264,283
261,280
260,280
257,277
256,277
254,275
253,275
251,273
250,273
248,271
247,271
246,270
245,270
244,269
243,269
242,268
241,268
240,267
238,267
237,266
236,266
235,265
233,265
232,264
230,264
229,263
227,263
224,260
225,259
225,258
231,252
232,252
233,251
234,251
235,250
236,250
237,249
258,249
259,248
263,248
264,247
268,247
269,246
271,246
272,245
274,245
275,244
276,244
277,243
278,243
280,241
281,241
290,232
290,231
292,229
292,228
293,227
293,226
295,224
295,223
297,221
297,220
299,218
300,218
303,215
304,215
306,213
307,213
308,212
311,212
312,211
313,212
318,212
319,213
320,213
321,214
322,214
323,215
324,215
326,217
327,217
331,221
332,221
344,233
344,234
347,237
347,238
348,239
348,240
350,242
350,243
351,244
351,245
352,246
352,248
353,249
353,253
354,254
354,261
355,262
355,266
356,267
356,269
357,270
357,272
358,273
358,274
359,275
359,278
360,279
360,283
361,284
361,286
362,287
362,289
363,290
363,292
365,294
365,295
369,299
370,299
373,302
374,302
382,310
382,311
385,314
385,315
386,316
386,318
387,319
387,320
388,321
388,322
389,323
389,324
390,325
390,327
391,328
391,329
392,330
392,332
393,333
393,335
394,336
394,338
395,339
395,341
396,342
396,344
397,345
397,346
398,347
398,349
399,350
399,351
400,352
400,353
401,354
401,355
402,356
402,357
403,358
403,359
405,361
405,362
406,363
406,364
408,366
408,367
409,368
409,369
411,371
411,372
412,373
412,374
414,376
414,377
415,378
415,379
416,380
416,381
417,382
417,383
419,385
419,386
420,387
420,388
421,389
421,390
422,391
422,392
423,393
423,394
424,395
424,396
425,397
425,399
426,400
426,401
427,402
427,403
428,404
428,405
429,406
429,408
430,409
430,412
431,413
431,420
432,421
432,424
433,425
433,427
434,428
434,429
435,430
435,431
436,432
436,433
441,438
442,438
444,440
445,440
446,441
447,441
448,442
450,442
451,443
455,443
456,444
458,444
459,443
461,443
462,442
463,442
464,441
464,440
466,438
466,435
467,434
467,424
466,423
466,420
465,419
465,416
464,415
464,412
463,411
463,409
462,408
462,405
461,404
461,402
460,401
460,399
459,398
459,395
458,394
458,392
457,391
457,389
456,388
456,385
455,384
455,382
454,381
454,379
453,378
453,375
452,374
452,372
451,371
451,369
450,368
450,366
449,365
449,362
448,361
448,359
447,358
447,355
446,354
446,352
445,351
445,348
444,347
444,341
443,340
443,327
444,326
444,304
443,303
443,295
442,294
442,291
443,290
443,284
444,283
444,280
445,279
445,277
446,276
446,275
447,274
447,273
448,272
448,271
449,270
449,269
450,268
450,267
451,266
451,265
452,264
452,263
453,262
453,261
455,259
455,258
456,257
456,256
458,254
458,253
460,251
460,250
463,247
463,246
466,243
466,242
477,231
478,231
480,233
480,236
481,237
481,239
482,240
482,242
483,243
483,244
484,245
484,246
486,248
486,249
494,257
494,258
497,261
498,261
503,266
504,266
506,268
507,268
508,269
510,269
511,270
521,270
522,269
526,269
527,268
534,268
535,267
536,267
541,262
541,261
544,258
544,257
546,255
546,254
547,253
547,252
549,250
549,249
550,248
550,247
552,245
552,244
553,243
553,242
554,241
554,240
555,239
555,238
556,237
556,235
557,234
557,232
558,231
558,229
559,228
559,225
560,224
560,198
561,197
561,194
562,193
562,192
564,190
564,189
567,186
567,185
569,183
569,182
571,180
571,179
572,178
572,177
574,175
574,174
575,173
575,171
576,170
576,168
577,167
577,165
578,164
578,159
577,158
577,156
576,155
576,154
574,154
573,153
569,153
568,152
565,152
564,153
559,153
558,154
555,154
554,155
552,155
551,156
549,156
548,157
545,157
539,151
538,151
535,148
534,148
533,147
532,147
530,145
529,145
528,144
527,144
526,143
525,143
524,142
522,142
521,141
519,141
518,140
517,140
516,139
514,139
513,138
510,138
509,137
507,137
506,136
503,136
502,135
498,135
497,134
493,134
492,133
487,133
486,132
480,132
479,131
470,131
469,130
457,130
453,126
453,125
452,124
452,123
451,122
451,121
450,120
450,119
449,118
449,117
448,116
448,115
446,113
446,112
445,111
445,110
444,109
444,108
442,106
442,105
441,104
441,103
440,102
440,101
439,100
439,99
437,97
437,96
427,86
426,86
423,83
422,83
421,82
420,82
418,80
417,80
416,79
415,79
414,78
412,78
411,77
409,77
408,76
407,76
406,75
404,75
403,74
401,74
400,73
399,73
398,72
396,72
395,71
394,71
393,70
391,70
390,69
389,69
388,68
387,68
386,67
385,67
384,66
383,66
382,65
381,65
379,63
378,63
377,62
376,62
374,60
373,60
371,58
370,58
368,56
367,56
366,55
365,55
363,53
362,53
361,52
360,52
359,51
358,51
357,50
356,50
354,48
353,48
352,47
350,47
349,46
348,46
347,45
346,45
345,44
344,44
343,43
342,43
341,42
339,42
338,41
337,41
336,40
334,40
333,39
332,39
331,38
329,38
328,37
326,37
325,36
323,36
322,35
320,35
319,34
317,34
316,33
313,33
312,32
309,32
308,31
304,31
303,30
298,30
297,29
275,29
