829
449,46
448,47
446,47
445,48
444,48
442,50
442,51
441,52
441,54
440,55
440,56
439,57
439,58
438,59
438,62
437,63
437,66
436,67
436,69
435,70
435,71
434,72
434,73
425,82
424,82
423,83
422,83
415,90
415,91
414,92
414,93
413,94
413,96
412,97
412,98
409,101
409,102
406,105
406,106
405,107
405,108
404,109
404,110
403,111
403,113
401,115
401,116
400,117
400,118
397,121
396,121
396,123
395,124
395,128
394,129
394,130
393,131
393,132
388,137
387,137
386,138
385,138
384,139
383,139
382,140
382,141
381,142
381,143
380,144
380,145
379,146
379,147
378,148
378,150
377,151
377,152
371,158
370,158
365,163
364,163
362,165
362,166
361,167
361,168
358,171
358,172
357,173
357,174
356,175
356,179
357,180
357,181
364,188
364,192
359,197
358,197
357,198
353,198
352,199
350,199
349,200
345,200
344,201
341,201
340,202
338,202
337,203
334,203
333,204
331,204
330,205
327,205
326,206
323,206
322,207
316,207
315,208
310,208
309,209
300,209
299,210
296,210
295,211
293,211
292,212
290,212
289,213
274,213
273,214
270,214
269,215
262,215
261,216
258,216
257,217
250,217
249,218
246,218
245,219
241,219
240,220
238,220
237,221
236,221
235,222
184,222
183,223
181,223
180,224
179,224
178,225
177,225
176,226
174,226
173,227
171,227
170,228
169,228
168,229
167,229
166,230
157,230
156,231
154,231
153,232
152,232
151,233
150,233
149,234
146,234
145,235
143,235
142,236
142,237
140,239
134,239
133,240
131,240
130,241
129,241
128,242
127,242
126,243
125,243
124,244
123,244
122,245
121,245
119,247
118,247
117,248
116,248
115,249
114,249
113,250
112,250
111,251
110,251
109,252
108,252
98,262
97,262
92,267
92,268
91,269
91,270
87,274
87,275
84,278
83,278
83,279
78,284
78,286
77,287
77,289
76,290
76,291
75,292
75,293
74,294
74,296
73,297
73,300
71,302
71,303
70,304
70,306
69,307
69,310
68,311
68,313
67,314
67,317
66,318
66,320
65,321
65,326
64,327
64,328
63,329
63,330
62,331
62,333
61,334
61,336
60,337
60,341
59,342
59,344
58,345
58,349
57,350
57,352
56,353
56,355
55,356
55,358
54,359
54,361
53,362
53,363
52,364
52,366
50,368
50,369
49,370
49,371
48,372
48,373
47,374
47,375
46,376
46,377
45,378
45,379
44,380
44,382
43,383
43,385
42,386
42,388
41,389
41,399
40,400
40,406
41,407
41,430
42,431
42,433
43,434
43,435
44,436
44,437
46,439
47,439
48,440
49,440
52,443
52,458
51,459
51,466
52,467
52,471
53,472
53,475
54,476
54,478
55,479
55,482
56,483
56,485
57,486
57,488
58,489
58,491
59,492
59,493
60,494
60,495
62,497
62,498
63,499
63,500
64,501
64,502
65,503
65,504
66,505
66,506
67,507
67,508
68,509
68,510
69,511
69,512
70,513
70,514
71,515
71,516
72,517
72,518
75,518
76,517
77,517
82,512
82,511
86,507
86,506
89,503
89,502
90,501
90,497
91,496
91,495
95,491
97,491
98,492
98,494
99,495
99,497
100,498
100,499
101,500
101,503
102,504
102,506
103,507
103,511
104,512
104,514
105,515
105,516
107,518
107,530
108,531
108,533
109,534
109,536
110,537
110,538
111,539
111,545
112,546
112,548
113,549
113,550
114,551
114,552
115,553
115,554
116,555
116,556
117,557
117,558
127,568
128,568
129,569
131,569
132,570
133,570
134,571
140,571
141,570
144,570
145,569
151,569
152,568
154,568
155,567
156,567
157,566
158,566
160,564
160,563
161,562
161,561
162,560
162,554
161,553
161,552
162,551
162,550
164,548
169,548
170,549
171,549
172,550
174,550
175,551
178,551
179,552
182,552
184,550
186,550
187,549
188,549
189,548
190,548
191,547
191,546
192,545
192,542
193,541
193,539
194,538
194,535
193,534
193,532
192,531
192,529
191,528
190,528
189,527
188,527
187,526
186,526
185,525
183,525
182,524
180,524
179,523
173,523
169,519
169,518
168,517
168,474
169,473
169,471
170,470
170,465
171,464
171,463
172,462
172,461
174,459
174,458
175,457
175,455
176,454
176,453
179,450
180,450
188,442
189,442
190,441
191,441
193,439
194,439
200,433
200,432
203,429
204,429
204,428
207,425
208,425
209,424
209,422
210,421
210,420
213,417
213,415
215,413
215,412
216,411
216,410
217,409
217,407
220,404
220,403
221,402
221,396
222,395
222,393
223,392
223,381
224,380
224,378
227,375
228,375
229,374
231,374
232,375
234,375
237,378
238,378
239,379
240,379
241,380
242,380
243,381
245,381
246,382
248,382
249,383
252,383
253,384
256,384
257,385
263,385
264,386
268,386
269,387
276,387
277,388
296,388
297,389
300,389
301,390
303,390
304,391
305,391
306,392
307,392
308,393
315,393
316,392
321,392
322,391
324,391
325,392
344,392
345,391
350,391
351,390
355,390
356,391
357,391
359,393
359,394
360,395
360,396
361,397
361,401
362,402
362,404
363,405
363,406
364,407
364,408
365,409
365,414
366,415
366,417
367,418
367,419
368,420
368,421
369,422
369,426
370,427
370,429
371,430
371,433
372,434
372,436
373,437
373,438
374,439
374,444
375,445
375,447
376,448
376,452
377,453
377,455
378,456
378,488
379,489
379,491
380,492
380,493
382,495
382,501
383,502
383,504
384,505
384,506
385,507
385,510
386,511
386,535
387,536
387,538
392,543
392,544
393,544
396,547
396,548
397,548
400,551
401,551
402,552
417,552
418,551
419,551
421,549
422,549
423,548
424,548
425,547
426,547
427,546
428,546
429,545
430,545
433,542
434,542
435,541
438,541
439,542
440,542
441,543
442,543
443,544
457,544
458,543
459,543
460,542
461,542
462,541
463,541
464,540
465,540
466,539
467,539
471,535
471,534
472,533
472,532
473,531
473,528
472,527
472,526
471,525
470,525
469,524
468,524
464,520
463,520
462,519
460,519
459,518
454,518
447,511
447,510
446,509
446,502
447,501
447,499
448,498
448,496
449,495
449,489
450,488
450,451
449,450
449,429
450,428
450,406
451,405
451,397
452,396
452,387
453,386
453,382
454,381
454,376
455,375
455,371
456,370
456,359
457,358
457,355
458,354
458,350
459,349
459,348
460,347
460,346
470,336
470,335
471,334
471,333
474,330
474,329
475,328
475,326
478,323
478,322
479,321
479,315
480,314
480,313
484,309
484,300
485,299
485,297
486,296
486,294
487,293
487,292
488,291
488,253
489,252
489,251
491,249
491,248
492,247
492,243
493,242
493,240
494,239
494,237
495,236
495,234
496,233
496,210
495,209
495,196
494,195
494,184
493,183
493,180
492,179
492,169
491,168
491,166
492,165
492,152
491,151
491,149
490,148
490,146
489,145
489,143
488,142
488,129
487,128
487,127
485,125
485,124
484,123
484,121
483,120
483,119
480,116
480,115
479,114
479,110
478,109
478,106
477,105
477,84
476,83
476,81
475,80
475,78
474,77
474,76
473,75
473,74
472,73
472,72
471,71
471,70
470,69
470,68
468,66
468,65
467,64
467,62
466,61
466,60
465,59
465,57
464,56
464,55
462,53
462,52
461,51
460,51
459,50
458,50
456,48
455,48
454,47
452,47
451,46
449,46
