1027
264,92
263,93
260,93
259,94
256,94
255,95
253,95
252,96
251,96
250,97
248,97
247,98
246,98
244,100
243,100
240,103
239,103
227,115
223,115
222,114
221,114
220,113
219,113
218,112
217,112
216,111
214,111
213,110
212,110
211,109
210,109
208,107
206,107
204,105
203,105
202,104
199,104
197,102
192,102
191,101
183,101
182,102
180,102
179,103
177,103
176,104
174,104
173,105
172,105
170,107
169,107
168,108
167,108
166,109
165,109
163,111
162,111
160,113
159,113
158,114
157,114
155,116
154,116
152,118
151,118
150,119
144,119
143,118
141,118
140,117
139,117
138,116
137,116
135,114
133,114
132,113
131,113
130,112
129,112
128,111
126,111
125,110
123,110
122,109
116,109
115,108
114,108
113,109
104,109
103,110
102,110
98,114
98,115
97,116
97,117
96,118
96,120
95,121
95,125
94,126
94,131
93,132
93,150
92,151
92,159
91,160
92,161
92,163
95,163
96,164
96,169
97,170
97,175
98,176
98,178
99,179
99,181
100,182
100,183
101,184
101,185
102,186
102,187
103,188
103,189
105,191
105,192
107,194
107,195
108,196
108,197
109,198
109,207
110,208
110,210
114,214
115,214
118,217
118,218
120,220
120,222
121,223
121,224
122,225
122,226
127,231
128,231
130,233
131,233
138,240
138,241
139,242
139,243
140,244
140,245
142,247
142,248
143,249
143,250
144,251
144,252
145,253
145,254
146,255
146,257
147,258
147,278
146,279
146,286
145,287
145,302
144,303
144,320
145,321
145,332
146,333
146,336
147,337
147,342
148,343
148,345
149,346
149,349
150,350
150,352
151,353
151,356
152,357
152,360
153,361
153,366
154,367
154,386
155,387
155,406
154,407
154,417
153,418
153,420
152,421
152,423
151,424
151,426
150,427
150,428
149,429
149,432
148,433
148,434
147,435
147,437
146,438
146,440
145,441
145,442
144,443
144,445
143,446
143,447
142,448
142,450
141,451
141,453
140,454
140,455
139,456
139,457
138,458
138,459
137,460
137,462
136,463
136,464
135,465
135,466
131,470
130,470
129,471
116,471
115,472
113,472
112,473
110,473
106,477
106,478
104,480
104,482
103,483
103,485
102,486
102,489
101,490
101,500
102,501
102,503
103,504
103,505
107,509
108,509
109,510
110,510
111,511
113,511
114,512
116,512
117,513
120,513
121,514
127,514
128,515
135,515
136,516
174,516
177,513
177,511
178,510
178,508
179,507
179,506
180,505
180,503
181,502
181,501
183,499
183,498
187,494
188,494
189,493
190,493
191,492
192,492
194,490
196,490
197,489
197,488
199,486
199,484
200,483
200,481
201,480
201,479
202,478
202,477
203,476
203,474
204,473
204,471
205,470
205,468
206,467
206,465
207,464
207,461
208,460
208,458
209,457
209,452
210,451
210,449
211,448
211,443
212,442
212,439
213,438
213,433
214,432
214,427
215,426
215,423
216,422
216,416
217,415
217,412
218,411
218,406
219,405
219,397
220,396
220,393
221,392
221,388
222,387
222,386
223,385
223,384
230,377
231,377
232,376
234,376
235,375
247,375
248,376
252,376
253,377
255,377
256,378
257,378
258,379
259,379
261,381
262,381
270,389
270,390
272,392
272,393
273,394
273,396
274,397
274,399
275,400
275,425
277,427
277,428
278,429
278,434
277,435
277,444
276,445
276,449
275,450
275,459
274,460
274,466
273,467
273,480
274,481
274,484
275,485
275,486
282,493
281,494
281,495
280,496
280,497
278,499
278,500
277,501
277,510
278,511
278,512
279,513
279,515
280,516
280,517
281,518
281,519
282,520
282,521
284,523
285,523
286,524
287,524
288,525
290,525
291,526
298,526
299,527
310,527
311,528
320,528
321,529
323,529
324,530
327,530
328,531
331,531
332,530
338,530
339,529
341,529
342,528
353,528
354,527
356,527
357,526
358,526
359,525
361,525
364,522
364,505
362,503
362,501
360,499
360,498
358,496
358,495
353,490
353,487
354,486
356,486
357,485
358,485
359,486
360,486
361,485
364,485
365,484
366,484
369,481
369,480
370,479
370,478
371,477
371,475
372,474
372,472
373,471
373,470
374,469
374,464
375,463
375,460
376,459
376,450
377,449
377,442
378,441
378,431
379,430
379,424
380,423
380,419
381,418
381,412
382,411
382,408
383,407
383,401
384,400
384,399
383,398
383,395
382,394
382,392
381,391
381,390
380,389
380,386
379,385
379,382
378,381
378,380
374,376
374,375
383,366
384,366
387,363
388,363
390,365
390,366
391,367
391,368
392,369
392,371
393,372
393,373
394,374
394,375
395,376
395,377
396,378
396,379
397,380
397,381
398,382
398,384
399,385
399,388
400,389
400,392
401,393
401,394
402,395
402,397
404,399
404,400
405,401
405,402
406,403
406,405
407,406
407,409
408,410
408,416
407,417
407,424
408,425
408,428
409,429
409,431
410,432
410,436
409,437
409,440
408,441
408,443
407,444
407,447
406,448
406,449
405,450
405,453
404,454
404,456
403,457
403,460
402,461
402,464
401,465
401,467
399,469
399,470
395,474
395,475
393,477
393,479
392,480
392,482
391,483
391,489
392,490
392,492
393,493
393,495
394,496
394,497
397,500
398,500
399,501
400,501
401,502
404,502
405,503
408,503
409,502
410,503
411,503
412,504
415,504
416,505
417,505
418,506
427,506
428,505
442,505
443,504
459,504
463,500
463,498
464,497
464,489
463,488
463,484
462,483
462,479
461,478
461,476
460,475
460,466
459,465
459,455
458,454
458,451
459,450
459,442
460,441
460,437
461,436
461,433
462,432
462,424
463,423
463,414
462,413
462,406
461,405
461,403
460,402
460,400
459,399
459,398
458,397
458,396
457,395
457,393
456,392
456,391
455,390
455,389
454,388
454,386
453,385
453,383
452,382
452,377
451,376
451,348
452,347
452,329
451,328
451,321
450,320
450,311
449,310
449,302
448,301
448,297
447,296
447,290
446,289
446,286
445,285
445,279
444,278
444,275
443,274
443,272
442,271
442,269
441,268
441,266
440,265
440,264
439,263
439,261
438,260
438,259
437,258
437,257
436,256
436,254
435,253
435,252
433,250
433,249
432,248
432,247
430,245
430,244
429,243
429,241
428,240
429,239
429,238
430,237
430,236
433,233
433,232
435,230
435,229
436,228
436,226
437,225
437,224
438,223
438,219
439,218
439,193
438,192
438,187
437,186
437,183
436,182
436,180
435,179
435,176
434,175
434,173
433,172
433,170
432,169
432,168
431,167
431,165
430,164
430,163
429,162
429,160
428,159
428,157
427,156
427,155
426,154
426,151
425,150
425,148
424,147
424,145
423,144
423,140
422,139
422,136
421,135
421,133
420,132
420,129
418,127
418,125
417,124
417,123
415,121
415,120
413,118
413,117
408,112
407,112
404,109
403,109
401,107
400,107
399,106
398,106
397,105
396,105
395,104
391,104
390,105
391,106
391,108
394,111
394,112
396,114
396,115
395,116
392,116
391,117
391,118
393,120
393,121
394,122
394,123
395,124
395,127
396,128
396,131
395,132
394,132
393,131
393,130
392,129
392,128
390,126
390,125
385,120
384,120
383,119
382,119
381,118
377,118
377,120
381,124
382,124
385,127
385,128
386,129
386,130
387,131
387,132
388,133
388,136
387,137
386,136
386,135
385,134
385,133
384,132
384,131
381,128
380,128
379,127
377,127
376,126
375,126
374,125
373,126
372,126
372,128
373,128
374,129
375,129
380,134
380,136
381,137
381,140
382,141
382,143
384,145
384,146
397,159
397,160
400,163
400,164
401,165
401,166
402,167
402,168
403,169
403,171
404,172
404,173
405,174
405,176
406,177
406,179
407,180
407,182
408,183
408,186
409,187
409,189
410,190
410,193
411,194
411,202
410,203
410,204
409,205
409,206
407,208
406,208
404,210
403,210
402,211
389,211
388,210
386,210
385,209
383,209
382,208
381,208
380,207
378,207
377,206
376,206
375,205
374,205
373,204
371,204
370,203
368,203
367,202
365,202
364,201
360,201
359,200
356,200
355,199
354,199
353,200
352,199
340,199
339,200
333,200
332,201
329,201
328,202
326,202
325,203
323,203
322,204
321,204
320,205
318,205
317,206
316,206
315,207
314,207
313,208
312,208
311,209
309,209
308,210
306,210
305,211
304,211
303,212
301,212
300,213
297,213
296,214
294,214
293,215
290,215
289,216
287,216
286,217
284,217
283,218
278,218
275,215
275,214
274,213
274,212
273,211
273,209
272,208
272,202
273,201
273,200
278,195
278,194
280,192
280,191
282,189
282,188
283,187
283,185
284,184
284,182
285,181
285,180
286,179
289,179
291,177
291,176
293,174
293,172
294,171
294,170
295,169
295,167
296,166
296,164
297,163
297,160
298,159
298,157
299,156
299,154
300,153
300,150
301,149
301,146
302,145
302,139
303,138
303,127
302,126
302,120
301,119
301,118
299,116
299,115
298,114
298,113
300,111
300,108
299,107
299,106
298,105
298,104
297,103
297,102
294,99
293,99
291,97
289,97
288,96
286,96
285,95
282,95
281,94
278,94
277,93
274,93
273,92
264,92
