862
174,14
173,15
163,15
162,16
152,16
151,17
142,17
141,18
134,18
133,19
128,19
127,20
122,20
121,21
116,21
115,22
111,22
110,23
105,23
104,24
100,24
99,25
93,25
92,26
88,26
87,27
82,27
81,28
77,28
76,29
72,29
71,30
68,30
67,31
65,31
64,32
63,32
62,33
59,33
58,34
55,34
54,35
51,35
50,36
47,36
44,39
43,39
42,40
42,41
39,44
39,45
37,47
37,48
29,56
29,57
26,60
26,61
9,78
9,79
8,80
8,113
9,114
9,117
10,118
10,122
11,123
11,127
12,128
12,131
13,132
13,136
14,137
14,141
15,142
15,144
16,145
16,147
17,148
17,150
18,151
18,152
19,153
19,154
20,155
20,156
21,157
21,159
22,160
22,162
23,163
23,164
24,165
24,166
25,167
25,168
27,170
27,171
28,172
28,174
29,175
29,176
32,179
51,179
52,180
57,180
58,181
61,181
63,183
63,185
62,186
62,189
61,190
61,192
60,193
60,196
59,197
59,198
57,200
56,200
53,203
52,203
49,206
48,206
45,209
44,209
39,214
38,214
36,216
36,217
35,218
35,219
33,221
33,222
31,224
31,225
28,228
28,229
27,230
27,231
25,233
25,234
24,235
24,236
23,237
23,238
21,240
21,243
20,244
20,269
21,270
21,274
22,275
22,279
23,280
23,283
24,284
24,288
25,289
25,293
26,294
26,297
27,298
27,327
28,328
28,343
29,344
29,358
30,359
30,367
31,368
31,372
32,373
32,378
33,379
33,383
34,384
34,388
35,389
35,394
36,395
36,399
37,400
37,404
38,405
38,406
39,407
39,408
40,409
40,410
41,411
41,412
42,413
42,414
43,415
43,417
46,420
46,421
47,422
47,424
48,425
48,431
49,432
49,436
50,437
50,443
51,444
51,468
50,469
50,474
49,475
49,477
47,479
47,480
46,481
45,481
39,487
39,488
38,489
38,490
37,491
37,492
34,495
34,496
29,501
29,503
28,504
28,506
27,507
27,509
26,510
26,512
25,513
25,515
24,516
24,518
23,519
23,522
35,534
37,534
38,535
40,535
41,536
43,536
44,537
46,537
47,538
49,538
50,539
51,539
52,540
54,540
55,541
56,541
57,542
58,542
59,543
60,543
61,544
63,544
64,545
69,545
70,544
72,544
73,543
74,543
75,542
76,542
77,541
78,541
79,540
82,540
83,539
85,539
86,538
88,538
89,537
91,537
92,536
93,536
94,535
96,535
97,534
99,534
100,533
102,533
103,532
104,532
105,531
107,531
108,530
109,530
111,528
113,528
114,527
115,527
116,526
118,526
119,525
120,525
121,524
130,524
131,525
132,525
133,526
135,526
136,527
137,527
138,528
139,528
142,531
143,531
149,537
150,537
154,541
154,542
159,547
159,548
161,550
161,551
162,552
162,553
163,554
163,557
164,558
164,560
165,561
165,564
166,565
166,568
167,569
167,571
168,572
168,573
174,579
175,579
176,580
176,581
179,584
180,584
181,585
183,585
184,586
186,586
187,587
190,587
191,588
193,588
194,589
196,589
197,590
199,590
200,591
203,591
204,590
206,590
207,589
209,589
210,588
213,588
214,587
217,587
218,586
220,586
221,585
224,585
225,584
228,584
229,583
231,583
232,582
233,582
234,581
235,581
238,578
239,578
240,577
241,577
242,576
243,576
245,574
246,574
248,572
249,572
250,571
251,571
252,570
253,570
257,566
258,566
260,564
261,564
263,562
264,562
265,561
266,561
267,560
268,560
269,559
270,559
271,558
272,558
273,557
274,557
275,556
276,556
277,555
278,555
280,553
281,553
282,552
283,552
284,551
285,551
286,550
287,550
288,549
289,549
290,548
291,548
292,547
294,547
295,546
296,546
297,545
298,545
299,544
300,544
302,542
303,542
304,541
305,541
306,540
307,540
308,539
309,539
310,538
311,538
312,537
313,537
314,536
315,536
316,535
317,535
318,534
320,534
321,533
322,533
323,532
324,532
325,531
326,531
328,529
329,529
330,528
331,528
334,525
335,525
339,521
340,521
342,519
343,519
349,513
350,513
354,509
355,509
356,508
357,508
360,505
361,505
361,504
363,502
364,502
365,501
367,501
368,500
371,500
372,499
375,499
376,498
380,498
381,497
384,497
385,496
388,496
389,495
392,495
394,493
395,493
396,492
396,491
398,489
398,488
401,485
401,484
402,483
402,482
403,481
403,477
404,476
404,473
405,472
405,469
406,468
406,465
407,464
407,463
408,462
408,460
409,459
409,456
410,455
410,454
411,453
411,452
414,449
414,448
422,440
422,439
426,435
427,435
428,434
429,434
431,432
432,432
433,431
434,431
435,430
436,430
437,429
438,429
442,425
443,425
444,424
445,424
447,422
449,422
451,420
452,420
455,417
456,417
460,413
461,413
463,411
464,411
467,408
468,408
470,406
471,406
473,404
474,404
476,402
476,401
478,399
478,398
480,396
480,395
483,392
483,391
485,389
485,388
488,385
488,384
489,383
489,382
490,381
490,379
491,378
491,376
492,375
492,374
493,373
493,372
494,371
494,369
495,368
495,367
496,366
496,351
494,349
490,349
489,348
483,348
482,349
478,349
477,350
476,350
474,352
473,352
472,353
470,353
469,354
468,354
467,355
465,355
464,356
463,356
462,357
460,357
459,358
457,358
456,359
455,359
454,360
452,360
451,361
450,361
449,362
448,362
447,363
446,363
445,364
444,364
443,365
442,365
441,366
440,366
439,367
438,367
437,368
436,368
434,370
430,370
429,371
427,371
426,370
424,370
421,367
420,367
417,364
417,363
408,354
407,354
404,351
404,350
403,349
403,348
392,337
392,336
388,332
388,331
382,325
382,324
373,315
373,314
371,312
371,311
369,309
368,309
365,306
365,305
360,300
360,299
358,297
358,296
357,295
356,295
352,291
352,290
349,287
349,286
348,285
348,284
345,281
345,280
339,274
339,273
337,271
337,270
334,267
334,266
331,263
331,262
327,258
327,257
323,253
323,252
320,249
320,248
319,247
319,246
312,239
312,238
310,236
310,235
309,234
309,233
306,230
306,229
302,225
302,224
301,223
301,222
300,221
300,220
299,219
299,218
298,217
298,216
296,214
296,213
295,212
295,211
294,210
294,208
292,206
292,205
289,202
289,201
293,197
293,196
297,192
297,191
305,183
306,183
310,179
311,179
315,175
316,175
317,174
318,174
327,165
327,164
331,160
331,159
333,157
333,156
336,153
336,152
338,150
338,149
340,147
340,146
345,141
345,140
346,139
346,138
347,137
347,136
348,135
348,134
349,133
349,132
350,131
350,130
351,129
351,128
353,126
353,124
354,123
354,112
355,111
355,100
356,99
356,89
357,88
357,87
356,86
356,84
355,83
355,82
353,80
353,79
350,76
350,75
347,72
347,71
345,69
345,68
340,63
340,62
337,59
337,58
335,56
335,55
331,51
330,51
328,49
327,49
323,45
323,44
318,39
317,39
315,37
314,37
309,32
309,31
307,29
306,29
305,28
303,28
302,27
300,27
299,26
298,26
297,25
295,25
294,24
293,24
292,23
289,23
288,22
287,22
286,21
284,21
283,20
280,20
279,21
278,21
277,22
275,22
274,23
273,23
272,24
271,24
270,25
269,25
268,26
267,26
266,27
265,27
264,28
262,28
261,29
260,29
259,30
257,30
255,32
254,32
253,33
252,33
251,34
246,34
245,33
238,33
237,32
233,32
232,31
231,31
230,30
229,30
228,29
227,29
226,28
225,28
224,27
223,27
221,25
220,25
219,24
218,24
216,22
214,22
212,20
211,20
208,17
206,17
205,16
195,16
194,15
182,15
181,14
174,14
