955
55,13
54,14
53,14
52,15
51,15
40,26
40,27
38,29
38,30
37,31
37,32
36,33
36,35
35,36
35,37
34,38
34,41
33,42
33,45
32,46
32,54
30,56
25,56
24,55
15,55
14,56
13,56
12,57
11,57
9,59
9,62
8,63
8,69
9,70
9,73
10,74
10,76
11,77
11,79
12,80
12,81
13,82
13,83
15,85
15,86
16,87
16,88
18,90
18,91
21,94
21,95
24,98
24,99
28,103
28,104
30,106
30,107
32,109
32,110
33,111
33,112
34,113
34,114
35,115
35,117
36,118
36,130
35,131
35,134
34,135
34,136
33,137
33,139
32,140
32,142
31,143
31,145
30,146
30,148
29,149
29,160
30,161
30,166
31,167
31,172
32,173
32,177
33,178
33,182
34,183
34,187
35,188
35,194
36,195
36,201
37,202
37,208
38,209
38,212
39,213
39,216
40,217
40,220
41,221
41,224
42,225
42,227
43,228
43,230
44,231
44,233
45,234
45,235
46,236
46,237
47,238
47,239
48,240
48,241
49,242
49,243
50,244
50,245
51,246
51,248
52,249
52,250
53,251
53,252
54,253
54,254
55,255
55,256
57,258
57,259
58,260
58,261
59,262
59,263
61,265
61,266
63,268
63,269
65,271
65,272
68,275
68,276
70,278
70,279
72,281
72,282
73,283
73,284
75,286
75,287
76,288
76,289
77,290
77,291
78,292
78,294
79,295
79,297
80,298
80,300
81,301
81,304
82,305
82,308
83,309
83,313
84,314
84,317
85,318
85,320
86,321
86,324
87,325
87,328
88,329
88,331
89,332
89,334
90,335
90,337
91,338
91,340
92,341
92,342
93,343
93,344
94,345
94,346
97,349
97,350
109,362
110,362
116,368
116,369
118,371
118,372
119,373
119,374
120,375
120,379
121,380
121,383
122,384
122,387
123,388
123,392
124,393
124,398
125,399
125,404
126,405
126,410
127,411
127,415
128,416
128,420
129,421
129,426
130,427
130,433
131,434
131,439
132,440
132,445
133,446
133,451
134,452
134,456
135,457
135,463
136,464
136,469
137,470
137,476
138,477
138,483
139,484
139,491
140,492
140,515
139,516
139,525
138,526
138,534
137,535
137,541
136,542
136,545
135,546
135,548
134,549
134,550
133,551
133,552
132,553
132,554
130,556
130,557
118,569
117,569
114,572
113,572
108,577
108,579
107,580
107,583
106,584
110,588
129,588
130,587
137,587
138,586
145,586
146,585
151,585
152,584
157,584
158,583
162,583
163,582
167,582
168,581
172,581
173,580
177,580
178,579
181,579
185,575
185,574
186,573
186,571
187,570
187,568
188,567
188,561
189,560
189,555
190,554
190,544
191,543
191,528
192,527
192,461
193,460
193,443
194,442
194,434
195,433
195,429
196,428
196,425
197,424
197,421
198,420
198,417
199,416
199,413
200,412
200,409
201,408
201,406
202,405
202,402
203,401
203,399
204,398
204,396
205,395
205,393
206,392
206,390
207,389
207,388
210,385
211,385
212,384
216,384
217,383
224,383
225,382
277,382
278,383
303,383
304,384
332,384
339,391
339,392
340,393
340,394
341,395
341,396
342,397
342,398
343,399
343,400
344,401
344,402
345,403
345,404
346,405
346,406
347,407
347,408
348,409
348,410
349,411
349,412
351,414
351,415
352,416
352,417
353,418
353,419
354,420
354,421
355,422
355,423
356,424
356,425
357,426
357,427
358,428
358,430
359,431
359,432
360,433
360,434
361,435
361,436
362,437
362,438
364,440
364,441
365,442
365,443
367,445
367,446
368,447
368,448
369,449
369,450
371,452
371,453
372,454
372,455
373,456
373,457
374,458
374,459
375,460
375,461
376,462
376,463
377,464
377,465
378,466
378,467
379,468
379,469
380,470
380,471
381,472
381,473
382,474
382,475
383,476
383,478
384,479
384,493
383,494
383,497
382,498
382,501
381,502
381,506
380,507
380,510
379,511
379,514
378,515
378,518
377,519
377,521
376,522
376,524
375,525
375,528
374,529
374,531
373,532
373,533
372,534
372,535
365,542
359,542
358,543
356,543
355,544
353,544
352,545
350,545
349,546
347,546
346,547
344,547
343,548
342,548
340,550
339,550
331,558
331,559
328,562
328,563
327,564
327,567
329,567
330,568
335,568
336,569
345,569
346,570
361,570
362,569
378,569
379,568
385,568
387,566
387,565
389,563
389,562
390,561
390,560
391,559
391,558
392,557
392,556
393,555
393,554
394,553
394,552
395,551
395,550
396,549
396,548
397,547
397,546
398,545
398,544
399,543
399,542
400,541
400,540
401,539
401,538
402,537
402,536
403,535
403,534
404,533
404,532
405,531
405,530
406,529
406,528
407,527
407,525
408,524
408,523
409,522
409,521
410,520
410,519
411,518
411,516
412,515
412,514
413,513
413,512
414,511
414,510
415,509
415,508
416,507
416,506
417,505
417,504
418,503
418,501
419,500
419,498
420,497
420,496
421,495
421,493
422,492
422,490
423,489
423,487
424,486
424,483
425,482
425,468
424,467
424,462
423,461
423,448
425,446
426,446
427,447
428,447
429,448
430,448
433,451
434,451
437,454
438,454
442,458
443,458
447,462
448,462
453,467
454,467
471,484
471,485
474,488
474,489
476,491
476,492
477,493
477,494
478,495
478,496
479,497
479,498
480,499
480,500
481,501
481,502
482,503
482,505
483,506
483,508
484,509
484,511
485,512
485,515
486,516
486,519
487,520
487,524
488,525
488,529
489,530
489,537
490,538
490,545
491,546
491,562
490,563
490,564
489,565
489,566
486,569
486,570
483,573
483,574
482,575
482,577
481,578
481,581
482,582
482,583
483,584
486,584
487,585
492,585
493,586
509,586
510,585
525,585
526,584
526,574
525,573
525,568
524,567
524,563
523,562
523,559
522,558
522,554
521,553
521,549
520,548
520,544
519,543
519,539
518,538
518,535
517,534
517,530
516,529
516,525
515,524
515,521
514,520
514,516
513,515
513,511
512,510
512,506
511,505
511,502
510,501
510,496
509,495
509,491
508,490
508,486
507,485
507,481
506,480
506,472
505,471
505,466
506,465
506,456
507,455
507,449
508,448
508,442
509,441
509,434
510,433
510,425
511,424
511,414
512,413
512,404
513,403
513,392
514,391
514,358
515,357
515,347
514,346
514,337
513,336
513,331
512,330
512,327
511,326
511,323
510,322
510,320
509,319
509,318
508,317
508,315
507,314
507,312
506,311
506,310
505,309
505,308
504,307
504,306
503,305
503,303
501,301
501,300
500,299
500,298
499,297
499,296
498,295
498,294
497,293
497,292
495,290
495,289
494,288
494,287
493,286
493,285
491,283
491,282
490,281
490,280
488,278
488,277
486,275
486,274
484,272
484,271
483,270
483,269
481,267
481,266
479,264
479,263
476,260
476,259
474,257
474,256
470,252
470,251
455,236
454,236
453,235
452,235
450,233
449,233
448,232
446,232
445,231
443,231
442,230
438,230
437,229
429,229
428,228
414,228
413,227
408,227
407,226
403,226
402,225
398,225
397,224
393,224
392,223
389,223
388,222
382,222
381,221
376,221
375,220
369,220
368,219
364,219
363,218
358,218
357,217
343,217
342,218
320,218
319,217
314,217
313,216
309,216
308,215
305,215
304,214
300,214
299,213
293,213
292,212
288,212
287,211
283,211
282,210
277,210
276,209
271,209
270,208
267,208
266,207
263,207
262,206
259,206
258,205
255,205
254,204
251,204
250,203
248,203
247,202
244,202
243,201
241,201
240,200
238,200
237,199
234,199
233,198
231,198
230,197
227,197
226,196
224,196
223,195
221,195
219,193
218,193
217,192
216,192
215,191
214,191
212,189
211,189
209,187
208,187
190,169
190,168
179,157
179,156
175,152
175,150
176,149
176,146
177,145
177,144
178,143
178,142
179,141
179,139
180,138
180,133
177,130
176,130
173,127
172,127
169,124
168,124
166,122
165,122
163,120
162,120
159,117
157,117
156,116
154,116
152,114
151,114
147,110
146,110
144,108
143,108
138,103
137,103
133,99
133,98
126,91
126,90
121,85
121,84
105,68
104,68
101,65
100,65
98,63
97,63
96,62
95,62
94,61
93,61
90,58
89,58
84,53
84,52
82,50
82,49
81,48
81,47
80,46
80,45
79,44
79,42
78,41
78,39
77,38
77,37
76,36
76,35
75,34
75,33
74,32
74,31
73,30
73,29
71,27
71,26
69,24
69,23
66,20
66,19
63,16
62,16
59,13
55,13
