849
480,24
479,25
477,25
475,27
474,27
473,28
472,28
464,36
464,37
460,41
458,39
458,25
453,25
452,26
450,26
449,27
448,27
446,29
445,29
442,32
441,32
437,36
436,36
435,37
434,37
433,38
432,38
430,40
430,41
427,44
427,45
426,46
426,47
425,48
425,49
424,50
424,51
423,52
423,53
420,56
418,56
417,57
415,57
414,58
413,58
412,59
411,59
410,60
409,60
406,63
405,63
402,66
401,66
400,67
399,67
398,68
397,68
396,69
393,69
392,70
389,70
388,71
382,71
381,72
375,72
374,73
369,73
368,74
358,74
357,75
354,75
353,76
349,76
348,77
339,77
338,78
334,78
333,79
328,79
327,80
325,80
324,81
285,81
284,80
281,80
280,79
278,79
277,78
275,78
274,77
272,77
271,76
269,76
268,75
267,75
266,74
263,74
262,73
255,73
254,74
244,74
243,75
233,75
232,76
229,76
228,77
227,77
225,79
224,79
223,80
222,80
221,81
220,81
219,82
218,82
217,83
215,83
214,84
213,84
212,85
210,85
209,86
208,86
207,87
206,87
205,88
204,88
202,90
201,90
200,91
199,91
198,92
197,92
196,93
195,93
194,94
193,94
192,95
191,95
189,97
189,98
184,103
183,103
177,109
177,110
167,120
167,121
166,122
166,123
165,124
165,125
162,128
162,129
160,131
160,132
158,134
158,135
155,138
155,139
154,140
154,141
152,143
152,144
150,146
150,147
149,148
149,149
148,150
148,151
147,152
147,154
146,155
146,158
145,159
145,164
144,165
144,172
143,173
143,175
141,177
141,178
139,180
139,181
137,183
137,184
136,185
136,186
135,187
135,188
134,189
134,190
132,192
132,193
130,195
130,196
128,198
128,199
127,200
127,201
120,208
119,208
118,209
117,209
116,210
114,210
113,211
97,211
96,210
94,210
93,209
87,209
86,208
84,208
80,204
79,204
77,202
76,202
75,201
74,201
73,200
71,200
70,199
68,199
67,198
64,198
63,197
59,197
58,196
56,196
55,195
52,195
51,194
48,194
47,193
40,193
39,192
37,192
36,193
34,193
32,195
32,197
31,198
31,200
30,201
30,203
29,204
29,207
28,208
28,214
29,215
29,218
30,219
30,221
31,222
31,223
32,224
32,225
35,228
35,229
42,236
43,236
47,240
48,240
55,247
56,247
58,249
59,249
61,251
62,251
63,252
64,252
65,253
66,253
67,254
68,254
69,255
70,255
71,256
72,256
75,259
76,259
77,260
78,260
81,263
82,263
84,265
85,265
87,267
88,267
90,269
91,269
93,271
94,271
100,277
101,277
108,284
110,284
111,285
141,285
142,284
143,284
144,283
145,283
147,285
147,289
146,290
146,291
145,292
145,294
144,295
144,297
143,298
143,300
142,301
142,303
141,304
141,306
140,307
140,311
139,312
139,315
138,316
138,317
137,318
137,321
136,322
136,325
135,326
135,333
136,334
136,339
137,340
137,342
138,343
138,344
139,345
154,345
155,344
157,344
158,343
174,343
174,332
173,331
173,330
172,329
172,328
171,327
171,326
169,324
169,321
168,320
168,290
169,289
169,285
170,284
170,282
171,281
171,279
172,278
172,277
173,276
173,275
178,270
179,270
179,269
192,256
193,256
197,252
198,252
201,249
202,249
205,246
205,245
208,242
208,241
209,240
209,239
210,238
210,237
211,236
211,235
212,234
212,232
213,231
213,230
217,226
219,226
220,225
221,225
223,223
226,223
227,224
227,225
228,226
228,227
229,228
229,230
230,231
230,232
232,234
232,236
233,237
233,258
232,259
232,262
231,263
231,274
230,275
230,276
231,277
231,282
232,283
232,286
233,287
233,289
234,290
234,291
235,292
235,293
236,294
236,296
237,297
237,299
238,300
238,315
239,316
239,319
240,320
240,321
241,322
241,323
242,324
242,327
243,328
243,330
244,331
244,333
245,334
245,337
246,338
246,340
247,341
247,342
250,345
250,346
251,347
258,347
259,348
262,348
263,349
280,349
282,351
282,352
284,354
284,355
285,356
285,357
286,358
286,359
290,363
292,363
293,364
316,364
317,365
328,365
329,364
329,353
328,352
328,351
327,350
327,349
325,347
325,346
323,344
322,344
318,340
318,339
317,338
317,337
316,336
316,333
315,332
315,331
314,330
314,329
313,328
313,327
312,326
312,325
311,324
311,300
312,299
312,296
313,295
313,282
314,281
314,279
315,278
315,277
316,276
316,271
317,270
317,268
318,267
318,260
319,259
319,254
320,253
320,247
321,246
321,244
322,243
322,242
326,238
328,238
329,237
341,237
342,238
343,238
345,240
345,242
346,243
346,245
347,246
347,248
348,249
348,250
349,251
349,252
350,253
350,254
351,255
351,257
352,258
352,259
353,260
353,261
354,262
354,264
355,265
355,266
356,267
356,268
357,269
357,270
358,271
358,273
359,274
359,275
360,276
360,278
361,279
361,281
362,282
362,283
363,284
363,286
364,287
364,289
366,291
366,292
368,294
368,295
371,298
371,299
372,300
372,303
373,304
373,305
374,306
374,308
375,309
375,312
376,313
376,314
378,316
378,317
379,318
379,320
380,321
380,322
381,323
381,324
382,325
382,327
383,328
383,330
384,331
384,333
385,334
385,336
386,337
386,338
387,339
387,340
389,342
389,343
391,345
391,349
392,350
392,353
393,354
393,355
395,357
395,359
396,360
396,363
397,364
397,365
398,365
399,366
400,366
401,367
442,367
443,366
445,366
446,365
447,365
447,357
446,356
446,353
444,351
444,350
440,346
439,346
438,345
436,345
435,344
432,344
431,343
423,343
418,338
418,337
416,335
416,333
414,331
414,330
413,329
413,328
412,327
412,326
411,325
411,324
410,323
410,322
409,321
409,319
408,318
408,315
407,314
407,310
406,309
406,306
405,305
405,303
404,302
404,300
403,299
403,298
402,297
402,294
401,293
401,290
400,289
400,287
399,286
399,284
398,283
398,279
397,278
397,277
396,276
396,273
395,272
395,269
394,268
394,262
393,261
393,259
392,258
392,252
391,251
391,250
392,249
392,248
400,240
400,239
401,238
401,236
402,235
402,227
403,226
403,223
404,222
404,218
405,217
405,215
406,214
406,211
407,210
407,208
408,207
408,205
409,204
409,201
412,198
412,197
416,193
416,192
429,179
430,179
432,177
433,177
434,176
436,176
437,175
438,175
439,174
440,174
441,173
443,173
444,172
445,172
446,171
447,171
448,170
450,170
451,169
454,169
455,168
458,168
459,167
462,167
463,166
465,166
466,165
467,165
468,164
470,164
471,163
472,163
473,162
475,162
476,161
484,161
485,162
487,162
488,163
495,163
496,164
535,164
536,163
538,163
539,162
540,162
541,161
542,161
550,153
551,153
553,151
553,150
555,148
555,137
553,135
553,134
549,130
548,130
546,128
545,128
544,127
543,127
542,126
541,126
540,125
539,125
538,124
537,124
536,123
534,123
533,122
531,122
530,121
529,121
526,118
525,118
524,117
523,117
521,115
520,115
515,110
515,109
514,108
514,107
512,105
512,104
510,102
510,101
509,100
509,99
508,98
508,97
507,96
507,94
506,93
506,92
505,91
505,90
504,89
504,88
501,85
501,84
496,79
496,78
495,78
492,75
492,74
489,71
489,70
488,70
487,69
486,69
485,68
483,68
482,67
480,67
479,66
478,66
475,63
475,62
474,61
474,54
475,53
475,51
476,50
476,49
477,48
477,46
478,45
478,44
479,43
479,42
481,40
481,39
483,37
483,35
486,32
486,31
487,30
487,24
