911
428,36
427,37
424,37
423,38
421,38
420,39
417,39
416,40
415,40
413,42
412,42
411,43
410,43
408,45
407,45
404,48
403,48
402,49
401,49
398,52
397,52
393,56
392,56
385,63
384,63
377,70
376,70
369,77
369,78
364,83
363,83
362,84
362,85
358,89
353,89
352,88
349,88
348,87
344,87
343,86
340,86
339,85
334,85
333,84
330,84
329,83
321,83
320,82
313,82
312,81
307,81
306,80
298,80
297,79
291,79
290,78
272,78
271,77
267,77
266,78
249,78
248,79
244,79
243,80
238,80
237,81
234,81
233,82
229,82
228,83
224,83
223,84
221,84
220,85
218,85
217,86
215,86
214,87
212,87
211,88
209,88
208,89
207,89
206,90
204,90
203,91
201,91
200,92
199,92
198,93
197,93
196,94
195,94
194,95
193,95
192,96
191,96
190,97
189,97
188,98
187,98
186,99
182,99
180,97
180,96
177,93
177,92
175,90
175,89
171,85
171,84
159,72
159,71
158,71
152,65
151,65
147,61
146,61
144,59
143,59
140,56
139,56
138,55
137,55
136,54
135,54
133,52
132,52
131,51
130,51
129,50
128,50
127,49
125,49
124,48
120,48
119,47
110,47
109,48
106,48
105,49
104,49
102,51
102,52
99,55
99,56
98,57
98,59
97,60
97,63
96,64
96,70
95,71
95,93
96,94
96,106
97,107
97,117
98,118
98,122
99,123
99,129
100,130
100,133
101,134
101,139
102,140
102,143
103,144
103,149
104,150
104,155
105,156
105,159
106,160
106,163
107,164
107,167
108,168
108,170
109,171
109,174
110,175
110,177
111,178
111,188
110,189
110,204
109,205
109,217
108,218
108,235
109,236
109,248
110,249
110,261
111,262
111,270
112,271
112,274
113,275
113,279
114,280
114,283
115,284
115,287
116,288
116,290
117,291
117,294
118,295
118,298
119,299
119,301
120,302
120,304
121,305
121,306
122,307
122,308
123,309
123,310
124,311
124,313
125,314
125,315
126,316
126,317
127,318
127,320
128,321
128,322
130,324
130,325
131,326
131,327
133,329
133,330
134,331
134,332
137,335
137,336
142,341
142,342
147,347
147,348
144,351
143,351
133,361
133,362
129,366
129,367
126,370
126,371
120,377
120,378
119,379
119,380
118,381
118,382
114,386
114,387
113,388
113,389
111,391
111,392
110,393
110,395
109,396
109,397
107,399
107,400
106,401
106,402
105,403
105,404
104,405
104,407
103,408
103,410
102,411
102,412
101,413
101,414
100,415
100,416
99,417
99,419
98,420
98,422
97,423
97,426
96,427
96,430
94,432
90,432
89,431
87,431
86,430
84,430
83,429
80,429
79,428
74,428
73,427
65,427
64,426
63,426
62,427
57,427
56,428
54,428
53,429
52,429
50,431
49,431
46,434
46,435
44,437
44,438
43,439
43,440
41,442
41,443
40,444
40,446
39,447
39,451
38,452
38,462
39,463
39,466
40,467
40,468
42,470
42,471
43,471
45,473
46,473
47,474
49,474
50,475
59,475
60,474
65,474
66,473
75,473
76,474
81,474
82,475
85,475
86,476
89,476
90,477
93,477
97,481
97,482
98,483
98,484
99,485
99,486
100,487
100,488
102,490
102,491
104,493
104,494
105,495
105,496
110,501
110,502
112,504
112,505
115,508
116,508
119,511
120,511
123,514
124,514
126,516
127,516
128,517
129,517
131,519
132,519
134,521
135,521
136,522
138,522
139,523
140,523
141,524
142,524
143,525
145,525
147,527
149,527
150,528
151,528
152,529
155,529
156,530
159,530
160,531
163,531
164,532
167,532
168,533
170,533
171,534
175,534
176,535
179,535
180,536
189,536
190,537
203,537
204,538
219,538
220,539
223,539
224,540
226,540
227,541
228,541
229,542
230,542
231,543
233,543
234,544
237,544
238,545
240,545
241,546
243,546
244,547
245,547
246,548
248,548
249,549
251,549
252,550
255,550
256,551
261,551
262,552
265,552
266,553
272,553
273,554
286,554
287,553
289,553
290,552
291,552
292,551
293,551
296,548
296,546
297,545
297,535
296,534
296,532
294,530
294,529
292,527
292,526
291,525
291,524
285,518
285,517
282,514
285,511
287,511
288,510
289,510
290,509
292,509
293,508
295,508
297,506
298,506
303,501
304,501
305,500
309,500
310,501
311,501
312,502
314,502
315,503
317,503
318,504
320,504
321,505
324,505
327,508
327,510
328,511
328,517
329,518
329,521
330,522
330,524
331,525
331,526
332,527
332,528
333,529
333,530
334,531
334,532
335,533
335,534
336,535
336,536
338,538
338,539
342,543
342,544
348,550
349,550
351,552
352,552
355,555
356,555
358,557
359,557
360,558
361,558
362,559
363,559
364,560
366,560
367,561
369,561
370,562
372,562
373,563
376,563
377,564
402,564
403,563
405,563
406,562
408,562
409,561
411,561
412,560
414,560
415,559
417,559
418,558
419,558
420,557
421,557
424,554
425,554
427,552
428,552
433,547
434,547
436,545
436,544
438,542
438,541
443,536
443,535
444,534
444,532
445,531
445,530
446,529
446,528
447,527
447,525
449,523
449,521
450,520
450,517
451,516
451,510
452,509
452,495
451,494
451,487
450,486
450,484
449,483
449,481
448,480
448,479
447,478
447,476
445,474
445,472
444,471
444,470
443,469
443,468
438,463
438,462
436,460
436,459
434,457
433,457
426,450
425,450
424,449
423,449
422,448
421,448
420,447
419,447
417,445
416,445
415,444
414,444
413,443
411,443
410,442
407,442
406,441
403,441
402,440
399,440
398,439
381,439
380,440
377,440
376,441
373,441
372,442
369,442
368,443
366,443
365,444
364,444
363,445
362,445
361,446
360,446
359,447
358,447
356,449
355,449
354,450
353,450
347,456
346,456
345,457
344,457
344,458
343,459
343,460
338,465
336,465
335,464
335,459
336,458
336,455
337,454
337,453
338,452
338,450
339,449
339,447
340,446
340,444
341,443
341,441
342,440
342,437
343,436
343,431
344,430
344,428
345,427
345,424
346,423
346,420
349,417
351,417
352,416
355,416
356,415
359,415
360,414
361,414
362,415
365,415
366,416
385,416
386,415
388,415
389,414
391,414
392,413
393,413
394,412
395,412
396,411
397,411
397,410
399,408
399,407
400,406
400,395
399,394
399,393
398,392
398,391
396,389
396,388
394,386
394,385
389,380
388,380
386,378
385,378
384,377
383,377
382,376
381,376
380,375
379,375
378,374
377,374
376,373
375,373
374,372
373,372
372,371
375,368
376,368
377,367
379,367
380,366
381,366
382,365
383,365
384,364
385,364
386,363
387,363
389,361
391,361
392,360
394,360
397,357
398,357
399,356
400,356
402,354
403,354
404,353
405,353
407,351
408,351
408,350
411,347
413,347
415,345
415,344
419,340
420,340
422,338
422,337
428,331
428,330
429,329
429,328
431,326
431,325
433,323
433,322
434,321
434,320
435,319
435,318
436,317
436,316
437,315
437,314
438,313
438,312
439,311
439,310
440,309
440,307
441,306
441,305
442,304
442,303
443,302
443,300
444,299
444,297
445,296
445,291
446,290
446,287
447,286
447,282
448,281
448,276
449,275
449,236
448,235
448,230
447,229
447,222
446,221
446,218
445,217
445,211
444,210
444,206
443,205
443,202
442,201
442,199
441,198
441,196
440,195
440,193
439,192
439,190
438,189
438,187
437,186
437,183
436,182
436,179
435,178
435,176
434,175
434,174
433,173
433,171
432,170
432,169
431,168
431,166
430,165
430,164
429,163
429,161
428,160
428,158
427,157
427,155
426,154
427,153
427,151
428,150
428,148
429,147
429,144
430,143
430,141
431,140
431,138
432,137
432,136
433,135
433,133
434,132
434,130
435,129
435,127
436,126
436,122
437,121
437,119
438,118
438,116
439,115
439,112
440,111
440,109
441,108
441,106
442,105
442,102
443,101
443,98
444,97
444,92
445,91
445,84
446,83
446,78
447,77
447,54
446,53
446,50
445,49
445,47
444,46
444,45
443,44
443,43
439,39
438,39
437,38
435,38
434,37
432,37
431,36
428,36
