2297
329,206
328,207
328,209
327,210
328,211
328,214
329,215
329,216
331,218
331,219
335,223
335,224
340,229
340,230
352,242
352,243
353,244
353,245
355,247
355,251
356,252
356,254
358,256
358,258
359,259
359,260
360,261
360,262
361,263
361,264
362,265
362,267
363,268
363,272
362,273
362,274
360,276
360,277
354,283
353,283
351,285
350,285
349,286
348,286
346,288
345,288
342,291
340,291
339,292
320,292
317,289
317,288
315,286
315,285
311,281
304,281
300,285
299,285
297,287
296,287
295,288
294,288
293,289
290,289
289,290
285,290
284,291
282,291
281,290
280,290
278,288
277,288
276,287
276,286
275,285
275,284
274,283
270,283
269,282
267,282
266,281
265,281
264,280
263,280
262,279
260,279
258,281
258,282
257,283
257,284
256,285
256,287
255,288
255,295
257,297
257,299
258,300
258,304
259,305
259,309
256,312
255,312
254,313
252,313
251,314
249,314
248,315
247,315
246,316
244,316
243,317
242,317
241,318
240,318
239,319
239,320
238,321
238,323
239,324
242,324
244,326
247,326
248,327
250,327
251,328
253,328
254,329
255,329
256,330
257,330
258,331
259,331
265,337
265,338
266,339
266,340
267,341
267,346
266,347
266,350
265,351
265,356
264,357
264,365
263,366
263,368
262,369
262,370
261,371
261,372
260,373
260,374
258,376
258,377
257,378
257,379
255,381
255,382
254,383
254,385
252,387
252,388
251,389
251,390
249,392
249,394
248,395
248,397
247,398
247,400
246,401
246,403
245,404
245,406
246,407
246,408
247,409
248,409
249,410
250,410
251,409
253,409
254,408
255,408
257,406
257,405
258,404
258,403
259,402
259,401
260,400
260,397
261,396
261,394
262,393
262,389
263,388
262,388
262,393
261,394
261,396
260,397
260,400
258,402
258,403
257,404
257,405
254,408
253,408
252,409
251,409
250,410
249,410
245,406
245,404
246,403
246,401
247,400
247,398
248,397
248,395
249,394
249,393
251,391
251,390
252,389
252,388
253,387
253,386
254,385
254,384
255,383
255,382
257,380
257,379
258,378
258,377
260,375
260,374
261,373
261,372
262,371
262,370
263,369
263,366
264,365
264,357
265,356
265,351
266,350
266,347
267,346
267,341
266,340
266,338
265,337
265,336
260,331
259,331
258,330
257,330
256,329
254,329
253,328
251,328
250,327
248,327
247,326
245,326
243,324
240,324
238,322
238,321
241,318
242,318
244,316
246,316
247,315
249,315
250,314
251,314
252,313
255,313
256,312
257,312
259,310
259,305
258,304
258,300
257,299
257,297
256,296
256,295
255,294
255,288
256,287
256,286
257,285
257,284
258,283
258,282
259,281
259,280
260,279
261,279
262,280
263,280
264,281
265,281
266,282
269,282
270,283
273,283
276,286
276,288
277,288
279,290
280,290
281,291
284,291
285,290
289,290
290,289
294,289
295,288
296,288
297,287
298,287
300,285
301,285
305,281
310,281
315,286
315,287
317,289
317,290
319,292
339,292
340,291
343,291
346,288
347,288
349,286
350,286
351,285
352,285
354,283
355,283
360,278
360,277
362,275
362,273
363,272
363,268
362,267
362,265
361,264
361,262
360,261
360,260
359,259
359,258
358,257
358,256
357,255
357,254
356,253
356,252
355,251
355,247
354,246
354,245
353,244
353,243
352,242
352,241
340,229
340,228
335,223
335,222
331,218
331,217
329,215
329,214
328,213
328,211
327,210
328,209
328,208
330,206
335,206
337,208
338,208
341,211
341,212
343,214
343,215
344,216
344,217
346,219
346,220
347,221
347,222
349,224
349,225
350,226
350,228
359,237
360,237
362,239
363,239
364,240
366,240
367,241
368,241
371,244
371,246
373,248
375,248
377,250
378,250
379,251
380,251
382,253
383,253
385,255
386,255
387,256
390,256
391,257
396,257
397,258
406,258
407,257
411,257
412,256
416,256
417,255
419,255
420,254
422,254
423,253
424,253
425,252
426,252
428,250
429,250
430,249
431,249
432,248
434,248
435,247
436,248
437,248
438,249
438,252
437,253
437,254
436,255
436,256
435,257
435,258
434,259
434,260
432,262
432,263
424,271
424,275
423,276
423,277
424,278
424,280
426,282
426,283
431,288
431,289
432,290
433,290
437,294
437,295
439,297
439,300
436,303
433,303
432,304
428,304
427,305
424,305
424,306
423,307
423,309
422,310
422,312
421,313
421,314
420,315
420,316
417,319
413,319
412,318
411,318
410,317
408,317
407,316
405,316
404,315
401,315
400,314
390,314
389,315
387,315
384,318
384,319
383,320
383,322
380,325
378,325
376,327
375,327
374,328
373,328
369,332
369,337
373,341
374,341
375,342
376,342
377,343
378,343
379,344
380,344
382,346
382,348
384,350
385,350
386,351
387,351
388,352
389,352
390,353
391,353
393,355
394,355
396,357
397,357
398,358
400,358
401,359
405,359
406,360
420,360
421,359
425,359
426,358
428,358
429,357
431,357
432,356
434,356
435,355
436,355
437,354
438,354
439,353
440,353
441,352
442,352
443,351
444,351
445,350
448,350
449,351
449,356
448,357
448,358
447,359
447,360
445,362
445,363
442,366
442,367
436,373
436,375
435,376
435,382
436,383
436,384
441,389
441,390
444,393
445,393
447,395
447,396
451,400
451,402
448,405
446,405
445,406
441,406
440,407
437,407
436,408
435,408
435,410
434,411
434,413
433,414
433,415
432,416
432,417
427,422
426,422
425,421
423,421
422,420
421,420
420,419
419,419
418,418
415,418
414,417
410,417
409,416
408,417
400,417
399,418
398,418
395,421
395,423
391,427
390,427
389,428
388,428
385,431
384,431
382,433
379,433
376,430
376,429
375,428
375,427
374,426
374,425
373,424
373,419
374,418
374,407
373,406
373,403
372,403
371,402
365,402
364,401
360,401
359,400
354,400
353,399
352,399
351,398
351,396
355,392
356,392
358,390
359,390
360,389
361,389
362,388
363,388
366,385
367,385
372,380
372,379
373,378
373,376
374,375
374,369
373,368
373,366
372,365
372,364
371,363
371,362
370,361
370,360
369,359
369,358
368,357
368,355
367,354
367,352
366,351
366,348
365,347
365,346
364,345
364,344
350,330
350,329
346,325
346,324
344,322
344,321
341,318
341,317
339,315
339,311
341,309
342,309
343,308
346,308
347,309
348,309
353,314
353,315
354,316
354,317
356,319
356,320
357,321
357,322
358,323
358,324
359,325
359,327
360,328
360,329
361,328
362,329
362,325
361,324
361,319
362,318
362,316
363,315
363,308
362,307
362,302
360,300
358,300
357,299
350,299
349,298
339,298
338,299
336,299
335,300
334,300
333,301
333,302
330,305
330,306
328,308
328,309
327,310
327,311
326,312
326,314
325,315
325,317
324,318
324,320
325,321
325,323
326,324
326,325
328,327
329,327
331,329
332,329
335,332
336,332
341,337
341,338
343,340
343,341
344,342
344,345
342,347
341,346
337,346
336,345
334,345
333,344
330,344
329,343
323,343
322,342
313,342
312,343
309,343
308,344
304,344
303,345
301,345
300,346
299,346
298,347
297,347
296,348
295,348
294,349
293,349
291,351
290,351
290,352
284,358
283,358
280,361
280,364
279,365
279,366
277,368
276,368
269,375
269,379
270,380
270,381
272,381
274,383
276,383
277,384
279,384
280,385
283,385
284,386
285,386
287,388
287,390
288,390
290,392
291,392
292,393
297,393
298,392
303,392
304,391
305,391
306,390
307,390
308,389
309,389
310,388
311,388
312,387
313,387
316,384
317,384
318,383
321,383
326,388
326,389
327,390
327,391
330,394
340,394
341,395
343,395
345,397
345,403
344,404
344,405
341,408
341,409
339,411
339,412
338,413
338,414
337,415
337,417
336,418
336,424
337,425
337,427
339,429
340,429
342,431
343,431
346,434
347,434
352,439
352,440
354,442
354,443
356,445
356,447
355,448
354,448
353,449
351,449
350,448
347,448
346,447
344,447
343,446
340,446
339,445
320,445
319,446
317,446
316,447
314,447
313,448
311,448
310,449
309,449
308,450
307,450
306,451
305,451
303,453
302,453
300,455
300,456
297,459
296,459
292,463
292,466
287,471
286,471
282,475
282,476
281,477
281,481
282,482
282,483
283,484
284,484
285,485
287,485
288,486
290,486
291,487
293,487
294,488
296,488
298,490
298,491
301,494
302,494
303,495
305,495
306,496
307,495
310,495
311,494
315,494
316,493
318,493
319,492
320,492
321,491
322,491
324,489
325,489
328,486
329,486
330,485
332,485
338,491
338,492
340,494
340,495
341,496
342,496
343,497
355,497
356,496
362,496
363,495
366,495
367,494
368,494
370,492
371,492
372,491
373,491
375,489
376,489
379,486
380,486
380,485
384,481
384,479
385,478
385,469
384,468
384,467
383,466
383,465
382,464
382,463
381,462
381,461
380,460
380,459
379,458
379,457
378,456
378,453
377,452
377,450
376,449
376,448
374,446
374,445
364,435
364,434
358,428
358,427
354,423
354,422
352,420
352,419
351,418
351,417
350,416
350,414
354,410
356,410
357,411
358,411
359,412
360,412
363,415
363,416
366,419
366,420
367,421
367,422
369,424
369,425
370,426
370,427
371,428
371,429
372,430
372,431
373,432
373,433
374,434
374,435
375,436
376,436
382,442
383,442
384,443
385,443
386,444
387,444
388,445
389,445
390,446
391,446
394,449
394,451
395,452
396,452
397,453
398,453
399,454
400,454
401,455
402,455
405,458
406,458
408,460
410,460
411,461
414,461
415,462
434,462
435,461
438,461
439,460
441,460
442,459
443,459
444,458
446,458
447,457
448,457
449,456
450,456
451,455
452,455
453,454
454,454
456,452
459,452
460,453
460,458
459,459
459,460
458,461
458,462
457,463
457,464
455,466
455,467
449,473
449,474
447,476
447,479
446,480
446,482
447,483
447,485
449,487
449,488
455,494
455,495
456,496
457,496
458,497
459,497
460,498
462,498
463,499
471,499
472,498
474,498
475,497
477,497
478,496
479,496
480,495
482,495
483,494
484,494
485,493
486,493
487,492
487,488
486,487
486,482
485,481
485,478
484,477
484,476
482,474
482,473
481,472
481,469
482,468
482,466
481,465
479,465
479,469
478,470
478,475
477,476
477,478
476,479
476,480
475,481
475,482
474,483
474,484
469,489
465,489
462,486
462,481
463,480
463,479
464,478
464,477
465,476
465,475
466,474
466,472
467,471
467,470
468,469
468,468
469,467
469,466
471,464
471,463
472,462
472,461
474,459
474,458
475,457
475,456
477,454
477,453
478,452
478,451
479,450
479,449
480,448
480,441
481,440
481,435
482,434
482,431
483,430
483,426
484,425
484,421
483,420
483,419
482,418
482,416
476,410
475,410
474,409
472,409
471,408
469,408
468,407
466,407
465,406
464,406
463,405
462,405
461,404
459,404
456,401
456,399
458,397
459,397
460,396
462,396
463,395
465,395
466,394
467,394
468,393
470,393
471,392
473,392
475,390
475,382
474,381
474,378
473,377
473,375
472,374
472,373
471,372
471,371
470,370
470,364
469,365
468,364
468,365
467,366
467,371
466,372
466,374
465,375
465,377
464,378
464,379
463,380
463,381
457,387
454,387
451,384
451,378
452,377
452,376
453,375
453,373
454,372
454,371
455,370
455,369
457,367
457,366
458,365
458,363
460,361
460,360
461,359
461,358
462,357
462,356
464,354
464,353
466,351
466,350
467,349
467,348
468,347
468,344
469,343
469,335
470,334
470,330
471,329
471,325
472,324
472,317
471,316
471,314
470,313
470,312
469,311
468,311
465,308
464,308
463,307
462,307
461,306
459,306
458,305
456,305
455,304
453,304
452,303
451,303
450,302
448,302
445,299
445,297
448,294
449,294
450,293
453,293
454,292
455,292
456,291
457,291
458,290
460,290
461,289
462,289
464,287
464,282
463,281
463,277
462,276
462,273
461,272
461,271
459,269
459,262
459,270
461,272
461,273
462,274
462,276
463,277
463,281
464,282
464,286
461,289
460,289
459,290
458,290
457,291
455,291
454,292
453,292
452,293
450,293
449,294
447,294
445,296
445,300
446,301
447,301
448,302
449,302
450,303
452,303
453,304
455,304
456,305
458,305
459,306
460,306
461,307
462,307
463,308
464,308
467,311
468,311
470,313
470,314
471,315
471,316
472,317
472,324
471,325
471,329
470,330
470,334
469,335
469,343
468,344
468,346
467,347
467,348
466,349
466,350
464,352
464,353
462,355
462,356
461,357
461,358
460,359
460,360
459,361
459,362
458,363
458,364
457,365
457,366
455,368
455,369
454,370
454,372
453,373
453,374
452,375
452,377
451,378
451,385
453,387
457,387
458,386
459,386
463,382
463,381
464,380
464,379
465,378
465,375
466,374
466,372
467,371
467,367
469,365
470,366
470,370
471,371
471,373
472,374
472,375
473,376
473,377
474,378
474,381
475,382
475,389
472,392
471,392
470,393
468,393
467,394
465,394
464,395
463,395
462,396
460,396
459,397
457,397
456,398
456,402
457,403
458,403
459,404
460,404
461,405
462,405
463,406
465,406
466,407
468,407
469,408
471,408
472,409
473,409
474,410
475,410
482,417
482,418
483,419
483,420
484,421
484,425
483,426
483,430
482,431
482,434
481,435
481,440
480,441
480,448
479,449
479,450
477,452
477,453
475,455
475,456
474,457
474,458
472,460
472,461
471,462
471,463
469,465
469,466
468,467
468,468
467,469
467,471
466,472
466,473
465,474
465,475
464,476
464,478
463,479
463,480
462,481
462,486
463,487
463,488
464,489
470,489
474,485
474,484
475,483
475,482
476,481
476,479
477,478
477,476
478,475
478,470
479,469
479,466
480,465
482,467
482,468
481,469
481,472
482,473
482,475
484,477
484,478
485,479
485,481
486,482
486,487
487,488
487,491
485,493
484,493
482,495
479,495
478,496
477,496
476,497
475,497
474,498
472,498
471,499
463,499
462,498
461,498
460,497
459,497
458,496
457,496
455,494
455,493
449,487
449,486
447,484
447,483
446,482
446,480
447,479
447,477
449,475
449,474
455,468
455,467
457,465
457,464
458,463
458,462
459,461
459,460
460,459
460,452
456,452
455,453
454,453
453,454
452,454
451,455
450,455
449,456
448,456
447,457
446,457
445,458
444,458
443,459
441,459
440,460
439,460
438,461
435,461
434,462
415,462
414,461
411,461
410,460
409,460
407,458
406,458
403,455
402,455
401,454
400,454
399,453
398,453
397,452
396,452
394,450
394,449
393,448
393,447
392,446
390,446
388,444
387,444
386,443
385,443
384,442
383,442
377,436
376,436
374,434
374,433
373,432
373,431
372,430
372,429
371,428
371,427
370,426
370,425
369,424
369,423
367,421
367,420
366,419
366,418
363,415
363,414
361,412
360,412
359,411
357,411
356,410
354,410
353,411
352,411
351,412
351,413
350,414
350,416
351,417
351,419
352,420
352,421
354,423
354,424
358,428
358,429
364,435
364,436
374,446
374,447
376,449
376,450
377,451
377,452
378,453
378,456
379,457
379,459
380,460
380,461
381,462
381,463
382,464
382,465
383,466
383,467
384,468
384,469
385,470
385,478
384,479
384,480
381,483
381,484
379,486
378,486
375,489
374,489
372,491
371,491
370,492
369,492
367,494
366,494
365,495
363,495
362,496
356,496
355,497
343,497
340,494
340,493
338,491
338,490
334,486
333,486
332,485
330,485
329,486
327,486
324,489
323,489
321,491
320,491
319,492
318,492
317,493
316,493
315,494
311,494
310,495
307,495
306,496
305,495
304,495
303,494
302,494
298,490
298,489
297,488
294,488
293,487
291,487
290,486
288,486
287,485
286,485
285,484
284,484
281,481
281,477
287,471
288,471
291,468
291,467
292,466
292,464
297,459
298,459
300,457
300,456
303,453
304,453
306,451
307,451
309,449
311,449
312,448
313,448
314,447
316,447
317,446
319,446
320,445
339,445
340,446
343,446
344,447
346,447
347,448
350,448
351,449
353,449
354,448
355,449
356,448
356,445
355,444
355,443
354,442
354,441
352,439
352,438
348,434
347,434
344,431
343,431
341,429
340,429
337,426
337,425
336,424
336,418
337,417
337,416
338,415
338,414
339,413
339,412
341,410
341,409
344,406
344,404
345,403
345,397
344,396
344,395
341,395
340,394
331,394
327,390
327,389
326,388
326,387
322,383
317,383
316,384
315,384
312,387
311,387
310,388
309,388
308,389
307,389
306,390
305,390
303,392
298,392
297,393
293,393
292,392
291,392
289,390
288,390
287,389
287,388
286,387
286,386
284,386
283,385
280,385
279,384
277,384
276,383
275,383
274,382
273,382
272,381
271,381
269,379
269,376
278,367
279,367
279,366
280,365
280,362
284,358
285,358
290,353
290,352
291,351
292,351
294,349
295,349
296,348
297,348
298,347
299,347
300,346
301,346
302,345
303,345
304,344
308,344
309,343
312,343
313,342
322,342
323,343
329,343
330,344
333,344
334,345
336,345
337,346
341,346
342,347
343,346
344,346
344,341
343,340
343,339
341,337
341,336
337,332
336,332
333,329
332,329
330,327
329,327
325,323
325,321
324,320
324,318
325,317
325,315
326,314
326,313
327,312
327,311
328,310
328,309
330,307
330,306
333,303
333,302
335,300
336,300
337,299
338,299
339,298
349,298
350,299
357,299
358,300
359,300
362,303
362,307
363,308
363,315
362,316
362,318
361,319
361,324
362,325
362,327
361,328
359,326
359,324
358,323
358,322
357,321
357,320
356,319
356,318
354,316
354,315
353,314
353,313
349,309
347,309
346,308
342,308
341,309
340,309
339,310
339,315
340,316
340,317
341,318
341,319
344,322
344,323
346,325
346,326
350,330
350,331
364,345
364,346
365,347
365,348
366,349
366,351
367,352
367,355
368,356
368,357
369,358
369,359
370,360
370,362
371,363
371,364
372,365
372,366
373,367
373,368
374,369
374,375
373,376
373,377
372,378
372,379
366,385
365,385
362,388
361,388
360,389
359,389
358,390
357,390
355,392
354,392
351,395
351,399
352,399
353,400
359,400
360,401
364,401
365,402
371,402
373,404
373,406
374,407
374,418
373,419
373,424
374,425
374,427
376,429
376,431
378,433
383,433
385,431
386,431
389,428
390,428
391,427
392,427
394,425
394,424
395,423
395,422
399,418
400,418
401,417
408,417
409,416
410,417
414,417
415,418
417,418
418,419
419,419
420,420
421,420
422,421
425,421
426,422
427,422
428,421
429,421
432,418
432,417
433,416
433,414
434,413
434,411
435,410
435,409
437,407
440,407
441,406
445,406
446,405
449,405
451,403
451,399
447,395
447,394
446,393
445,393
441,389
441,388
436,383
436,382
435,381
435,376
436,375
436,374
442,368
442,367
445,364
445,363
447,361
447,360
448,359
448,357
449,356
449,350
444,350
443,351
442,351
441,352
440,352
439,353
438,353
437,354
436,354
435,355
434,355
433,356
432,356
431,357
429,357
428,358
426,358
425,359
421,359
420,360
406,360
405,359
401,359
400,358
399,358
398,357
397,357
395,355
394,355
392,353
391,353
390,352
389,352
388,351
387,351
386,350
385,350
382,347
382,345
381,344
380,344
379,343
378,343
377,342
376,342
375,341
374,341
369,336
369,333
374,328
375,328
376,327
377,327
379,325
380,325
381,324
382,324
383,323
383,320
388,315
389,315
390,314
400,314
401,315
404,315
405,316
407,316
408,317
409,317
410,318
411,318
412,319
418,319
420,317
420,316
421,315
421,313
422,312
422,310
423,309
423,308
424,307
424,306
425,305
427,305
428,304
432,304
433,303
437,303
439,301
439,296
437,294
437,293
434,290
433,290
431,288
431,287
426,282
426,281
424,279
424,278
423,277
423,276
424,275
424,272
432,264
432,263
434,261
434,260
435,259
435,258
436,257
436,256
437,255
437,253
438,252
438,248
437,247
436,248
435,247
434,248
432,248
431,249
429,249
428,250
427,250
425,252
424,252
423,253
422,253
421,254
420,254
419,255
417,255
416,256
412,256
411,257
407,257
406,258
397,258
396,257
391,257
390,256
388,256
387,255
386,255
384,253
383,253
381,251
380,251
379,250
378,250
377,249
376,249
375,248
374,248
371,245
371,243
369,241
367,241
366,240
365,240
364,239
363,239
361,237
360,237
350,227
350,226
349,225
349,223
347,221
347,220
346,219
346,218
344,216
344,215
343,214
343,213
341,211
341,210
339,208
338,208
336,206
